74.84023437500008 37.225048828124955
74.76738281250016 37.249169921874994
74.73896484375001 37.28564453125006
74.72666015625003 37.29072265625001
74.6689453125 37.266699218750006
74.55898437500014 37.23662109375002
74.37216796875009 37.15771484375003
74.37617187500001 37.13735351562505
74.49794921875014 37.05722656250006
74.52646484375009 37.030664062499966
74.54140625000002 37.02216796875001
74.43105468750002 36.98369140624999
74.19472656250002 36.896875
74.03886718750005 36.82573242187496
74.00185546875008 36.82309570312506
73.90781250000009 36.852929687499994
73.76914062500009 36.88847656249996
73.73183593750002 36.887792968750006
73.41113281250006 36.881689453125006
73.11679687500003 36.868554687499994
72.99375 36.85161132812502
72.76621093750003 36.83500976562499
72.62285156250005 36.82958984375006
72.53134765625003 36.80200195312503
72.43115234375 36.76582031250001
72.32695312499999 36.742382812499955
72.24980468749999 36.734716796875006
72.15673828125006 36.70087890625004
72.09560546875002 36.63374023437504
71.92070312499999 36.5341796875
71.822265625 36.48608398437506
71.77265625000001 36.43183593750001
71.71640625000003 36.42656250000002
71.62050781250002 36.43647460937498
71.5458984375 36.377685546875
71.46328125000008 36.29326171875002
71.31259765625003 36.17119140625002
71.23291015625006 36.12177734375001
71.18505859375006 36.042089843750006
71.22021484375 36.00068359375001
71.34287109375003 35.93852539062496
71.39755859375009 35.88017578124999
71.42753906249999 35.83374023437503
71.48359375000001 35.714599609375
71.51904296875006 35.597509765625034
71.57197265625001 35.54682617187501
71.58740234375006 35.460839843749994
71.60058593750006 35.407910156249955
71.57197265625001 35.37041015624996
71.54550781250003 35.32851562500005
71.54550781250003 35.288867187500045
71.57724609375003 35.24799804687498
71.60527343750005 35.21176757812506
71.62050781250002 35.183007812499966
71.60166015625003 35.15068359374996
71.54550781250003 35.101416015625034
71.51708984375 35.051123046875006
71.455078125 34.966943359374994
71.35810546875007 34.909619140624955
71.29414062500007 34.867724609375045
71.22578125000001 34.77954101562503
71.11328125 34.681591796874955
71.065625 34.59960937500006
71.01630859375007 34.55463867187504
70.965625 34.53037109375006
70.97890625000008 34.486279296874955
71.02294921875 34.43115234375
71.09570312500006 34.36943359374996
71.09238281250009 34.27324218749999
71.08906250000001 34.20405273437501
71.09130859375006 34.120263671874994
71.05156250000005 34.04970703125002
70.84843750000005 33.981884765624955
70.65400390625007 33.952294921874966
70.41572265625001 33.95043945312503
70.32568359375006 33.96113281250001
70.25361328125001 33.975976562499994
69.99472656250003 34.05180664062499
69.8896484375 34.00727539062498
69.86806640625008 33.89765625000004
70.056640625 33.719873046874966
70.13417968750002 33.62075195312502
70.21972656250006 33.454687500000034
70.2841796875 33.369042968749994
70.26113281250002 33.28901367187504
70.09023437500002 33.19809570312498
69.92011718750001 33.1125
69.70371093750009 33.09472656249997
69.56777343750008 33.064160156249955
69.50156250000009 33.020068359375045
69.453125 32.83281249999999
69.40458984375005 32.76425781250006
69.40537109375003 32.68271484375006
69.35947265625009 32.59033203124997
69.28994140625008 32.53056640624996
69.24140625000001 32.43354492187501
69.25654296875001 32.24946289062498
69.279296875 31.93681640624996
69.18691406250002 31.83808593750001
69.08310546875003 31.738476562499983
68.97343749999999 31.667382812499966
68.86894531249999 31.634228515624955
68.78232421875003 31.646435546874955
68.71367187499999 31.70805664062499
68.67324218750002 31.759716796874955
68.59765625000006 31.80297851562497
68.52070312500001 31.79414062500004
68.44326171875002 31.754492187500034
68.31982421875006 31.767675781249977
68.21396484375003 31.80737304687497
68.16103515625002 31.80297851562497
68.13017578125005 31.763281250000063
68.01718750000003 31.677978515625
67.73984375000009 31.548193359375034
67.62675781249999 31.538769531249983
67.57822265625003 31.506494140624966
67.59755859375008 31.453320312499983
67.64707031250003 31.409960937500017
67.73349609375003 31.379248046874977
67.73789062500003 31.343945312499983
67.66152343750002 31.31298828124997
67.59638671875001 31.277685546874977
67.45283203125007 31.234619140625
67.28730468750001 31.217822265625045
67.11591796875001 31.242919921875
67.02773437500008 31.300244140624955
66.92431640625006 31.305615234374983
66.82929687500007 31.26367187499997
66.73134765625008 31.19453125000001
66.62421875000001 31.04604492187505
66.59580078125009 31.019970703124983
66.56679687500002 30.99658203125
66.49736328124999 30.964550781249955
66.39716796875001 30.912207031250034
66.346875 30.802783203125045
66.28691406250005 30.607910156250057
66.30097656250007 30.50297851562499
66.30546874999999 30.321142578124977
66.28183593750009 30.193457031249977
66.23847656250001 30.109619140625057
66.24716796875003 30.04350585937499
66.31337890625002 29.96855468749999
66.28691406250005 29.920019531250063
66.23125 29.86572265625
66.17705078125005 29.835595703124994
65.96162109375001 29.77890625
65.66621093750007 29.701318359374994
65.47099609374999 29.651562499999983
65.18046875000005 29.57763671875003
65.09550781250005 29.559472656249966
64.91894531250006 29.552783203125017
64.82734375000007 29.56416015625004
64.70351562500002 29.56713867187503
64.52109375000009 29.564501953125017
64.39375 29.544335937499994
64.26611328125 29.506933593750006
64.17216796874999 29.460351562500023
64.11796875000005 29.414257812499955
64.09873046875003 29.391943359375034
63.970996093750045 29.43007812499999
63.56757812500001 29.497998046874955
62.47656250000006 29.408349609374994
62.37343750000008 29.425390625
62.00097656250006 29.530419921874994
61.52148437500006 29.665673828125023
61.224414062500045 29.749414062500023
60.843359375000034 29.85869140624999
61.104101562500034 30.12841796874997
61.331640625000034 30.36372070312504
61.55947265625008 30.599365234375
61.784179687500114 30.831933593750023
61.810839843750045 30.913281249999983
61.814257812500045 31.072558593750017
61.75507812500007 31.285302734375023
61.66015625000006 31.382421875
61.346484375000045 31.421630859375
61.110742187500136 31.451123046874955
60.85410156250009 31.483251953125034
60.820703125000136 31.49516601562496
60.791601562500034 31.66059570312501
60.804296875000034 31.734472656250063
60.7875 31.877197265625
60.78994140625008 31.987109375000017
60.827246093750034 32.16796875
60.82929687500007 32.249414062499966
60.710449218750114 32.6
60.644531250000114 32.79438476562498
60.576562500000136 32.99487304687506
60.561914062500136 33.05878906250001
60.56054687500006 33.13784179687505
60.718066406250045 33.323535156250045
60.766894531250045 33.36381835937499
60.85927734375008 33.45625
60.916992187500114 33.505224609375034
60.90693359375007 33.538964843749966
60.80644531250016 33.55869140624998
60.654589843750045 33.56040039062498
60.57382812500009 33.58833007812498
60.510839843750034 33.638916015625
60.485937500000034 33.71191406250003
60.52705078125007 33.84199218749998
60.48574218750008 34.09477539062496
60.57021484375008 34.219628906249994
60.64267578125009 34.30717773437499
60.88945312499999 34.31943359374998
60.80390625000007 34.41801757812499
60.76259765625008 34.47524414062502
60.736132812500045 34.491796875
60.72626953125007 34.51826171874998
60.73945312500018 34.54472656249996
60.80234375000009 34.55463867187504
60.845312500000034 34.58769531250002
60.91474609375007 34.63398437500004
60.95117187500006 34.65385742187499
60.957812500000045 34.71005859374998
60.990820312500034 34.749755859375
61.040429687500136 34.79936523437496
61.080078125000114 34.855615234374966
61.070214843750136 34.921728515625034
61.106640625000125 35.00112304687505
61.12314453125009 35.05073242187501
61.14960937500007 35.09375
61.12646484375006 35.15654296874999
61.106640625000125 35.20947265625003
61.1 35.272314453125034
61.1396484375 35.288867187500045
61.18925781250016 35.31201171875006
61.19921875000006 35.361621093750045
61.225683593750034 35.42446289062505
61.245507812500136 35.47407226562504
61.27851562500001 35.513769531250034
61.28183593750009 35.55341796875004
61.26201171875016 35.61958007812501
61.344726562500114 35.62949218749998
61.37773437499999 35.593115234375034
61.42177734375008 35.545800781249994
61.54277343750016 35.457861328125006
61.62099609375008 35.432324218749955
61.719726562500114 35.41943359375
61.84101562500007 35.43149414062506
61.938085937500034 35.44790039062502
61.983886718750114 35.44370117187506
62.0896484375001 35.37968749999999
62.21308593750007 35.289941406249994
62.25283203125002 35.250244140625
62.27119140625001 35.189111328124966
62.30781250000001 35.170800781249966
62.38662109375002 35.23125
62.462890625000114 35.25136718750005
62.53310546875002 35.23989257812502
62.61054687500007 35.23315429687497
62.688085937500034 35.255322265624955
62.72265625 35.271337890625034
62.858007812500034 35.34965820312499
62.980273437500045 35.40917968750003
63.056640625 35.44580078125003
63.084179687500125 35.56806640624998
63.11933593750018 35.637548828125034
63.169726562500045 35.678125
63.15078125000008 35.72827148437503
63.129980468750034 35.766748046874966
63.108593750000125 35.81870117187498
63.129980468750034 35.84619140625
63.17890625000001 35.85844726562499
63.30166015625008 35.8583984375
63.51699218750008 35.913134765625045
63.696582031250045 35.96782226562499
63.8625 36.012353515624994
63.93808593750009 36.01972656249998
64.00966796875008 36.01210937500005
64.04238281250008 36.02509765625001
64.05136718750003 36.06762695312497
64.09218750000014 36.11269531250002
64.184375 36.14892578125003
64.35800781250009 36.22607421875003
64.51103515624999 36.340673828125006
64.56582031250014 36.427587890625034
64.6025390625 36.55454101562506
64.67431640625006 36.75019531250004
64.753125 36.96479492187498
64.78242187500007 37.05927734375004
64.81630859375002 37.13208007812503
64.95156250000014 37.19355468750004
65.08964843749999 37.23793945312502
65.30361328125008 37.246777343749955
65.55498046875016 37.251171874999955
65.60800781250003 37.36840820312503
65.64121093750003 37.467822265625045
65.68300781250002 37.519140625
65.74384765625018 37.56083984374999
65.76503906250014 37.56914062499999
65.90068359375016 37.50810546874999
66.1083984375 37.41474609374998
66.35029296875018 37.3681640625
66.471875 37.3447265625
66.52226562500005 37.34848632812498
66.82773437500009 37.37128906250001
67.06884765625011 37.334814453125034
67.19550781250007 37.235205078125006
67.31972656250014 37.209570312500006
67.44169921875005 37.25800781250001
67.51728515625007 37.26665039062502
67.54648437500003 37.23564453124999
67.60742187500011 37.22250976562498
67.7 37.22724609374998
67.75292968750011 37.19980468749998
67.75898437500007 37.172216796875034
67.76601562500002 37.14013671875
67.83447265625011 37.06420898437497
67.95800781250006 36.972021484375034
68.06777343750014 36.949804687500034
68.21210937500001 37.02153320312499
68.26093750000001 37.01308593750005
68.28476562500009 37.03632812499998
68.29951171875018 37.08842773437502
68.38691406250001 37.1375
68.54648437500003 37.183447265625006
68.63701171874999 37.224462890625034
68.66914062500007 37.258398437500006
68.72324218750009 37.26801757812501
68.78203125000016 37.25800781250001
68.82373046875011 37.27070312500004
68.83847656250009 37.302832031250006
68.85537109375008 37.31684570312501
68.88525390625011 37.32807617187498
68.91181640625001 37.33393554687504
68.96044921875 37.325048828125006
69.05 37.266503906249966
69.18017578125 37.158300781250034
69.26484375000007 37.1083984375
69.30390625000007 37.11694335937497
69.35380859374999 37.150048828124966
69.41445312500014 37.207763671875
69.42968750000011 37.29086914062506
69.39921875000005 37.39931640625002
69.42011718750001 37.48671875
69.49208984375014 37.553076171875006
69.62578124999999 37.59404296874999
69.82089843750003 37.609570312499955
69.940625 37.60029296875004
69.98496093750009 37.566162109375
70.04472656249999 37.54721679687506
70.11982421875001 37.54350585937502
70.18867187500013 37.582470703124955
70.25146484375011 37.66416015624998
70.25498046875003 37.765380859375
70.19941406250018 37.88603515624999
70.21464843750005 37.92441406249998
70.23876953125011 37.94121093750002
70.31328124999999 37.98481445312504
70.41777343750005 38.07543945312503
70.5185546875 38.19199218750006
70.61582031250009 38.33442382812501
70.73593750000003 38.42255859375004
70.87890625000011 38.456396484375006
71.05214843750008 38.417871093749966
71.25585937500011 38.306982421875034
71.33271484375001 38.17026367187498
71.28281250000009 38.007910156250034
71.27851562500007 37.91840820312501
71.31992187500009 37.90185546875
71.3896484375 37.90629882812502
71.48779296875011 37.931884765625
71.55195312500001 37.93315429687499
71.58222656250007 37.91010742187501
71.58037109375005 37.86425781249997
71.54619140624999 37.79565429687503
71.50507812500007 37.60292968750002
71.47968750000001 37.43603515625006
71.45478515625001 37.271826171875006
71.43291015624999 37.127539062500006
71.471875 37.01508789062501
71.53085937500009 36.84511718750002
71.59746093750016 36.73291015624997
71.665625 36.69692382812502
71.73378906250014 36.68403320312498
71.80205078125005 36.69428710937501
71.94199218750009 36.76645507812498
72.15351562500007 36.90053710937502
72.35878906250008 36.98291015625003
72.65742187500018 37.029052734375
72.75703125000001 37.17270507812506
72.8955078125 37.26752929687501
73.21113281250007 37.408496093750045
73.38291015625009 37.46225585937498
73.48134765625008 37.47167968750003
73.60468750000007 37.44604492187506
73.63261718750005 37.43720703125001
73.65712890625008 37.43046874999999
73.72060546875014 37.41875
73.73378906250008 37.375781250000045
73.71728515625 37.329443359375006
73.64882812500008 37.29121093750004
73.62753906250009 37.261572265625034
73.65351562500007 37.239355468750034
73.74960937500009 37.231787109375006
73.94882812500009 37.28315429687498
74.07773437500003 37.31621093749999
74.16708984375003 37.329443359375006
74.20351562500002 37.372460937499966
74.25966796875002 37.41542968750002
74.34902343750008 37.41875
74.44492187500009 37.39560546874998
74.52421875000005 37.382373046875045
74.65937500000018 37.39448242187501
74.73056640625003 37.357031250000034
74.83046875000014 37.28593750000002
74.87539062500014 37.241992187500045
74.89130859375018 37.23164062499998

