20.603417968750023 60.01694335937498
20.521777343750017 60.01166992187498
20.4875 60.03276367187502
20.411230468750034 60.030126953125006
20.39794921875 60.04067382812502
20.42958984375005 60.061718749999955
20.49013671875005 60.07490234374998
20.569140625000074 60.069628906250045
20.611328125000057 60.04067382812502

19.667480468750057 60.16474609374998
19.629199218750074 60.17036132812498
19.59980468750004 60.162695312500006
19.579882812500045 60.135058593750074
19.536523437500023 60.144970703124955
19.51904296875 60.18457031250003
19.551367187500006 60.24384765625001
19.62880859375008 60.24609375000003
19.662304687500068 60.18715820312502

20.020214843750068 60.35087890624999
20.03388671875001 60.35932617187501
20.08740234374997 60.353417968749966
20.167871093750023 60.31469726562497
20.184082031250057 60.29375
20.239550781250074 60.28300781250002
20.258886718750006 60.26127929687502
20.19472656250008 60.19355468749998
20.15507812499999 60.192285156249994
20.12548828125 60.20087890624998
20.07324218750003 60.19345703124998
20.042578125 60.18066406250003
20.032324218750034 60.152490234374966
20.033984375000017 60.093554687500045
19.7998046875 60.081738281249955
19.74599609375005 60.098974609375006
19.67226562500005 60.233007812500034
19.686914062500023 60.26762695312499
19.736523437499983 60.282373046874966
19.77900390625004 60.28554687499999
19.785253906250063 60.21337890625003
19.84765624999997 60.22055664062498
19.867187500000057 60.26811523437499
19.871582031250057 60.30161132812498
19.854687499999983 60.318505859374966
19.812304687500074 60.331591796875045
19.78779296875004 60.35405273437502
19.823046875000045 60.39018554687499
19.88828125 60.40581054687499
19.94453125000001 60.357519531250006
19.989550781250017 60.351171875000034

