20.103515625000057 42.52465820312497
20.18574218750004 42.425878906250006
20.24052734374999 42.33896484374998
20.348242187500006 42.308789062499955
20.408300781250063 42.27495117187499
20.485449218750063 42.22338867187497
20.52285156250005 42.17148437500006
20.57539062500001 42.01308593750002
20.58144531250008 41.91743164062498
20.56621093749999 41.87368164062505
20.553125 41.86235351562496
20.50517578124999 41.70649414062501
20.51660156250003 41.62705078124998
20.516210937500034 41.57475585937499
20.4755859375 41.55410156250005
20.448632812500023 41.52128906250002
20.492382812500068 41.39140625000002
20.48701171875004 41.33608398437502
20.488964843750068 41.272607421874966
20.56787109374997 41.127832031249966
20.614453125000068 41.08305664062499
20.656054687500017 41.061669921874994
20.709277343750017 40.92836914062502
20.740820312500034 40.90527343750003
20.870214843750034 40.91791992187501
20.93349609375005 40.903125
20.95859375 40.87153320312498
20.964257812499994 40.84990234375002
20.95576171875004 40.775292968749994
20.987890625000034 40.7177734375
21.031054687500017 40.658642578124955
21.030859375000063 40.62246093750005
21.001953125000057 40.563378906249994
20.95019531249997 40.49438476562497
20.881640625000045 40.467919921874994
20.806054687500023 40.44545898437505
20.770019531250057 40.39189453124996
20.75166015625004 40.33491210937498
20.717871093749977 40.29267578125001
20.696972656249983 40.24638671874999
20.66494140625005 40.151757812499994
20.65742187500001 40.11738281249998
20.60625 40.08266601562502
20.52705078125001 40.068505859374994
20.45605468750003 40.06557617187502
20.408007812500017 40.04946289062502
20.383691406250023 40.0171875
20.338476562500063 39.991064453125006
20.311132812500006 39.979443359374955
20.311328125000045 39.95078124999998
20.34423828125 39.890625
20.381640625000045 39.84179687499997
20.382421875000034 39.802636718749994
20.364062500000017 39.791748046875
20.306152343750057 39.79667968750002
20.293847656250023 39.78222656250003
20.28759765625 39.73857421875002
20.272070312500034 39.70117187500003
20.248242187500068 39.678369140624994
20.206835937500074 39.65351562499998
20.131054687500068 39.66162109375006
20.05976562500004 39.69912109375005
20.022558593750006 39.710693359375
20.001269531250017 39.70942382812501
19.99560546875003 39.80102539062503
19.964843750000057 39.87226562499998
19.851855468750045 40.04355468750006
19.48457031250001 40.20996093750003
19.398144531250068 40.28486328125001
19.360156250000045 40.34770507812502
19.322265625000057 40.407080078125034
19.35859375000001 40.40874023437502
19.39453125000003 40.393701171874966
19.440527343750006 40.37568359375004
19.459179687500068 40.405371093750034
19.439257812500017 40.470263671875045
19.34462890625008 40.62207031250006
19.3375 40.66381835937503
19.383886718750006 40.79072265625004
19.461230468750045 40.933300781249955
19.456054687500057 41.10605468749998
19.480078125000063 41.23637695312496
19.453417968750045 41.32099609374998
19.440625 41.42475585937498
19.497363281250017 41.56269531250001
19.54580078125005 41.59682617187505
19.57568359375 41.640429687500045
19.577539062500023 41.7875
19.468261718750057 41.85615234375001
19.342382812499977 41.86909179687498
19.34550781249999 41.918847656249994
19.361132812500074 41.99775390625001
19.352148437500034 42.024023437500034
19.361425781250034 42.06909179687497
19.341066309662125 42.109192800817254
19.394433593750023 42.08808593750001
19.467382812500063 42.07880859375001
19.480566406250063 42.10815429687503
19.450781250000034 42.15664062500005
19.391699218750006 42.2275390625
19.363574218750045 42.28964843750006
19.358367920621788 42.28779007830704
19.39960937500001 42.341894531250034
19.465136718750045 42.415380859375006
19.544531250000034 42.49194335937497
19.597460937500074 42.56542968750003
19.654492187500068 42.628564453124994
19.70341796874999 42.64794921875003
19.72783203124999 42.63452148437497
19.740722656250057 42.60693359375003
19.73779296874997 42.52514648437497
19.754492187500006 42.496923828125006
19.788281250000068 42.476171875000034
19.85976562500005 42.48632812499997
19.939062500000034 42.506689453125034
20.045703125000017 42.54990234375006
20.06396484375 42.54726562500005

