8.59765625 36.883886718750006
8.60126953125004 36.833935546874955
8.506738281250051 36.7875
8.444238281250023 36.76074218750006
8.36962890625 36.632519531249955
8.230761718750045 36.545263671875034
8.207617187500034 36.518945312499994
8.208789062500017 36.49511718750003
8.302734375000057 36.45561523437499
8.333984375000028 36.41816406249998
8.348730468750006 36.36796875
8.306738281250063 36.18876953124996
8.2802734375 36.050976562499955
8.245703125000063 35.87055664062498
8.2470703125 35.80180664062502
8.282910156250011 35.71928710937499
8.318066406250068 35.65493164062502
8.32900390625008 35.58222656250004
8.31640625 35.403125
8.359863281250057 35.29960937500002
8.39423828125004 35.20385742187506
8.312109375 35.084619140624994
8.276855468750028 34.9794921875
8.254687500000017 34.82895507812506
8.245605468750057 34.73408203124998
8.192773437500023 34.64628906249996
8.123437500000023 34.563916015624955
8.045605468750068 34.5126953125
7.949414062500011 34.46870117187501
7.838281250000023 34.41030273437502
7.748535156250028 34.25449218749998
7.554492187500017 34.125
7.513867187500011 34.08051757812498
7.495605468750028 33.97651367187501
7.500195312500068 33.83247070312498
7.534375 33.71791992187502
7.627539062500063 33.54863281249999
7.709179687500011 33.36230468750003
7.73134765625008 33.26850585937501
7.762695312499972 33.23310546875001
7.877246093750045 33.17211914062503
8.075585937500051 33.08906249999998
8.1125 33.05532226562502
8.2109375 32.92670898437501
8.30419921875 32.69628906249997
8.33339843750008 32.54360351562505
8.515136718750057 32.42231445312504
8.682910156250045 32.310449218749966
8.844042968750017 32.21210937500001
9.018945312500023 32.10537109375002
9.044042968750006 32.07236328125006
9.102343750000045 31.846142578124983
9.160253906250034 31.621337890625
9.22402343750008 31.373681640624994
9.287890625000017 31.125341796875034
9.363281250000028 30.832910156249966
9.406054687500017 30.66679687499996
9.458007812500028 30.46538085937496
9.51875 30.229394531250023
9.420996093750063 30.179296875000034
9.31025390625004 30.11523437500003
9.39101562500008 29.993652343750057
9.546191406250074 29.795947265625017
9.640136718750028 29.63642578125001
9.672656250000074 29.566992187499977
9.745898437500074 29.36894531249996
9.805273437500006 29.17695312500001
9.820703125000023 29.11479492187496
9.842578125000045 28.966992187499955
9.815625 28.56020507812505
9.858203125000045 28.043310546875006
9.916015625 27.78569335937499
9.825292968750006 27.55297851562503
9.747558593750057 27.33085937499999
9.752539062500006 27.219335937500006
9.795410156250028 27.044775390625034
9.837109375000011 26.91582031249996
9.894433593750051 26.84794921874999
9.88320312500008 26.630810546874983
9.859375 26.55195312500001
9.684960937499994 26.43823242187503
9.491406250000011 26.333740234375057
9.437890625000023 26.245507812500023
9.422363281250057 26.147070312500034
9.4482421875 26.067138671875
9.58125 25.89013671875
9.781054687500045 25.62426757812503
10.000683593750011 25.33208007812499
10.019042968750028 25.25854492187503
10.028125 25.05102539062503
10.11953125000008 24.79023437500001
10.218652343750023 24.676220703124955
10.255859375000057 24.59101562500001
10.32578125 24.530224609374983
10.39589843750008 24.48559570312503
10.438964843750057 24.480224609375
10.686132812500034 24.551367187500006
11.108203125000045 24.43403320312501
11.507617187500074 24.314355468749966
11.536914062499989 24.290820312500045
11.624218750000011 24.13969726562499
11.766992187500051 23.892578125
11.873046875 23.694824218750057
11.967871093750034 23.517871093750045
11.45 23.21259765625004
10.932226562500006 22.907275390625017
10.414355468750017 22.602001953124983
9.896484375000028 22.296728515625063
9.378710937500045 21.99140625000001
8.8609375 21.686132812500006
8.343066406250017 21.38085937499997
7.825195312500028 21.075585937499966
7.481738281250045 20.873095703125017
7.26337890625004 20.69448242187505
6.989355468750006 20.470507812500074
6.73066406250004 20.24804687500003
6.52705078125004 20.072949218749983
6.263378906250068 19.846142578124955
6.130664062500017 19.731982421875074
5.836621093750068 19.479150390624966
5.748339843750017 19.434228515624966
5.358691406250045 19.359521484375023
5.00136718750008 19.291064453125017
4.67128906250008 19.22778320312503
4.445703125000023 19.184521484374983
4.227636718750006 19.14277343750001
3.91015625 19.08374023437497
3.683496093749994 19.041601562500006
3.438769531250074 18.99614257812499
3.400878906249972 18.988427734375023
3.3564453125 18.98662109374999
3.323437500000011 18.988378906250006
3.255957031250034 19.01328125
3.17421875000008 19.072900390624994
3.119726562500006 19.103173828125023
3.106054687500063 19.15009765625001
3.13789062500004 19.21215820312503
3.17724609375 19.268164062499977
3.192382812500057 19.312060546875045
3.219628906249994 19.34541015625001
3.254394531249972 19.372607421875045
3.255859375000028 19.410937500000017
3.22705078125 19.47358398437501
3.20166015625 19.560400390625006
3.202734375000034 19.718310546875017
3.203417968750074 19.77075195312497
3.203710937500063 19.789697265624994
3.130273437500023 19.850195312499977
2.992480468750017 19.916601562500006
2.865722656250028 19.95595703125005
2.807910156250074 19.96943359375004
2.667773437500017 19.99291992187503
2.474218750000034 20.035009765624977
2.406152343750023 20.063867187499994
2.280859375000063 20.210302734374977
2.219335937500063 20.247802734375
1.928808593750034 20.272705078125
1.832421875000023 20.296875
1.753222656250045 20.331591796875017
1.685449218749994 20.37836914062504
1.647363281250051 20.458837890625006
1.636035156250074 20.52436523437501
1.610644531250045 20.555566406249994
1.29023437500004 20.71357421875001
1.20888671875008 20.767285156249955
1.165722656249983 20.817431640625045
1.1640625 20.891308593749983
1.172753906249994 20.98198242187499
1.1591796875 21.0625
1.145507812500057 21.102246093749983
0.999414062500051 21.19775390624997
0.671875 21.411865234375
0.344433593750011 21.6259765625
0.01699218750008 21.840136718750017
-0.310546874999943 22.05419921875003
-0.637988281249932 22.26831054687503
-0.965478515624966 22.482470703125045
-1.292968749999972 22.69653320312497
-1.620410156249989 22.91064453124997
-1.947900390624994 23.12480468749999
-2.275390625000028 23.3388671875
-2.602929687499966 23.553027343750017
-2.930371093749955 23.767138671875045
-3.257861328124989 23.98125
-3.585351562499994 24.195361328125045
-3.912792968750011 24.409472656250074
-4.240332031249949 24.62353515624997
-4.516992187499994 24.80449218749999
-4.822607421874977 24.99560546875003
-5.049511718749955 25.135449218749983
-5.275 25.274511718750006
-5.516943359374949 25.42377929687504
-5.674511718749983 25.516406250000074
-5.862548828124943 25.627001953125045
-6.05058593749996 25.737597656250017
-6.23867187499999 25.84819335937499
-6.426708984374926 25.958789062500045
-6.614746093749972 26.069433593750034
-6.80283203124992 26.17998046874999
-6.990869140624937 26.29057617187496
-7.178906249999983 26.401171875000017
-7.366992187500017 26.51176757812499
-7.555078124999966 26.62236328124996
-7.743115234374983 26.732958984375017
-7.93115234375 26.84355468749999
-8.119238281249949 26.95415039062496
-8.307275390624994 27.064746093750017
-8.495312499999926 27.17534179687499
-8.683349609374943 27.2859375
-8.683349609374943 27.49023437500003
-8.683349609374943 27.656445312499955
-8.683349609374943 27.900390625
-8.683349609374943 28.112011718749955
-8.683349609374943 28.32368164062501
-8.683349609374943 28.46923828125
-8.683349609374943 28.62075195312505
-8.678417968749926 28.689404296874983
-8.659912109374972 28.718603515624977
-8.558349609374972 28.76787109374999
-8.399316406249994 28.880175781250045
-8.340478515624994 28.93017578125003
-8.265185546874932 28.98051757812496
-7.998925781249966 29.132421875
-7.943847656249943 29.17475585937501
-7.685156249999977 29.349511718749994
-7.62460937499992 29.375195312499983
-7.485742187499966 29.392236328124994
-7.427685546874926 29.425
-7.349755859374966 29.494726562500006
-7.234912109374932 29.57490234375001
-7.160205078124989 29.612646484375063
-7.14243164062492 29.619580078124955
-7.094921875000011 29.62519531250004
-6.85556640624992 29.601611328125017
-6.755126953124972 29.583837890625034
-6.635351562499977 29.56879882812501
-6.597753906249977 29.578955078125034
-6.565673828125 29.603857421875034
-6.52055664062496 29.659863281249983
-6.510693359374983 29.726025390624983
-6.507910156249949 29.783789062500006
-6.500878906249937 29.809130859375017
-6.479736328125 29.820361328125017
-6.427636718749937 29.81611328125004
-6.357617187499983 29.80830078125004
-6.214794921874926 29.810693359374994
-6.166503906249943 29.818945312499977
-6.004296874999937 29.83125
-5.775 29.869042968749966
-5.59331054687496 29.91796875
-5.448779296874932 29.956933593750023
-5.293652343749955 30.05864257812496
-5.180126953124983 30.166162109375023
-5.061914062499994 30.32641601562497
-4.96826171875 30.46538085937496
-4.778515624999983 30.552392578125023
-4.619628906249943 30.604785156250017
-4.529150390624977 30.62553710937499
-4.322851562499949 30.698876953125023
-4.148779296874949 30.8095703125
-3.985351562499943 30.913525390624955
-3.860058593750011 30.92724609375
-3.702001953124949 30.94448242187505
-3.666796874999989 30.964013671875023
-3.626904296874926 31.00092773437501
-3.624511718749972 31.065771484374977
-3.672509765624994 31.111376953125017
-3.730175781249926 31.13540039062505
-3.770996093749972 31.16181640625001
-3.811816406249932 31.166601562500006
-3.833398437499994 31.19780273437496
-3.821386718749949 31.255468749999977
-3.815136718750011 31.30883789062503
-3.789160156249949 31.36181640624997
-3.796435546875017 31.437109375000034
-3.837109374999955 31.512353515624994
-3.849560546874983 31.56640625
-3.846679687499943 31.61987304687497
-3.826757812499977 31.661914062500017
-3.76816406249992 31.689550781250034
-3.70024414062496 31.700097656249966
-3.60458984374992 31.686767578125
-3.43979492187492 31.704541015624983
-3.017382812499932 31.834277343750045
-2.988232421874926 31.87421875000001
-2.961132812499926 31.963964843750006
-2.930859374999983 32.04252929687502
-2.887207031249972 32.06884765625006
-2.863427734374994 32.07470703125
-2.722607421875011 32.09575195312502
-2.52324218749996 32.12568359374998
-2.448388671874994 32.12998046874998
-2.23125 32.121337890625
-2.07280273437496 32.115039062500045
-1.816992187499977 32.10478515624999
-1.635156249999966 32.09956054687501
-1.47705078125 32.09487304687502
-1.275341796874926 32.089013671874994
-1.225927734375006 32.10722656249996
-1.225927734375006 32.16455078125
-1.26210937499999 32.27114257812505
-1.24033203124992 32.33759765625001
-1.162597656249972 32.39916992187503
-1.06552734374992 32.46831054687499
-1.111035156249955 32.552294921875045
-1.188232421874943 32.608496093750034
-1.296386718749972 32.67568359375005
-1.352148437499949 32.703369140625
-1.45 32.784814453124994
-1.510009765624972 32.87763671874998
-1.550732421875011 33.073583984375006
-1.625097656249949 33.183349609375
-1.679199218749972 33.31865234375002
-1.63125 33.566748046875034
-1.70297851562492 33.71684570312496
-1.714111328124972 33.78183593749998
-1.71469726562492 33.85820312499999
-1.69267578124996 33.99028320312499
-1.706933593749937 34.17607421874999
-1.791796874999989 34.367919921875
-1.751855468749937 34.433251953124994
-1.733300781249966 34.46704101562503
-1.739453124999983 34.49609375
-1.816601562499983 34.55708007812498
-1.84965820312496 34.60732421875002
-1.832421875000023 34.65463867187498
-1.792187499999983 34.72319335937499
-1.795605468749983 34.75190429687498
-1.9208984375 34.83554687500006
-2.131787109374983 34.970849609374994
-2.19077148437492 35.02978515625003
-2.219628906249937 35.10419921874998
-2.017773437499926 35.085058593750006
-1.913281249999955 35.09423828125
-1.673632812499989 35.18310546875
-1.483740234374949 35.303076171875006
-1.335839843749994 35.36425781250003
-1.205371093749989 35.495751953124994
-1.087695312499989 35.57885742187497
-0.917480468749943 35.66840820312501
-0.426123046874949 35.86152343750001
-0.350781249999955 35.863183593749994
-0.189160156249983 35.81909179687497
-0.048242187499966 35.83281250000002
0.047949218750006 35.90053710937505
0.151660156250074 36.06313476562505
0.312207031250011 36.162353515625
0.514941406250017 36.261816406250006
0.790820312499989 36.356542968750034
0.971679687499972 36.443945312500006
1.25722656250008 36.519580078125045
1.974511718749994 36.567578124999955
2.342871093750006 36.610302734374955
2.593359375000063 36.600683593750034
2.846484375000017 36.738867187500034
2.972851562500011 36.78447265625002
3.520507812500028 36.795117187499955
3.779003906250011 36.89619140625004
4.758105468749989 36.89633789062506
4.877832031250051 36.86240234374998
4.995410156250017 36.80805664062501
5.195605468750045 36.67680664062502
5.295410156250028 36.64824218749996
5.424609375000074 36.675439453124994
5.72548828125008 36.79960937499999
6.064746093750017 36.8642578125
6.249121093750006 36.938330078125006
6.32783203125004 37.046044921874994
6.48652343750004 37.08574218750002
6.57587890625004 37.003027343750034
6.927539062500017 36.91943359375006
7.143457031250051 36.94335937500006
7.23847656250004 36.96850585937503
7.204296875000011 37.092382812500034
7.432421875000017 37.05927734375004
7.607714843750017 36.999755859375
7.791601562500006 36.880273437499994
7.910449218750074 36.856347656249994
8.127148437500068 36.91035156249998
8.576562500000051 36.93720703125004

