1.678515625000017 42.496679687500034
1.58642578125 42.455957031249994
1.53408203125008 42.441699218750045
1.486230468749994 42.434472656249994
1.448828125000034 42.437451171874955
1.428125 42.46132812500002
1.430273437500063 42.49785156250002
1.421972656250063 42.53081054687499
1.414843750000017 42.54838867187502
1.428320312500034 42.59589843750001
1.458886718750023 42.621679687500006
1.50136718750008 42.64272460937505
1.568164062499989 42.63500976562497
1.709863281249994 42.60444335937498
1.739453124999983 42.57592773437503
1.740234375000057 42.556738281250034
1.713964843750034 42.525634765625
1.706054687500028 42.503320312499966

