14.398632812500011 -5.89267578125002
14.657910156250068 -5.88886718750004
14.749414062500051 -5.880078125000026
15.089355468750028 -5.874511718749957
15.425 -5.868847656249955
15.72695312500008 -5.863867187500006
16.06015625 -5.864941406249955
16.315234375000017 -5.865625
16.431445312500074 -5.900195312499946
16.53710937500003 -5.9658203125
16.58515625000004 -6.025292968750037
16.608007812499977 -6.0515625
16.639550781250023 -6.114550781250003
16.697265625000057 -6.164257812500011
16.717773437500057 -6.241406250000011
16.700976562500017 -6.345996093750003
16.709375 -6.471679687500028
16.742968750000045 -6.618457031249989
16.813085937500034 -6.772558593750034
16.91943359375003 -6.933984374999966
16.965820312500057 -7.062109374999963
16.95205078125008 -7.157031250000031
16.98476562499999 -7.257421874999963
17.063769531250017 -7.363085937499989
17.12158203125 -7.41904296875002
17.155078125000074 -7.461328125000023
17.24501953125008 -7.623339843749989
17.41132812500004 -7.881933593750006
17.53603515625005 -8.075878906249997
17.57958984375003 -8.099023437499994
17.643359375000074 -8.090722656249994
17.77880859375003 -8.071386718749963
17.91308593750003 -8.067675781250003
18.0087890625 -8.107617187499969
18.047167968750074 -8.10078125
18.191503906250006 -8.023828124999952
18.33486328125008 -8.00029296874996
18.484667968750045 -7.968554687499974
18.56269531250004 -7.9359375
18.653417968750034 -7.936035156250014
18.898339843750023 -7.998144531249963
18.944433593750006 -8.001464843750014
19.142675781250063 -8.001464843750014
19.34082031250003 -7.966601562500017
19.36992187499999 -7.706542968749972
19.371679687500006 -7.655078124999974
19.419335937500023 -7.55732421875004
19.479882812500023 -7.472167968750014
19.487402343750034 -7.390722656250034
19.483789062500023 -7.279492187500011
19.527636718750074 -7.144433593750037
19.66035156250001 -7.037109375000014
19.87519531250001 -6.986328124999972
19.99746093750005 -6.976464843750009
20.190039062500006 -6.946289062499986
20.482226562500045 -6.915820312500003
20.590039062500068 -6.919921874999943
20.598730468750063 -6.935156250000034
20.536914062500074 -7.12177734375004
20.53583984375004 -7.18281250000004
20.558398437500017 -7.244433593749974
20.60781250000005 -7.277734375
20.910937500000074 -7.281445312499969
21.19033203125005 -7.284960937499974
21.510839843750063 -7.29667968749996
21.751074218750063 -7.305468749999974
21.78164062500008 -7.314648437499983
21.80605468750008 -7.328613281249986
21.841601562500045 -7.420996093749977
21.83359375 -7.60166015625002
21.780078125000017 -7.865429687500011
21.800878906250006 -8.111914062499963
21.89589843750008 -8.341113281250031
21.905371093750063 -8.693359375000028
21.871875 -8.903515625000026
21.82949218750005 -9.16845703125
21.81318359375001 -9.46875
21.856640624999983 -9.594238281249972
21.94863281250008 -9.7255859375
22.089160156250017 -9.862792968749972
22.19775390625003 -10.040625
22.274511718750034 -10.259082031249974
22.30244140625004 -10.396679687500026
22.28164062500008 -10.453320312500011
22.28320312500003 -10.5515625
22.30703125 -10.691308593750009
22.28046875000001 -10.783984374999974
22.20351562500005 -10.829492187500009
22.177929687499983 -10.892285156250011
22.21669921875008 -11.012695312500028
22.226171875000063 -11.121972656249994
22.256640625000045 -11.163671874999963
22.27880859375003 -11.194140624999946
22.31494140625003 -11.19863281249998
22.392968750000023 -11.159472656249989
22.486132812500074 -11.08671875
22.561035156250057 -11.055859375000026
22.666503906250057 -11.059765625000026
22.814746093750045 -11.080273437500026
23.076269531250034 -11.087890624999972
23.15673828125 -11.074804687499977
23.400195312500045 -10.976464843750009
23.463964843750063 -10.969335937499977
23.55996093750008 -10.978613281250006
23.696386718749977 -11.00761718749996
23.833886718750023 -11.013671874999957
23.901171875000045 -10.98320312499996
23.907324218750063 -10.943457031249949
23.92871093749997 -10.891503906250023
23.96650390625004 -10.871777343749997
23.98828125000003 -11.002832031249966
24.010058593750045 -11.184765625
24.02558593750001 -11.315625
24.041406250000023 -11.37412109375002
24.046679687500045 -11.405371093749991
24.029296875000057 -11.43916015625004
24.0146484375 -11.517675781249963
23.98681640625 -11.587207031250003
23.970996093750074 -11.635839843749963
23.98388671875003 -11.725
23.973437500000045 -11.852929687499966
23.96230468750008 -11.987890625
23.958886718749994 -12.117773437500006
23.996484375000023 -12.35068359375002
23.991308593750034 -12.422167968750017
23.94472656250005 -12.54375
23.909375 -12.636132812500009
23.88652343749999 -12.743261718749977
23.882421875000063 -12.799023437499969
23.968066406250017 -12.956933593749994
23.962988281250034 -12.988476562500026
23.8974609375 -12.998242187499969
23.84316406250005 -13.000976562499986
23.635839843750006 -13.000976562499986
23.338671875000045 -13.000976562499986
23.041503906250057 -13.000976562499986
22.74433593750001 -13.000976562499986
22.470996093750017 -13.000976562499986
22.209570312500034 -13.000976562499986
21.978906250000023 -13.000976562499986
21.979003906250057 -13.156835937500034
21.979101562499977 -13.47773437500004
21.979101562499977 -13.79873046874998
21.979296875000017 -14.119628906249986
21.97939453125005 -14.440527343749991
21.979492187500057 -14.761425781249997
21.979589843750006 -15.082324218750003
21.97968750000001 -15.403222656250009
21.979785156250045 -15.724121093750014
21.979785156250045 -15.95556640625
22.04023437500001 -16.262792968749977
22.150683593750045 -16.59716796874997
22.193945312500063 -16.628125
22.30507812500005 -16.689550781249963
22.459472656250057 -16.81513671874997
22.545996093750006 -16.91025390624999
22.721972656250074 -17.075292968750034
22.955859375000017 -17.285742187500006
23.18164062500003 -17.47441406249999
23.380664062500074 -17.640625
23.068261718750023 -17.698828124999963
22.6240234375 -17.781640624999966
22.32421875000003 -17.8375
21.96083984375008 -17.905175781249994
21.71845703125001 -17.94775390624997
21.416894531250023 -18.000683593749997
21.36875 -17.99951171875003
21.287890625000045 -17.962988281249963
21.11347656250004 -17.955761718749997
20.908300781250063 -18.006054687500026
20.745507812500023 -18.01972656249997
20.625097656250006 -17.99667968749999
20.507617187500045 -17.952539062499966
20.39296875000005 -17.88740234375001
20.1943359375 -17.86367187499998
19.91181640625001 -17.88134765625003
19.63935546875001 -17.868652343750014
19.37714843750004 -17.825488281250017
19.189453125 -17.808496093750023
19.076464843750074 -17.817675781250017
18.955273437499983 -17.803515624999974
18.825976562500017 -17.76630859375004
18.718066406250074 -17.703222656249977
18.588183593750074 -17.57001953125001
18.486621093750074 -17.442773437500023
18.46035156250005 -17.424609374999974
18.42822265625 -17.40517578125001
18.39638671875008 -17.399414062499986
18.108789062500023 -17.39599609375
17.835351562499994 -17.39277343749997
17.678808593750006 -17.392578125000014
17.29628906250005 -17.39199218749998
16.913671875 -17.39140625
16.531054687500017 -17.39082031250001
16.148437500000057 -17.390234374999977
15.765820312500011 -17.389648437499957
15.383203125000051 -17.38916015625003
15.000585937500063 -17.388574218749994
14.617968750000017 -17.387988281249974
14.414746093750011 -17.3876953125
14.225878906250074 -17.397753906250003
14.01748046875008 -17.40888671874997
13.987402343750063 -17.40419921874998
13.937988281250028 -17.388769531250034
13.90419921875008 -17.36074218750001
13.791992187500057 -17.288378906250017
13.694335937500057 -17.23349609375002
13.56171875000004 -17.141210937499963
13.475976562500051 -17.040039062499957
13.40371093750008 -17.00781249999997
13.275683593750017 -16.989550781249974
13.179492187500045 -16.97167968749997
13.101171875 -16.967675781249966
12.963183593750045 -17.015429687500003
12.859277343750023 -17.06259765625002
12.78515625 -17.10820312499999
12.656542968750017 -17.16054687499999
12.548144531250045 -17.21269531249996
12.359277343750023 -17.20585937499999
12.318457031250063 -17.213378906250014
12.213378906250057 -17.20996093750003
12.114355468750034 -17.164550781250014
12.013964843750017 -17.168554687500034
11.902539062500068 -17.22656250000003
11.74306640625008 -17.249218750000026
11.780078125000074 -16.87128906250004
11.818945312499977 -16.7041015625
11.819921875 -16.504296874999966
11.796972656250034 -15.986425781249977
11.769433593750023 -15.915332031249974
11.75087890625008 -15.831933593750037
11.849707031250034 -15.76835937499996
11.899902343750057 -15.71982421875002
11.967871093750034 -15.63398437500004
12.01611328125 -15.513671875000043
12.073242187500028 -15.248242187500054
12.28046875000004 -14.6375
12.378906250000028 -14.0390625
12.503710937500045 -13.755468750000048
12.550488281249983 -13.437792968749989
12.897656250000011 -13.027734375000023
12.983203125000045 -12.775683593750017
13.162695312500006 -12.652148437499974
13.416992187500028 -12.520410156249966
13.597949218750045 -12.286132812500014
13.685546875000028 -12.123828124999989
13.78535156250004 -11.81279296874996
13.784277343749977 -11.48798828125004
13.847460937500074 -11.054394531249997
13.83359375 -10.929687499999986
13.738964843749983 -10.757128906250003
13.721386718750068 -10.633593749999974
13.633496093750011 -10.512304687500048
13.539453125000023 -10.420703125000031
13.495410156250017 -10.257128906250017
13.332226562500011 -9.998925781249994
13.2875 -9.826757812500006
13.209375 -9.703222656249963
13.196875 -9.55068359374998
13.155664062499994 -9.389648437500028
13.075976562500017 -9.230371093750009
12.998535156250057 -9.048046874999983
12.998535156250057 -8.991015625
13.046777343750023 -8.922265625000023
13.092773437499972 -8.89970703124996
13.077246093750006 -8.934277343749983
13.046582031250068 -8.975195312499977
13.053808593750034 -9.006835937500028
13.358984375000034 -8.687207031250011
13.378320312500051 -8.624707031249983
13.368066406250023 -8.554785156250034
13.36640625000004 -8.469238281250014
13.378515625 -8.369726562499991
13.090820312500028 -7.780175781249966
12.8623046875 -7.231835937499994
12.823437499999983 -6.95478515625004
12.521289062500074 -6.590332031250043
12.402148437500045 -6.353417968749994
12.334277343749989 -6.187304687500003
12.283300781250006 -6.12431640624996
12.302539062500017 -6.092578124999974
12.380371093750057 -6.084277343749974
12.553515625000074 -6.045898437499972
12.790625 -6.003906250000028
13.009765625000028 -5.907617187500037
13.068164062500017 -5.864843750000034
13.184375 -5.85625
13.302636718750023 -5.881835937500028
13.346484375000074 -5.863378906249991
13.37148437499999 -5.861816406249943
13.649023437500063 -5.86171875
13.764550781250051 -5.855175781250011
13.978515625000028 -5.857226562499989
14.113769531250057 -5.865136718749994
14.190820312500023 -5.875976562499986

12.213671875000017 -5.75869140624998
12.199023437500074 -5.731933593749957
12.155468750000068 -5.632714843749994
12.180078125000023 -5.53867187500002
12.20654296875 -5.468261718749972
12.177148437500051 -5.324804687499963
12.110546875000068 -5.19716796874998
12.03994140625008 -5.035156250000014
12.018359375000017 -5.004296875000037
12.077539062499994 -4.952148437499986
12.167089843750034 -4.837695312500031
12.204296875000068 -4.778613281249974
12.307910156250045 -4.76552734374998
12.346679687500028 -4.724121093749986
12.3740234375 -4.657714843749957
12.384570312500017 -4.619140625
12.501464843750028 -4.5875
12.641699218750006 -4.531152343750009
12.71943359375004 -4.469726562500028
12.798242187500023 -4.430566406250037
12.848144531250057 -4.428906249999969
12.881054687500011 -4.445117187499989
12.97138671875004 -4.551757812499943
13.048046875000011 -4.61923828125002
13.072753906249972 -4.634765624999986
13.05732421875004 -4.651074218750026
12.94746093750004 -4.695312499999972
12.829687500000034 -4.736621093749946
12.6748046875 -4.905371093749963
12.596191406250057 -4.978417968750009
12.573535156250074 -4.996582031249972
12.502734375000017 -5.036914062500017
12.451464843750074 -5.071484374999955
12.453222656250063 -5.090625
12.487402343750006 -5.112695312500009
12.522363281250023 -5.148925781250014
12.518945312500051 -5.42460937499996
12.503710937500045 -5.695800781249957
12.484570312500068 -5.71875
12.386035156250045 -5.727734374999983
12.255273437500051 -5.74648437499998

