-61.74814453124995 16.997167968749977
-61.85966796874993 17.013330078124966
-61.882031249999955 17.063134765624994
-61.88710937500002 17.09814453125003
-61.817285156249994 17.16894531249997
-61.73857421874996 17.13847656249999
-61.70820312499998 17.105078125
-61.68603515625 17.09843749999999
-61.68647460937501 17.06982421875003
-61.694970703124966 17.048925781250034
-61.716064453125 17.037011718749994

-61.76201171874993 17.548681640624977
-61.84379882812499 17.596142578124955
-61.86875 17.68544921875005
-61.86616210937501 17.704296874999983
-61.852441406249966 17.71406250000001
-61.819921875 17.696875
-61.77675781250002 17.69047851562499
-61.74960937499998 17.66132812500001
-61.74711914062502 17.574951171875

