-64.43881835937503 -54.739355468749984
-64.22050781249996 -54.721972656249996
-64.10532226562503 -54.72167968750002
-64.05493164062497 -54.72988281250001
-64.03242187500001 -54.742382812499976
-63.88193359374998 -54.72294921875002
-63.81542968750003 -54.72509765625001
-63.83256835937496 -54.76796875000004
-63.97124023437499 -54.81064453125003
-64.02832031249997 -54.79257812499999
-64.32290039062494 -54.796484374999984
-64.45327148437494 -54.840332031250036
-64.50869140624997 -54.83994140625005
-64.63735351562497 -54.90253906250001
-64.73144531249994 -54.86298828125003
-64.75732421875 -54.82656249999999
-64.68920898437497 -54.77470703124999
-64.62509765624995 -54.77363281250004
-64.58134765625002 -54.752734375000045
-64.54916992187503 -54.71621093749997

-68.24013671874997 -53.08183593749999
-68.33300781249997 -53.01962890625001
-68.43115234374997 -53.05527343749999
-68.47949218749997 -53.11376953125001
-68.52080078124993 -53.17724609374997
-68.52050781249997 -53.221875
-68.48852539062503 -53.26093749999997
-68.39311523437496 -53.294921874999964
-68.16113281250003 -53.3064453125
-68.14409179687502 -53.31904296875
-68.00849609374993 -53.5640625
-67.94028320312498 -53.61875
-67.861083984375 -53.662207031250006
-67.678125 -53.787109374999964
-67.502587890625 -53.92197265624999
-67.29423828124999 -54.049804687500014
-67.06948242187494 -54.14804687500004
-66.86513671874997 -54.22255859375004
-66.67006835937502 -54.31357421875001
-66.46201171875 -54.44101562500004
-66.23564453124999 -54.53349609375005
-65.99257812500002 -54.59892578125006
-65.7470703125 -54.65341796874997
-65.36928710937497 -54.63212890624999
-65.25195312500003 -54.63808593749996
-65.17900390625002 -54.678125
-65.25234375000002 -54.78886718750003
-65.34599609375002 -54.87792968749997
-65.47114257812501 -54.91464843749999
-65.60332031249993 -54.928125
-65.72275390625003 -54.92636718749998
-65.84199218749998 -54.90996093750001
-65.95375976562502 -54.919335937499966
-66.06064453125003 -54.95673828125004
-66.172021484375 -54.97529296875
-66.286767578125 -54.977734375000054
-66.39868164062497 -55.009375
-66.51113281249997 -55.03212890625003
-66.627685546875 -55.01328125000001
-66.93046875 -54.924902343750034
-67.12709960937497 -54.90380859375
-67.79326171874996 -54.868652343750036
-68.00712890625002 -54.8484375
-68.22011718749997 -54.81757812500002
-68.33168945312497 -54.81630859375003
-68.49101562500002 -54.83623046875
-68.61865234374997 -54.83378906250004
-68.65322265625002 -54.85361328124999
-68.64750976562499 -54.62783203125
-68.63979492187502 -54.32402343750001
-68.63823242187499 -54.052929687500026
-68.63666992187501 -53.78886718750005
-68.63505859374996 -53.51542968750004
-68.63344726562497 -53.24189453125
-68.63168945312498 -52.94951171875003
-68.62993164062496 -52.65263671875003
-68.57119140625 -52.694921875000034
-68.33876953125 -52.90009765625
-68.27822265625 -52.983984375000034

-61.86596679687497 -39.234863281250014
-61.91801757812502 -39.22744140625001
-62.04160156249998 -39.16689453125002
-62.08330078125002 -39.11015625000002
-62.09301757812497 -39.08623046875002
-61.96665039062498 -39.11220703124998
-61.90712890625002 -39.135644531249966
-61.87578125000002 -39.171875

-65.68618164062494 -22.110253906250037
-65.51879882812494 -22.09453125000003
-65.48486328124997 -22.09814453124997
-65.05781250000001 -22.10273437500001
-64.99262695312495 -22.109667968750003
-64.84306640624996 -22.14394531249998
-64.75864257812498 -22.171289062500037
-64.70009765624997 -22.185546875000014
-64.60551757812496 -22.22880859375003
-64.52363281249998 -22.371582031249986
-64.47773437499995 -22.485351562499986
-64.44550781249995 -22.585351562500023
-64.37397460937495 -22.761035156250017
-64.32529296874998 -22.82763671875
-64.30791015624999 -22.7953125
-64.26640624999999 -22.60332031250003
-64.20908203124995 -22.49130859375005
-64.1318359375 -22.365820312499963
-63.97612304687499 -22.072558593750003
-63.92167968750002 -22.028613281250017
-63.86103515624998 -22.00722656250001
-63.81865234374999 -22.00546875
-63.77558593749998 -22.02724609375001
-63.71694335937494 -22.02753906249997
-63.67534179687499 -22.004296875000037
-63.26718749999998 -22.00058593749999
-62.84335937499998 -21.997265625000026
-62.83427734374999 -21.999121093749963
-62.815087890624994 -22.04960937500003
-62.74458007812501 -22.159863281250026
-62.66528320312503 -22.21796875000004
-62.65097656249995 -22.23369140624996
-62.625683593749955 -22.26152343750003
-62.6259765625 -22.29042968749998
-62.54155273437493 -22.349609374999957
-62.372509765624955 -22.439160156249983
-62.21416015624996 -22.61240234375002
-62.06660156249998 -22.86943359374999
-61.92802734375002 -23.059277343750026
-61.79853515625001 -23.18203125
-61.67949218749999 -23.26875
-61.57099609375001 -23.319433593750006
-61.51303710937492 -23.360449218750006
-61.505517578124994 -23.391992187500037
-61.403955078124994 -23.45751953124997
-61.20839843749994 -23.55703125
-61.08471679687497 -23.656445312499997
-61.03291015624998 -23.75566406249996
-60.83984375 -23.85810546874997
-60.50537109375 -23.96357421875004
-60.26220703125 -24.013964843750003
-60.11030273437498 -24.00917968750001
-59.892480468749994 -24.093554687499974
-59.60859374999998 -24.266796875
-59.43540039062498 -24.387011718749974
-59.37294921874994 -24.453906250000017
-59.18725585937494 -24.56230468749999
-58.724023437499994 -24.78662109375003
-58.519628906250006 -24.842871093750034
-58.42280273437498 -24.894140625
-58.36538085937502 -24.95927734375003
-58.30869140624992 -24.97910156249999
-58.252783203125006 -24.953808593749983
-58.13647460937503 -24.977148437500034
-57.959814453125006 -25.04921875
-57.82167968750002 -25.136425781249983
-57.64389648437495 -25.328417968750017
-57.58715820312503 -25.405078125
-57.563134765624994 -25.473730468750034
-57.571679687499966 -25.534179687500014
-57.62583007812498 -25.59873046875002
-57.725488281249966 -25.66718750000001
-57.754785156249966 -25.697070312499974
-57.757080078125 -25.72597656250001
-57.78247070312503 -25.783691406250043
-57.865234375 -25.90693359375001
-57.88623046875003 -25.964257812499966
-57.890625 -26.00654296874997
-57.94311523437497 -26.052929687499997
-58.08242187500002 -26.138574218750037
-58.11113281250002 -26.180175781249986
-58.118066406249994 -26.224902343750045
-58.13564453125002 -26.25146484375003
-58.1546875 -26.262597656249994
-58.18149414062495 -26.307421874999974
-58.203027343749994 -26.381445312499963
-58.20517578124998 -26.47656249999997
-58.187939453124926 -26.59257812499999
-58.191308593749994 -26.629980468749963
-58.222070312499966 -26.65
-58.23935546874992 -26.676855468750006
-58.245556640624955 -26.731054687500034
-58.271679687499926 -26.77070312500004
-58.31767578124999 -26.795898437500014
-58.33466796874998 -26.82490234374997
-58.32255859374999 -26.857617187499983
-58.35644531249997 -26.89003906250001
-58.43632812499999 -26.921972656250034
-58.48525390625002 -26.968457031249997
-58.50322265624996 -27.029492187499997
-58.54770507812495 -27.083984375
-58.61860351562501 -27.13212890625003
-58.64174804687502 -27.196093750000017
-58.60483398437495 -27.314355468750037
-58.16826171875002 -27.273437499999957
-57.812207031249955 -27.316601562500054
-57.391259765624994 -27.430468749999974
-57.11181640625 -27.470117187499966
-56.97397460937498 -27.435742187499983
-56.87172851562502 -27.440625
-56.80517578124994 -27.484667968750003
-56.71572265624994 -27.49375
-56.60336914062498 -27.467871093749963
-56.51054687499996 -27.487890625000034
-56.43715820312494 -27.553808593749963
-56.370507812499966 -27.537402343750003
-56.310546875 -27.438769531249974
-56.24169921875 -27.366796874999977
-56.1640625 -27.321484374999983
-56.06733398437501 -27.30771484375002
-55.95146484374993 -27.32568359375003
-55.85903320312502 -27.36191406250005
-55.78999023437498 -27.416406250000037
-55.71464843750002 -27.41484374999999
-55.63291015624998 -27.35712890625004
-55.59379882812499 -27.288085937500014
-55.59726562499998 -27.207617187499963
-55.564892578124955 -27.15
-55.49672851562502 -27.11533203124999
-55.450634765624955 -27.068359375000014
-55.426660156249966 -27.00927734374997
-55.345800781250006 -26.97314453124997
-55.2080078125 -26.96015625
-55.13593749999998 -26.931152343750043
-55.12963867187503 -26.88603515624999
-55.08886718749997 -26.844531249999974
-55.01362304687501 -26.806640624999986
-54.962158203125 -26.759375
-54.934472656249966 -26.70253906250001
-54.888916015625 -26.666796875
-54.82548828124996 -26.652246093749966
-54.75507812500001 -26.532910156249997
-54.67773437499997 -26.308789062499983
-54.63193359374998 -26.00576171874998
-54.615869140624966 -25.576074218750023
-54.53784179687497 -25.576464843750003
-54.50151367187496 -25.60830078125001
-54.443945312500034 -25.625
-54.38334960937496 -25.588671875
-54.331884765625034 -25.571875
-54.25009765624998 -25.57041015625002
-54.206152343750006 -25.52958984374996
-54.15458984374996 -25.52304687500005
-54.11923828124998 -25.54521484375003
-54.08500976562502 -25.571875
-54.012304687500034 -25.577929687500045
-53.954785156249955 -25.64765625000004
-53.89116210937496 -25.668847656249994
-53.864208984374955 -25.748828125000045
-53.82324218749997 -25.95957031249999
-53.74692382812498 -26.083691406250054
-53.67128906250002 -26.225097656249986
-53.66855468749998 -26.288183593749963
-53.7109375 -26.351855468749974
-53.718164062499966 -26.443164062500003
-53.744580078124926 -26.66650390625003
-53.75332031250002 -26.748632812499977
-53.727148437500034 -26.80468750000003
-53.71728515624997 -26.882812499999957
-53.75849609375001 -26.97832031249996
-53.83818359374999 -27.121093750000014
-53.915625 -27.159570312500037
-53.93535156249999 -27.1611328125
-54.040136718750006 -27.24375
-54.11381835937502 -27.274707031250045
-54.15644531249998 -27.25380859375005
-54.205224609374994 -27.289648437499977
-54.26015625 -27.382031250000054
-54.327001953125006 -27.423535156249983
-54.448144531249994 -27.44648437500004
-54.48432617187501 -27.45732421875003
-54.554931640625 -27.4541015625
-54.61542968749998 -27.477148437499977
-54.665869140625034 -27.52656250000001
-54.7197265625 -27.54492187500003
-54.77709960937497 -27.53251953124999
-54.8291015625 -27.550585937500017
-54.87573242187497 -27.599218749999977
-54.90278320312498 -27.651953124999977
-54.91020507812499 -27.708593749999977
-54.95590820312498 -27.74716796875002
-55.039941406249966 -27.76777343750004
-55.06899414062502 -27.79628906249998
-55.06386718749994 -27.835937499999986
-55.10151367187498 -27.86679687500005
-55.24375 -27.898828125
-55.34648437499996 -27.95595703125001
-55.409814453124994 -28.037792968749983
-55.476660156250006 -28.08935546875
-55.58237304687498 -28.120996093749966
-55.725488281249994 -28.20410156250003
-55.745996093749994 -28.25546875
-55.691503906250006 -28.302832031249977
-55.671972656250006 -28.344921875000026
-55.68725585937503 -28.381640625000045
-55.73198242187499 -28.386621093749994
-55.806054687499966 -28.359765625000023
-55.85888671875 -28.354199218750054
-55.890527343749966 -28.37001953124998
-55.905419921874966 -28.39960937499997
-55.90366210937498 -28.44326171874998
-55.93017578124994 -28.47285156249997
-55.98491210937499 -28.488574218749974
-56.01962890624998 -28.52460937500004
-56.03422851562502 -28.580859375000045
-56.10288085937498 -28.65175781250001
-56.22553710937498 -28.73720703125001
-56.322363281250006 -28.852441406250037
-56.39326171874998 -28.997265625000054
-56.47597656249994 -29.092480468749997
-56.570703124999966 -29.13808593750005
-56.635839843750006 -29.20302734375005
-56.671533203124994 -29.287304687499983
-56.77246093749994 -29.417871093750037
-56.938623046874966 -29.59482421875002
-57.08935546875003 -29.716210937499966
-57.22465820312496 -29.782128906249994
-57.300683593749994 -29.85654296875005
-57.31748046874998 -29.93945312499997
-57.40522460937498 -30.033886718750026
-57.563867187499966 -30.13994140624996
-57.60888671875 -30.18779296875003
-57.64575195312497 -30.226953125000023
-57.65087890625003 -30.295019531250034
-57.71269531250002 -30.38447265625004
-57.831201171874994 -30.495214843749963
-57.87250976562498 -30.591015625000026
-57.81855468749998 -30.712011718749977
-57.81059570312496 -30.85859375
-57.83408203124995 -30.917480468750014
-57.88632812499995 -30.93740234374998
-57.89829101562498 -30.97519531250005
-57.87006835937501 -31.03105468749996
-57.86840820312503 -31.10439453124998
-57.89335937499996 -31.19531250000003
-57.94833984374998 -31.29941406250002
-58.03339843749998 -31.41660156249999
-58.053857421874966 -31.49492187499996
-58.00966796874994 -31.534375
-57.987988281249955 -31.576171875
-57.98886718749998 -31.620605468749986
-58.00698242187502 -31.68496093750005
-58.04233398437492 -31.769238281249983
-58.095849609374994 -31.83183593750003
-58.16748046875003 -31.87265625
-58.18901367187496 -31.924218750000023
-58.160400390625 -31.986523437500026
-58.15634765624998 -32.05156250000003
-58.177001953125 -32.11904296875002
-58.164794921875 -32.18486328125002
-58.11972656249998 -32.24892578125001
-58.12304687499994 -32.321875
-58.20117187499997 -32.4716796875
-58.21997070312497 -32.56396484374997
-58.170996093750034 -32.959277343750045
-58.20078124999998 -33.01464843750004
-58.250390624999966 -33.078320312500054
-58.30888671874996 -33.08291015625001
-58.37597656249997 -33.071875
-58.424462890624966 -33.11152343749997
-58.45483398437494 -33.285937499999974
-58.547216796875034 -33.66347656249998
-58.53056640625002 -33.75302734375002
-58.45659179687496 -33.89833984375004
-58.42949218749993 -33.99091796874998
-58.409033203125034 -34.0607421875
-58.39248046874994 -34.19296875000002
-58.43549804687501 -34.25253906249999
-58.47524414062502 -34.26298828124999
-58.52548828124995 -34.29619140625
-58.466210937499966 -34.45742187499999
-58.4189453125 -34.531640625
-58.283349609374994 -34.68349609375004
-57.763574218749994 -34.89453125000004
-57.5478515625 -35.018945312499994
-57.30366210937498 -35.18847656249997
-57.17065429687497 -35.3625
-57.15888671874998 -35.50595703124999
-57.35390625000002 -35.72031249999996
-57.37548828124997 -35.90029296875004
-57.33544921874997 -36.02675781250005
-57.264990234375006 -36.14414062499998
-57.076171875 -36.296777343749994
-56.93715820312502 -36.352539062499986
-56.74946289062498 -36.34648437499999
-56.717382812500006 -36.38906250000005
-56.69809570312498 -36.42646484375004
-56.66826171874996 -36.735253906249966
-56.672021484374994 -36.85126953124998
-56.72714843749995 -36.95771484375
-57.08769531249996 -37.44638671874999
-57.395751953125 -37.74462890625
-57.50727539062498 -37.90927734374996
-57.546972656250006 -38.08564453125001
-57.645605468750034 -38.16962890624998
-58.17919921875003 -38.43583984375003
-59.007226562499966 -38.673339843750014
-59.67626953125 -38.7966796875
-59.82832031249998 -38.83818359375003
-60.90395507812502 -38.97392578125006
-61.112207031249994 -38.99296875000003
-61.38286132812496 -38.980859374999966
-61.60253906249994 -38.998828124999974
-61.84790039062503 -38.961816406249994
-62.06689453124997 -38.919140625
-62.18925781249993 -38.81328125000002
-62.33476562500002 -38.80009765624999
-62.37446289062501 -38.85292968750001
-62.303613281249966 -38.98808593750002
-62.33808593749998 -39.15058593749998
-62.295068359374994 -39.243261718750034
-62.20908203124998 -39.261816406250006
-62.12646484375003 -39.309765625
-62.053662109374926 -39.37382812499999
-62.179345703124966 -39.38046875000002
-62.13056640624998 -39.43154296875002
-62.07680664062494 -39.461523437500006
-62.082763671875 -39.568359375000014
-62.13154296874998 -39.82539062499997
-62.25395507812496 -39.88046875
-62.28691406249993 -39.8953125
-62.32397460937503 -39.950683593750014
-62.40185546875 -40.19658203125002
-62.42700195312497 -40.35595703124997
-62.39360351562499 -40.458789062500045
-62.24633789062503 -40.67460937500006
-62.30185546874995 -40.81464843749998
-62.39501953125003 -40.890820312500054
-62.797998046874966 -41.04716796875002
-62.95903320312499 -41.109667968750045
-63.21284179687501 -41.15244140624996
-63.62177734375001 -41.159765625000034
-63.77299804687499 -41.15
-64.12319335937502 -41.007812499999986
-64.38344726562502 -40.922460937500006
-64.62148437500002 -40.854492187500014
-64.85297851562493 -40.81376953124999
-64.81987304687493 -40.793261718749974
-64.80439453124998 -40.756542968750054
-64.869482421875 -40.73583984375
-64.91689453125 -40.73134765624998
-65.06943359374998 -40.805273437500034
-65.13339843750003 -40.88066406250002
-65.15185546874997 -40.946972656250026
-65.15498046875001 -41.105664062500026
-65.12788085937498 -41.23876953124997
-65.01826171874995 -41.56689453125003
-65.00703124999995 -41.745117187500014
-65.05908203125 -41.96992187499998
-64.98637695312502 -42.102050781249986
-64.89804687499998 -42.16181640625
-64.69951171875002 -42.22080078125002
-64.62246093749997 -42.261035156250045
-64.53774414062502 -42.25458984374997
-64.51171874999994 -42.270214843750054
-64.52421875000002 -42.29921875
-64.57412109374997 -42.355957031250014
-64.57099609374995 -42.416015625
-64.42041015625 -42.43378906249998
-64.26459960937498 -42.4216796875
-64.10087890625002 -42.395117187500006
-64.06220703124995 -42.35341796875004
-64.061181640625 -42.266113281250014
-64.2529296875 -42.25078125
-64.228515625 -42.21826171875003
-64.08325195312497 -42.18281250000001
-63.89287109374999 -42.12460937499996
-63.795556640624966 -42.11386718749999
-63.72949218750003 -42.15292968750005
-63.684765624999955 -42.18867187500004
-63.62988281249997 -42.282714843750014
-63.59589843749998 -42.40654296875002
-63.594433593749955 -42.55556640625001
-63.617333984374994 -42.69580078124997
-63.644482421874926 -42.74570312500002
-63.692480468750034 -42.80527343749999
-64.03476562500003 -42.88125
-64.13066406249996 -42.86142578124998
-64.21992187500001 -42.75556640624998
-64.24794921874997 -42.64609374999998
-64.32426757812496 -42.57226562500003
-64.48784179687499 -42.513476562500045
-64.65048828124998 -42.53144531249998
-64.81196289062501 -42.633203125
-64.97070312500003 -42.66630859375
-65.02690429687502 -42.75888671875005
-64.62919921874999 -42.908984374999974
-64.44155273437497 -42.95068359375004
-64.38037109375003 -42.94921875
-64.31914062499999 -42.968945312500026
-64.37568359374995 -43.024609375
-64.4322265625 -43.05917968750002
-64.71523437500002 -43.135546875000045
-64.83994140625003 -43.18886718749998
-64.98554687499995 -43.29355468749999
-65.18974609374999 -43.522070312500006
-65.25234375000002 -43.571875
-65.28359375 -43.62998046875005
-65.30468750000003 -43.7875
-65.23857421874999 -44.04873046875001
-65.30839843749999 -44.158203125000014
-65.26552734374997 -44.2796875
-65.28984374999993 -44.36074218749998
-65.36127929687501 -44.47734375000002
-65.647607421875 -44.661425781250045
-65.69833984375003 -44.796191406250045
-65.59912109374997 -44.87558593749998
-65.605712890625 -44.94501953125
-65.63876953124998 -45.0078125
-65.75771484374997 -45.00712890625003
-66.19013671874995 -44.96474609375002
-66.34775390625 -45.03359375
-66.49360351562495 -45.11757812499998
-66.533447265625 -45.1578125
-66.58505859375003 -45.18291015625006
-66.88247070312494 -45.22763671875002
-66.94140624999997 -45.25732421875003
-67.25761718749999 -45.577246093750006
-67.39301757812495 -45.77558593750001
-67.55664062499997 -45.97011718750002
-67.59956054687493 -46.05253906250003
-67.60888671874997 -46.16679687500003
-67.58608398437502 -46.26953125
-67.56337890625002 -46.34541015625001
-67.50644531249998 -46.44277343750004
-67.38662109375 -46.553808593750006
-66.77685546875003 -47.005859375
-66.650390625 -47.04531249999995
-65.99853515625 -47.09375
-65.85366210937497 -47.156738281250014
-65.76909179687496 -47.25673828124995
-65.73808593749996 -47.34492187499998
-65.775390625 -47.56835937500003
-65.81430664062503 -47.63818359375004
-65.88632812499995 -47.7015625
-66.040625 -47.78330078125002
-66.225244140625 -47.82675781249999
-66.17236328124997 -47.85761718749998
-66.09736328124995 -47.85322265624997
-65.93422851562494 -47.82675781249999
-65.86367187499997 -47.85322265624997
-65.81005859374997 -47.941113281250026
-65.91215820312499 -47.9767578125
-65.94340820312496 -48.01933593750006
-66.01718749999998 -48.08427734375006
-66.39335937499996 -48.34238281249998
-66.5962890625 -48.41953124999996
-66.78281249999998 -48.522949218749986
-67.03310546875 -48.62773437500002
-67.13095703125003 -48.687890625000016
-67.263330078125 -48.8142578125
-67.46630859374997 -48.95175781250004
-67.68486328124999 -49.24667968749999
-67.693701171875 -49.30400390625004
-67.66196289062503 -49.3421875
-67.78349609375002 -49.858886718750014
-67.82597656249996 -49.91962890625005
-67.91396484374994 -49.98447265625002
-68.145654296875 -50.09140625000005
-68.2572265625 -50.10458984374998
-68.404638671875 -50.042675781249976
-68.48789062499998 -49.97792968750002
-68.56928710937495 -49.86699218749998
-68.667578125 -49.75253906250002
-68.67265625 -49.79345703125001
-68.63847656250002 -49.862988281250054
-68.66162109375003 -49.93574218750004
-68.91298828125 -49.96875
-68.97958984374998 -50.003027343749984
-68.75268554687503 -49.987695312499966
-68.59794921874993 -50.009472656250054
-68.53256835937503 -50.03613281249998
-68.47373046875003 -50.09140625000005
-68.421875 -50.157910156250004
-68.46542968750003 -50.19472656249996
-68.58935546874997 -50.225195312500034
-68.74985351562498 -50.28115234374998
-68.93945312499997 -50.382324218749986
-69.04477539062503 -50.49912109374998
-69.09018554687503 -50.583105468750034
-69.14140624999999 -50.7525390625
-69.15498046875001 -50.864453124999976
-69.23515624999999 -50.95058593750002
-69.35859375000001 -51.028125
-69.35175781249995 -51.04580078124997
-69.26796875000002 -51.006152343749974
-69.20102539062498 -50.99365234375001
-69.14350585937498 -51.09697265625
-69.06572265625002 -51.30351562499998
-69.02958984374996 -51.446484374999976
-69.03530273437497 -51.48896484375002
-69.05830078124993 -51.54716796875006
-69.21806640624999 -51.56123046875
-69.36054687499995 -51.559472656249994
-69.4654296875 -51.58447265625002
-69.40908203125 -51.61025390625004
-69.31303710937496 -51.60107421875003
-69.18012695312498 -51.66230468749998
-69.03251953125002 -51.63623046875
-68.96533203125 -51.67714843749999
-68.91679687499996 -51.71464843749999
-68.69082031250002 -52.01308593750004
-68.49350585937498 -52.197558593750045
-68.39375 -52.307031249999966
-68.44335937499997 -52.35664062500004
-68.46098632812502 -52.29042968749996
-68.58979492187495 -52.27333984375003
-68.71518554687503 -52.255468750000034
-68.92456054687494 -52.20810546874998
-69.20620117187497 -52.136132812499966
-69.488427734375 -52.136132812499966
-69.71259765625001 -52.075390625000026
-69.96025390625002 -52.008203125000016
-70.48286132812498 -52.002246093750045
-70.94316406249996 -51.99814453125001
-71.41474609374995 -51.993945312500045
-71.71660156249999 -51.99130859375004
-71.91865234375001 -51.98955078125004
-71.97109374999997 -51.96416015625002
-71.953466796875 -51.88037109375
-72.02841796875 -51.81865234375004
-72.136962890625 -51.74404296875002
-72.26899414062498 -51.69111328124999
-72.33452148437502 -51.62031250000004
-72.40766601562498 -51.54082031250001
-72.36640624999993 -51.470312500000034
-72.30322265625003 -51.29892578125003
-72.30185546875 -51.22333984374999
-72.35917968749996 -51.17041015625004
-72.376806640625 -51.09541015625004
-72.35917968749996 -51.06015624999996
-72.307373046875 -51.03339843750002
-72.27631835937495 -50.91025390624998
-72.30063476562503 -50.78955078124999
-72.34023437500002 -50.68183593749998
-72.39257812500003 -50.63427734374998
-72.46015624999993 -50.61171875
-72.50981445312502 -50.607519531250034
-72.62041015624999 -50.64765625000004
-72.80361328125002 -50.637695312499964
-72.86591796875001 -50.653125
-72.95556640624997 -50.69648437500004
-73.08237304687495 -50.76035156249999
-73.15292968750003 -50.73828125000003
-73.17451171874998 -50.67001953124998
-73.22163085937498 -50.61074218749998
-73.25161132812497 -50.558496093749994
-73.27416992187494 -50.47255859374998
-73.31171874999995 -50.3619140625
-73.38662109374994 -50.231152343750004
-73.50126953124993 -50.125292968750024
-73.50771484375002 -50.03027343750003
-73.52890624999998 -49.91093750000005
-73.47041015624995 -49.79453125000005
-73.504541015625 -49.698046875000024
-73.57626953125003 -49.582910156250016
-73.55419921874997 -49.46386718750001
-73.483642578125 -49.39765625000002
-73.46157226562502 -49.3138671875
-73.13525390624997 -49.30068359374998
-73.14887695312501 -49.18798828125003
-73.09458007812495 -49.096875
-73.03364257812498 -49.014355468750004
-72.98173828124996 -48.97675781249998
-72.86542968749998 -48.94394531250005
-72.72846679687498 -48.89628906250002
-72.65126953124997 -48.84160156249998
-72.61440429687502 -48.79287109375
-72.59174804687501 -48.7296875
-72.58593749999997 -48.6625
-72.60839843750003 -48.519335937500045
-72.58286132812498 -48.475390624999974
-72.49814453125003 -48.41738281249998
-72.35473632812494 -48.365820312500034
-72.29301757812499 -48.22910156249999
-72.32832031249998 -48.11005859374998
-72.40791015624995 -48.01591796874999
-72.50908203124996 -47.97333984375001
-72.51791992187498 -47.87636718749998
-72.47221679687499 -47.78417968750003
-72.41259765625003 -47.685546875
-72.34150390625001 -47.572070312499974
-72.34594726562503 -47.49267578124997
-72.28291015624998 -47.44628906250003
-72.10341796875 -47.342773437499986
-72.04169921874995 -47.241406250000026
-71.97851562499997 -47.213867187500014
-71.90498046874998 -47.201660156250014
-71.90053710937497 -47.14433593750006
-71.954248046875 -47.0875
-71.96298828125 -47.01601562500002
-71.95664062500003 -46.93681640625006
-71.94023437499999 -46.83125
-71.85644531249997 -46.79160156250005
-71.73271484374999 -46.70585937499999
-71.69965820312498 -46.651367187499986
-71.69521484374997 -46.578417968750045
-71.73129882812503 -46.42783203125002
-71.76210937500002 -46.31982421875004
-71.77763671874999 -46.27998046875
-71.83413085937502 -46.20673828125
-71.87568359374998 -46.160546875
-71.80927734374995 -46.10273437500004
-71.68447265625 -46.041894531249994
-71.63154296874998 -45.95371093749996
-71.680078125 -45.87871093750006
-71.750634765625 -45.83906249999997
-71.77265624999995 -45.72441406250006
-71.74619140624998 -45.57890624999999
-71.69331054687495 -45.53476562499998
-71.50810546874996 -45.5126953125
-71.49042968750001 -45.4376953125
-71.34931640624993 -45.33193359375004
-71.35375976562494 -45.23046874999997
-71.44345703125003 -45.16826171875
-71.53129882812499 -45.06787109374997
-71.59628906249998 -44.979199218750026
-71.81235351562503 -44.9306640625
-72.04169921874995 -44.90419921875002
-72.072509765625 -44.820410156250006
-72.063720703125 -44.771875
-71.95703125000003 -44.791503906249986
-71.78281249999998 -44.77441406249997
-71.65166015624999 -44.77041015625004
-71.56040039062503 -44.76201171875002
-71.45517578125 -44.74980468750002
-71.35815429687497 -44.78515625000003
-71.2611328125 -44.763085937499966
-71.22148437500002 -44.63076171875001
-71.15971679687496 -44.56025390625004
-71.15087890625 -44.49404296874995
-71.21259765624998 -44.44121093750003
-71.32573242187502 -44.42490234374999
-71.82001953125001 -44.38310546875
-71.83505859375003 -44.33017578124996
-71.83076171874995 -44.24140625
-71.81210937499998 -44.15078125
-71.81235351562503 -44.10605468750005
-71.76718749999998 -44.06669921875003
-71.71616210937498 -43.98447265624998
-71.680078125 -43.92958984374998
-71.71596679687502 -43.85839843750004
-71.79472656249999 -43.75322265625002
-71.73740234375003 -43.7046875
-71.73276367187498 -43.64677734375
-71.750634765625 -43.59013671875002
-71.83242187499994 -43.52714843750006
-71.90498046874998 -43.44013671875001
-71.90498046874998 -43.34755859374998
-71.82021484374994 -43.322949218750026
-71.76386718750001 -43.294628906250026
-71.750634765625 -43.237304687499986
-71.78149414062497 -43.16679687500002
-71.89858398437502 -43.14531249999999
-72.05468750000003 -43.10195312500004
-72.10239257812498 -43.065625
-72.14643554687498 -42.99003906250006
-72.11362304687503 -42.77675781249995
-72.130029296875 -42.64824218750006
-72.14370117187494 -42.57714843749996
-72.10541992187495 -42.522460937500014
-72.05346679687494 -42.47324218750002
-72.078125 -42.358496093750006
-72.12460937499998 -42.29833984375
-72.10820312499999 -42.25185546874995
-72.06440429687495 -42.20537109374999
-72.02612304687497 -42.147949218750014
-71.99331054687497 -42.13427734374997
-71.94409179687497 -42.167089843750006
-71.86079101562495 -42.147851562499994
-71.76093749999995 -42.10146484374995
-71.75 -42.04677734375001
-71.77001953125003 -41.96855468750006
-71.844482421875 -41.77197265624997
-71.91127929687502 -41.650390624999986
-71.897607421875 -41.60664062500004
-71.87114257812502 -41.56054687499997
-71.89218749999995 -41.39335937500002
-71.88559570312503 -41.292382812499966
-71.880712890625 -40.99462890624997
-71.87304687499997 -40.89296874999995
-71.94135742187493 -40.789160156250034
-71.93212890625 -40.69169921874999
-71.88378906250003 -40.62060546874997
-71.83852539062494 -40.524414062500014
-71.80463867187498 -40.439160156250054
-71.76914062500003 -40.40087890624997
-71.70898437500003 -40.38173828124998
-71.6953125 -40.33525390625002
-71.72265624999997 -40.299707031249966
-71.80058593749996 -40.24433593749997
-71.81831054687501 -40.17666015625004
-71.80195312499995 -40.124707031250026
-71.76367187499997 -40.09462890625002
-71.70439453124999 -40.094921875
-71.65976562500003 -40.02080078124999
-71.64711914062494 -39.929199218749986
-71.63789062500001 -39.88681640624996
-71.67207031249995 -39.83330078124999
-71.69682617187496 -39.707031250000014
-71.71992187499995 -39.63525390624996
-71.69257812499998 -39.605175781250054
-71.654296875 -39.59423828125004
-71.58701171874995 -39.61113281250002
-71.53945312499994 -39.60244140625002
-71.53125 -39.56416015625004
-71.52578125 -39.52314453125004
-71.50776367187498 -39.495214843750034
-71.46538085937496 -39.40234375000003
-71.42001953125003 -39.28720703125002
-71.409375 -39.205957031249994
-71.42558593750002 -38.985644531250045
-71.40156250000001 -38.93505859375004
-71.35317382812502 -38.888867187500054
-71.28574218750003 -38.84541015624998
-71.19726562499997 -38.809375
-71.08710937499998 -38.757519531250026
-70.95161132812501 -38.738476562500054
-70.89692382812495 -38.681054687499994
-70.85864257812497 -38.60449218750003
-70.84765624999997 -38.541601562500006
-70.899658203125 -38.49785156250006
-70.96796874999995 -38.44589843750005
-71.00048828125003 -38.31484375
-71.01816406249998 -38.19394531250005
-71.02817382812498 -38.041210937500026
-71.09619140624997 -37.90996093750002
-71.16757812500003 -37.76230468750005
-71.18671874999995 -37.63105468750004
-71.16284179687497 -37.55917968750005
-71.13481445312502 -37.44511718749999
-71.16489257812503 -37.39326171875
-71.20039062499998 -37.30029296874997
-71.1634765625 -37.227441406249966
-71.11840820312497 -37.11435546875002
-71.12382812500002 -37.056933593750045
-71.159375 -36.92021484374999
-71.19218749999999 -36.84365234375002
-71.159375 -36.76162109375001
-71.10742187499994 -36.68505859374996
-71.06640625000003 -36.64404296875004
-71.0732421875 -36.57802734375001
-71.05551757812503 -36.523730468750045
-70.97792968749994 -36.4873046875
-70.90512695312503 -36.41992187500003
-70.85317382812502 -36.41171875000005
-70.790283203125 -36.41171875000005
-70.749267578125 -36.39257812499997
-70.73286132812493 -36.340625
-70.72192382812503 -36.283203124999986
-70.621875 -36.21191406250003
-70.56337890624997 -36.146386718749994
-70.45673828124998 -36.13271484375005
-70.40478515624997 -36.06171874999998
-70.403662109375 -35.970507812500045
-70.41572265624998 -35.87851562500005
-70.38017578124993 -35.771875
-70.41972656250002 -35.609179687499974
-70.41572265624998 -35.52304687500002
-70.45673828124998 -35.451953125
-70.44853515625002 -35.37539062500004
-70.47041015624993 -35.32617187499996
-70.53232421875003 -35.307910156249974
-70.55517578124997 -35.246875
-70.52509765624998 -35.21679687499997
-70.46660156249996 -35.19365234374996
-70.3931640625 -35.146875
-70.338134765625 -34.921777343749994
-70.312109375 -34.854980468749986
-70.286767578125 -34.77451171875002
-70.28994140625002 -34.73281250000005
-70.2546875 -34.67265625
-70.21069335937497 -34.58125
-70.14125976562502 -34.49287109375001
-70.10146484375 -34.432031249999966
-70.06298828124997 -34.35
-70.05205078124996 -34.30078124999996
-70.00283203125 -34.27626953125004
-69.94633789062502 -34.26992187499998
-69.87978515624997 -34.254394531250014
-69.85244140625 -34.22431640625001
-69.85737304687501 -34.18046875
-69.86152343749998 -34.083593750000034
-69.88149414062497 -33.92978515624996
-69.89433593749999 -33.73134765625004
-69.882568359375 -33.60097656250004
-69.83876953124997 -33.46972656250003
-69.79775390624994 -33.398632812500026
-69.80869140625003 -33.34394531249998
-69.81962890624996 -33.28378906249999
-69.89619140625001 -33.25097656249996
-69.96904296875002 -33.27939453124998
-70.01982421874999 -33.27148437499997
-70.08486328125 -33.20175781249998
-70.10400390625 -33.12792968750003
-70.09306640624999 -33.02675781250002
-70.042138671875 -32.96367187499996
-70.02197265624997 -32.88457031250002
-70.05205078124996 -32.85996093749998
-70.11616210937498 -32.80742187500002
-70.17695312500001 -32.62607421875002
-70.16962890624995 -32.4716796875
-70.22978515624993 -32.4306640625
-70.25781249999997 -32.30996093750001
-70.32001953124995 -32.26669921874999
-70.34462890625 -32.17646484375
-70.36376953124997 -32.08349609374997
-70.35556640624998 -32.04238281250004
-70.29091796874997 -32.03105468750003
-70.25439453124997 -31.95771484375001
-70.28173828124997 -31.91660156249999
-70.33095703124994 -31.881054687500026
-70.39384765624996 -31.883789062499957
-70.45014648437498 -31.84189453125005
-70.525634765625 -31.66640625
-70.58520507812497 -31.56943359375005
-70.56640624999994 -31.427929687499997
-70.55468749999997 -31.31738281250003
-70.52905273437497 -31.222851562500054
-70.51958007812502 -31.148437499999986
-70.47309570312495 -31.112792968750014
-70.42939453125001 -31.12929687499999
-70.38837890625001 -31.121093750000014
-70.35058593749994 -31.06044921875001
-70.30908203125003 -31.022656250000026
-70.31181640624996 -30.992578125000037
-70.33642578125 -30.959765625
-70.34814453125 -30.90234375000003
-70.31923828124997 -30.833984374999957
-70.269384765625 -30.67724609375
-70.1939453125 -30.504687500000017
-70.16142578124996 -30.44023437500003
-70.16962890624995 -30.385546875
-70.15322265624997 -30.36093750000005
-70.10200195312493 -30.38828125000002
-69.95634765625002 -30.358203125000017
-69.90712890625002 -30.281640624999966
-69.88803710937503 -30.21328125
-69.84428710937502 -30.175
-69.86337890625 -30.120312500000054
-69.92353515624998 -30.10390625
-69.95996093749994 -30.078320312500026
-69.94545898437502 -30.016406250000017
-69.92412109375002 -29.87402343749997
-69.92763671875002 -29.769140625
-69.98261718749995 -29.545410156249986
-70.02680664062498 -29.324023437500003
-69.99560546875003 -29.25
-69.90034179687498 -29.148828125000023
-69.82788085937494 -29.103222656250054
-69.81484374999997 -29.04550781250002
-69.74316406250003 -28.78388671875001
-69.73491210937502 -28.64111328124997
-69.68789062499994 -28.562011718750014
-69.65693359374995 -28.41357421874997
-69.52714843749996 -28.28564453125003
-69.48886718749998 -28.200878906249983
-69.43691406249997 -28.192675781250003
-69.4095703125 -28.16533203125003
-69.34072265625 -28.070800781250043
-69.25122070312497 -27.97363281249997
-69.17441406249998 -27.924707031250037
-69.15527343749997 -27.848144531249986
-69.11850585937503 -27.743554687499994
-69.04218749999993 -27.570019531249983
-68.99941406250002 -27.44902343750003
-68.94199218750003 -27.40517578124998
-68.87509765625 -27.24667968750002
-68.846337890625 -27.153710937499994
-68.76977539062494 -27.11542968750001
-68.70961914062497 -27.1044921875
-68.65219726562498 -27.14833984375005
-68.59208984374999 -27.14003906250005
-68.53735351562503 -27.08535156250001
-68.40537109374998 -27.048144531249974
-68.34599609374996 -27.027929687500034
-68.31865234374996 -26.97324218749999
-68.31865234374996 -26.877539062500034
-68.37333984375002 -26.80644531250003
-68.48510742187494 -26.6703125
-68.58115234374998 -26.51835937499996
-68.59160156249999 -26.470410156250054
-68.59218750000002 -26.41806640625005
-68.57578125000003 -26.35195312499999
-68.52983398437502 -26.27695312499999
-68.41450195312495 -26.15371093750001
-68.42675781249997 -26.06542968749997
-68.51083984374995 -25.741015625000045
-68.54189453124997 -25.651562500000026
-68.60029296874998 -25.485644531249974
-68.59208984374999 -25.42001953125002
-68.54082031250002 -25.23671875
-68.49633789062503 -25.162988281249966
-68.43071289062499 -25.149316406250023
-68.39521484374993 -25.124707031249983
-68.38422851562501 -25.091894531249963
-68.42802734374996 -25.050976562499983
-68.44711914062503 -24.998925781250037
-68.46630859375003 -24.925195312500023
-68.52705078124998 -24.899218749999974
-68.56201171875 -24.837695312500045
-68.56201171875 -24.74736328125003
-68.50727539062495 -24.629785156249966
-68.44711914062503 -24.59697265625003
-68.42255859375001 -24.54511718750004
-68.35810546875001 -24.49726562499997
-68.29951171874998 -24.460351562499994
-68.25029296874999 -24.391992187500023
-68.04736328125003 -24.308300781250026
-67.88623046874997 -24.243359375000026
-67.57177734374997 -24.11894531249999
-67.356201171875 -24.03378906250005
-67.335595703125 -23.974804687500026
-67.31914062500002 -23.93466796875002
-67.21914062499997 -23.63398437500004
-67.08974609375 -23.245117187499957
-67.00878906250003 -23.001367187500037
-67.19487304687499 -22.821679687500023
-67.16191406249996 -22.77382812500005
-67.055419921875 -22.650878906249957
-67.033544921875 -22.55224609375003
-66.99111328124997 -22.509863281250006
-66.80029296875 -22.409667968750014
-66.76748046874997 -22.343066406250045
-66.750634765625 -22.26933593750003
-66.71171874999999 -22.21630859374997
-66.639013671875 -22.20537109374996
-66.50698242187502 -22.158398437499983
-66.36518554687498 -22.113769531249957
-66.32246093749998 -22.053125
-66.28212890624994 -21.947460937499997
-66.24760742187502 -21.830468749999966
-66.22016601562493 -21.80253906249996
-66.17465820312498 -21.805664062499986
-66.09858398437495 -21.83505859375002
-66.05859374999997 -21.879492187500006
-65.86015625 -22.019726562499983
-65.77104492187502 -22.099609375

