45.51435546875018 40.59956054687498
45.47880859375016 40.60698242187499
45.47880859375016 40.648339843749994
45.504492187500034 40.66484375
45.53417968749994 40.66401367187498
45.56230468749999 40.64916992187497
45.552343750000034 40.61606445312498

45.15234375 41.175146484375006
45.18857421875009 41.147412109374955
45.19023437500016 41.12636718750002
45.070703125000136 41.10083007812497
45.06259765625009 41.08813476562497
45.07050781250018 41.075585937499994
45.106054687500034 41.06933593750006
45.27343749999994 41.00625
45.36894531250016 41.00488281249997
45.41914062500007 40.98569335937498
45.444238281250136 40.94799804687503
45.524023437500034 40.89672851562497
45.5875 40.84692382812503
45.59140625000009 40.829736328124994
45.579394531250045 40.80449218749999
45.4013671875 40.70712890624998
45.37890624999994 40.67358398437497
45.37617187500018 40.63808593750002
45.45439453125016 40.532373046874994
45.56953125000007 40.41684570312498
45.735742187499966 40.32910156249997
45.96464843749999 40.233789062499994
45.96757812500016 40.17480468749997
45.93125 40.10468749999998
45.90009765625018 40.057080078124955
45.88593750000001 40.02485351562498
45.85810546875007 40.01127929687496
45.63017578125016 40.01420898437502
45.595996093750045 40.00283203125002
45.580957031249966 39.98901367187506
45.57978515625001 39.97753906250003
45.66181640625001 39.95620117187502
45.789648437500034 39.881103515625
45.863183593750136 39.808349609375
45.939941406250114 39.77656250000001
46.02587890624994 39.71855468750002
46.094824218750034 39.66445312499999
46.202050781250136 39.59448242187506
46.321679687499966 39.61743164062503
46.481445312500114 39.55517578125003
46.48808593750016 39.51284179687502
46.478125 39.47509765624997
46.37763671875001 39.43388671875002
46.365136718750136 39.41679687499999
46.365234375 39.40249023437502
46.378417968750114 39.38227539062498
46.43730468749999 39.34853515625002
46.50664062499999 39.29853515624998
46.584765625000045 39.22368164062499
46.55 39.201416015625
46.477148437500034 39.198193359374955
46.42031250000002 39.20737304687506
46.400292968750136 39.19218749999999
46.40146484375009 39.167675781249955
46.47539062500016 39.11088867187502
46.489843750000034 39.069433593750006
46.486718750000136 38.99746093750002
46.490625000000136 38.90668945312498
46.31777343750002 38.91264648437496
46.17011718750001 38.869042968749966
46.11445312500007 38.87778320312506
46.07744140625016 38.95488281249996
46.045898437500114 39.01752929687501
45.95185546875007 39.178125
45.977441406250136 39.24389648437503
45.92500000000018 39.281933593749955
45.79863281249999 39.350195312500006
45.76630859375018 39.37846679687502
45.784179687500114 39.417236328125
45.796484375000034 39.48813476562506
45.78447265625016 39.545605468749955
45.75048828125 39.56293945312501
45.68740234375002 39.56406249999998
45.61074218750002 39.5498046875
45.45683593749999 39.494482421875006
45.34990234375016 39.529882812500034
45.28828125000007 39.56557617187502
45.252539062500034 39.59545898437497
45.17255859375018 39.57060546874999
45.15283203125 39.58266601562505
45.14863281250001 39.656591796875006
45.12460937500009 39.69633789062502
45.07646484375016 39.742822265624994
45.031640624999966 39.76513671875
44.86718749999994 39.71914062500005
44.76826171875018 39.703515624999966
44.733789062499966 39.74648437500002
44.56044921875002 39.887597656249994
44.39960937500018 39.995751953124994
44.28925781250018 40.040380859375034
44.17802734375016 40.03574218749998
44.00537109375 40.01411132812501
43.941992187500034 40.02314453124998
43.79169921875018 40.07026367187498
43.66621093750018 40.126367187499966
43.68330078125018 40.149658203125
43.70986328125002 40.16650390624997
43.678125000000136 40.23930664062496
43.608398437500114 40.356591796874966
43.615820312500034 40.393310546875
43.59375 40.44404296875001
43.5693359375 40.48237304687501
43.667871093749966 40.574072265625034
43.712890625000114 40.64775390624996
43.722656250000114 40.71953125000002
43.69648437500001 40.79414062500001
43.63164062500016 40.92900390624996
43.59169921875002 40.968212890624955
43.517480468749966 41.004833984374955
43.45527343750018 41.064697265625
43.439453125 41.10712890625001
43.491992187500045 41.115527343750045
43.645019531250114 41.11665039062501
43.793164062500125 41.13110351562503
43.909179687500114 41.15898437500002
44.07724609375009 41.18251953125002
44.14648437500006 41.203369140625
44.22734374999999 41.21333007812498
44.473046875000136 41.19101562500006
44.56484375000002 41.20820312500001
44.841406250000034 41.21137695312504
44.84853515625008 41.220166015624955
44.810937500000136 41.24858398437496
44.81132812500016 41.259375
44.97587890624999 41.277490234374994
45.001367187500136 41.29096679687498
45.02294921875 41.245703125
45.08476562500016 41.195458984374994

45.00205078125009 41.01582031249998
45.02363281250007 41.027246093749994
45.02871093750002 41.053857421874994
45.021093750000034 41.077978515625034
44.99433593750001 41.085595703124994
44.96142578125 41.07924804687502
44.95888671875002 41.05263671875002
44.969042968750045 41.027246093749994

