158.8452148437501 -54.74921875000004
158.8359375 -54.70400390624997
158.89697265625 -54.50605468749997
158.95888671874997 -54.47236328125003
158.94560546875005 -54.575
158.87880859375002 -54.709765625

147.30888671875016 -43.50078125000002
147.2314453125 -43.48310546874997
147.15380859375 -43.50019531249998
147.10498046875 -43.43115234375004
147.10468750000018 -43.41289062500006
147.1630859375001 -43.43027343750005
147.18466796875003 -43.4078125
147.1984375 -43.37919921875003
147.2197265625001 -43.37138671875003
147.2339843750001 -43.330468749999966
147.28388671875 -43.27890625000002
147.3125 -43.28027343750004
147.34248046875007 -43.34628906249999
147.3560546875001 -43.396972656250014

147.371875 -43.24082031249999
147.34882812500018 -43.23242187499997
147.33759765625 -43.18330078125
147.29609375 -43.16171875000005
147.319140625 -43.14531249999999
147.32734375000018 -43.11464843749995
147.35253906249994 -43.08027343749997
147.39726562500005 -43.11826171874998
147.4345703125 -43.24072265624997

148.04814453125005 -42.71923828124996
148.02968749999997 -42.71484375000004
148.03085937500003 -42.66337890625003
148.02275390625 -42.640429687499974
148.07255859375005 -42.59316406250002
148.1427734375 -42.61591796875004
148.16953125000003 -42.65175781249998
148.10058593749994 -42.68056640624998
148.104296875 -42.71044921875003

145.15869140624994 -40.790625
145.22431640625018 -40.76513671875003
145.28300781250016 -40.76992187500002
145.3494140625 -40.82636718749997
145.42939453125 -40.858203124999974
145.48515625000005 -40.85234375000003
145.53349609375 -40.86396484375
145.57646484375016 -40.9041015625
145.6860351562501 -40.93906250000002
145.73378906250014 -40.96201171874999
145.7753906250001 -40.99716796875005
145.82148437500018 -41.02460937500004
146.1111328125 -41.11806640624998
146.31748046875003 -41.163476562499994
146.57441406250018 -41.142382812500045
146.65058593750007 -41.11621093749996
146.72343750000016 -41.078027343749994
146.78603515625014 -41.11367187499998
146.84814453125 -41.16806640625005
146.8360351562501 -41.109375
146.856640625 -41.05830078124997
146.9194335937501 -41.01777343749998
146.9898437500001 -40.99238281250004
147.10576171875016 -40.99423828124998
147.2188476562502 -40.983398437499986
147.26894531249997 -40.95976562500006
147.3205078125 -40.95644531250001
147.3876953125001 -40.98554687499998
147.45478515625 -41.00166015624998
147.50078125000016 -40.964160156249974
147.57929687500018 -40.87558593749996
147.6216796875002 -40.844726562499986
147.81767578125016 -40.87167968749996
147.87294921875014 -40.87255859374997
147.9687500000001 -40.77958984375003
148.0328125000002 -40.780957031250054
148.21523437500014 -40.85488281250001
148.29287109375014 -40.947070312500045
148.28544921875016 -41.11533203125005
148.29160156250003 -41.174609375000045
148.3062500000002 -41.23310546874997
148.31220703125018 -41.349707031250006
148.28984375000016 -41.46503906249997
148.28691406250016 -41.55498046875
148.29658203125018 -41.64619140625001
148.28759765624994 -41.81572265625
148.31572265625 -41.927734375
148.30166015624997 -42.00419921875003
148.30146484375 -42.03994140625004
148.32802734375002 -42.073730468749986
148.34082031249994 -42.11113281250006
148.3310546875001 -42.159179687499986
148.34257812500016 -42.21533203124997
148.33125 -42.26162109374998
148.29033203125016 -42.25498046874996
148.2769531250002 -42.21943359375001
148.28457031250014 -42.17343749999996
148.27714843750016 -42.13642578124997
148.25576171875014 -42.10263671875002
148.18310546875 -42.06474609375002
148.20439453125016 -42.0419921875
148.24160156250002 -42.021875
148.21367187500016 -41.97001953125
148.1671875 -42.01230468749999
148.14121093750003 -42.069824218749986
148.1562500000001 -42.08828125000002
148.1275390625002 -42.10371093749997
148.06660156250007 -42.17031250000004
148.02275390625 -42.25947265625
148.0048828125001 -42.34511718750004
148.0093750000002 -42.435937499999966
147.97353515625002 -42.505859375
147.9244140625002 -42.57246093749998
147.9121093750001 -42.65849609375002
147.9150390625 -42.81640625000004
147.95771484375018 -42.960449218749986
147.98085937499997 -43.157031249999974
147.94541015625003 -43.181835937500054
147.83857421875007 -43.1951171875
147.78583984375007 -43.22001953125002
147.69892578125 -43.12255859374997
147.6479492187501 -43.02060546874998
147.68730468750016 -42.97988281250004
147.7739257812501 -43.00341796875003
147.8003906250001 -42.98027343750003
147.807421875 -42.95410156250003
147.80000000000018 -42.928125
147.69345703125003 -42.871972656249994
147.5738281250002 -42.84570312499997
147.53583984375018 -42.87802734374998
147.5490234375 -42.97451171875001
147.5367187500002 -42.99648437499995
147.45234375000007 -43.03339843750001
147.40800781250016 -42.89384765625
147.29794921875003 -42.790917968749994
147.30195312500007 -42.84052734374998
147.34765624999994 -42.9265625
147.34267578125002 -42.964453125
147.32500000000016 -43.013476562500045
147.2807617187501 -43.03173828125003
147.259765625 -43.07109375000006
147.259765625 -43.12646484374997
147.24501953125002 -43.21591796874998
147.17285156249994 -43.25585937500004
146.99697265625002 -43.15634765625002
146.9848632812501 -43.18984375
146.9875 -43.21875
147.07734375 -43.27587890625003
147.03593750000005 -43.319042968750026
147.00468750000016 -43.36962890625003
146.9546875000002 -43.50244140625
146.87392578124997 -43.6125
146.83427734375016 -43.61933593750001
146.6992187500001 -43.60195312500002
146.54853515625007 -43.50888671874998
146.4131835937502 -43.519531250000014
146.18671875000007 -43.51279296874998
146.0431640625 -43.54716796875006
146.01308593750014 -43.444824218749986
145.98173828125005 -43.408398437500026
145.99443359375016 -43.37607421875002
146.10878906249997 -43.35439453125004
146.22636718750016 -43.355273437500045
146.2080078125001 -43.31621093749999
146.17646484375018 -43.30175781249997
146.1250976562502 -43.31123046875004
145.97529296875007 -43.27714843750002
145.87324218750007 -43.29238281250002
145.802734375 -43.24404296875002
145.68154296874997 -43.07597656249999
145.60996093750003 -42.99824218750004
145.5673828125 -42.96796875000001
145.51757812499994 -42.9513671875
145.48759765625 -42.92666015625002
145.26816406250003 -42.54433593750002
145.23710937500005 -42.45556640624997
145.19882812500003 -42.23085937500002
145.37294921874997 -42.338476562500006
145.43486328125 -42.40654296875002
145.46826171874994 -42.492871093750026
145.52724609374997 -42.388183593750014
145.51660156249994 -42.354492187499986
145.3603515625001 -42.22753906249997
145.33964843750016 -42.19072265625002
145.3310546875 -42.147070312500006
145.29443359375 -42.19101562499999
145.2348632812501 -42.196972656250054
145.25898437500007 -42.107324218749994
145.23818359374997 -42.01962890624998
145.05537109375007 -41.826757812500034
144.91552734375 -41.64404296875003
144.7779296875002 -41.41884765624998
144.7661132812501 -41.390039062499966
144.76435546875018 -41.341503906250026
144.6977539062501 -41.190722656250045
144.66240234375 -41.07890625
144.64609375000003 -40.980859375
144.70966796875007 -40.78291015625
144.7185546875 -40.67226562500002
144.8185546875 -40.72167968749996
145.0429687500001 -40.78671874999998

148.18779296875016 -40.592578125000045
148.1269531250001 -40.543945312499986
148.1172851562501 -40.52148437500003
148.19316406250016 -40.503125
148.21835937500003 -40.50507812499998
148.2369140625002 -40.515136718749986

144.74804687499994 -40.58945312500002
144.71015625000007 -40.48525390625002
144.75117187500007 -40.470214843749986
144.78339843750007 -40.43486328125006
144.79082031250016 -40.44033203125002
144.78437500000018 -40.506738281249966

148.42070312500016 -40.36718750000004
148.47421875000003 -40.432421875
148.40400390625007 -40.48652343750001
148.35273437500018 -40.49726562499998
148.31943359375003 -40.4345703125
148.21406250000018 -40.45751953124997
148.1025390625001 -40.451660156250014
148.0201171875001 -40.40419921875004
148.01044921875018 -40.38056640625001
148.05878906250007 -40.35683593749998
148.19814453125014 -40.357910156250014
148.3262695312502 -40.30693359375002

148.17792968750018 -39.938476562500014
148.2700195312501 -39.96669921874998
148.29736328125 -39.98574218749995
148.28984375000016 -40.06542968750003
148.25078125 -40.09951171874995
148.3232421875001 -40.14443359374995
148.3135742187502 -40.173535156250026
148.29941406250003 -40.17246093749998
148.21035156250014 -40.23369140625002
148.10566406250018 -40.26210937500004
148.07363281249997 -40.24082031249996
148.0468750000001 -40.21279296875002
148.02480468749997 -40.17197265624998
147.89052734374997 -40.014550781249966
147.90595703125018 -39.971386718750054
147.87626953125 -39.90546875000004
147.81230468750005 -39.91044921874999
147.7671875000001 -39.87031249999998
147.83916015625016 -39.831542968749986
147.93300781250002 -39.725976562499966
148.00039062499997 -39.75761718750002

143.89873046875005 -40.12021484374999
143.87578125000016 -40.06396484375
143.88759765624997 -39.983593750000054
143.83857421875 -39.90410156250002
143.86523437499994 -39.82421875
143.86181640625 -39.737988281250026
143.8793945312501 -39.7
143.93935546875014 -39.658105468749994
143.9488281250002 -39.583691406250026
144.00078125000016 -39.58017578125002
144.0913085937501 -39.63808593750001
144.1208984375 -39.78525390624996
144.1060546875001 -39.87402343750003
144.14101562500002 -39.953808593750026
144.11191406250003 -40.02207031249999
144.03505859375002 -40.07822265624996
143.9279296875 -40.116113281249966

145.34921875000003 -38.53818359375002
145.3550781250001 -38.55703125000004
145.27089843749997 -38.51972656249998
145.1284179687501 -38.52763671875
145.2177734375001 -38.45859374999996
145.28789062500016 -38.47216796874997
145.314453125 -38.49082031250005

145.33583984374997 -38.420996093750034
145.2802734375001 -38.390625
145.28583984375018 -38.341015625
145.29531249999997 -38.31894531250002
145.4265625 -38.314160156250026
145.4865234375 -38.35488281249998

137.8359375 -35.76210937500005
137.92890625000018 -35.726074218749986
138.04658203125018 -35.75517578124996
138.12343750000014 -35.852343750000045
138.06650390625003 -35.90058593750001
138.01191406250007 -35.90761718750002
137.8355468750001 -35.86777343749999
137.6708984375001 -35.897949218750014
137.62226562500007 -35.93808593750002
137.59023437500014 -36.027148437500045
137.44843750000018 -36.07480468749998
137.38222656250002 -36.02089843750001
137.2095703125002 -35.982421874999986
137.14775390625005 -36.039062499999986
137.02587890625 -36.02392578125
136.9126953125002 -36.04667968750002
136.75507812500007 -36.03310546875001
136.58925781250014 -35.93535156249999
136.540625 -35.890136718750014
136.5791015625 -35.808691406250034
136.63867187499994 -35.748828125
137.091796875 -35.66386718750002
137.33408203125003 -35.59248046875004
137.53046875000018 -35.605078125000034
137.5849609375001 -35.620214843750006
137.63544921875018 -35.65644531250001
137.5981445312501 -35.722265625
137.59648437500016 -35.73867187499998

153.4527343750002 -27.71171874999999
153.4265625 -27.70644531249998
153.39580078125005 -27.665039062499986
153.4008789062501 -27.505664062500017
153.43544921875014 -27.40537109375002
153.52187500000014 -27.422460937500034
153.53876953125 -27.436425781250037

153.4208984375001 -27.330957031250037
153.3765625000002 -27.235351562500014
153.36503906250016 -27.138867187499983
153.3798828125 -27.049414062499977
153.43232421875 -27.02988281249999
153.4667968750001 -27.03808593749997
153.42636718750003 -27.201464843750045
153.44248046875003 -27.31601562500002

113.15644531250018 -26.09453125000003
112.96425781250002 -25.78310546875001
112.90820312499994 -25.569824218749986
112.94707031250016 -25.531542968750003
112.982421875 -25.52021484375001
113.09628906250009 -25.815039062500034
113.13154296875018 -25.88261718750003
113.13183593749994 -25.95195312500003
113.14833984375014 -25.973828125000054
113.18300781249997 -26.053125

153.05195312500018 -25.778320312500014
153.00693359375003 -25.72890625
152.9766601562502 -25.55136718750005
152.9990234375001 -25.44843750000004
153.05156250000016 -25.354296875000045
153.06074218750018 -25.302246093750014
153.0380859375 -25.19316406249999
153.18925781250016 -25.070507812500054
153.22753906249994 -25.00576171875001
153.24199218750016 -24.92255859375001
153.186328125 -24.83261718749999
153.14375 -24.81484375
153.18095703125016 -24.76484375000004
153.22314453124994 -24.73955078125003
153.2569335937501 -24.72890625
153.28212890624997 -24.738281250000043
153.2979492187502 -24.91523437500004
153.35927734374997 -24.977734374999983
153.3501953125001 -25.06308593750005
153.14140625 -25.512792968750006
153.08378906250016 -25.682519531250037
153.07744140625005 -25.75078124999999

151.18076171875003 -23.516210937500034
151.2120117187502 -23.513085937500023
151.24013671874997 -23.529687500000023
151.22880859375016 -23.594921875
151.27431640625014 -23.668457031249957
151.29580078125014 -23.72031250000005
151.2615234375 -23.76230468749999
151.23828124999994 -23.77578125
151.18417968750003 -23.74072265625003
151.03330078125003 -23.530175781250037
151.05996093750014 -23.460546874999977
151.1465820312502 -23.490820312500006

150.48847656250018 -22.32470703125003
150.46240234375 -22.307714843750034
150.48466796875 -22.267871093750003
150.48847656250018 -22.21074218749999
150.52148437499994 -22.228320312500017
150.5488281250001 -22.30693359374996
150.51669921875003 -22.32255859375003

149.8936523437502 -22.223242187499963
149.86953125000002 -22.150390625000043
149.87539062500014 -22.07402343750003
149.91230468750018 -22.048730468750023
149.92792968750018 -22.14931640625001
149.9283203125001 -22.19306640625004

115.38808593749997 -20.866015625000045
115.31806640625001 -20.8505859375
115.30859374999994 -20.81113281250005
115.35429687500005 -20.746289062499983
115.43457031249994 -20.667968750000014
115.4576171875002 -20.71630859375
115.44619140625002 -20.787792968749997

149.01992187500014 -20.302539062500003
148.98740234375003 -20.301757812500014
148.93886718750014 -20.28369140624997
148.9810546875002 -20.15351562500001
149.00439453124994 -20.221484375
149.04531250000014 -20.277539062500054
149.04375000000016 -20.29150390624997

148.91347656250002 -20.154296875
148.88691406250018 -20.14355468750003
148.90644531250018 -20.10195312499999
148.931640625 -20.06894531250002
148.9678710937501 -20.04433593749998
148.95625 -20.134667968749994
148.935546875 -20.149902343749986

146.298828125 -18.326074218750037
146.34199218750007 -18.40009765625001
146.32705078125014 -18.44863281250005
146.298828125 -18.484765625000037
146.23564453125016 -18.450781250000034
146.19130859375002 -18.36289062499999
146.1162109375 -18.29238281250001
146.09882812500018 -18.25175781249999
146.18671875000007 -18.255175781249974
146.23085937499997 -18.24140625000001
146.24912109375003 -18.22587890624996
146.27832031249994 -18.23125

139.4216796875 -17.131640624999974
139.4082031250001 -17.090625
139.45917968750018 -17.04912109375003
139.4927734375002 -16.990429687499983
139.56005859374994 -17.0419921875
139.5708984375002 -17.094433593750026
139.45917968750018 -17.114550781250045

139.43056640625014 -16.661035156250023
139.39150390624997 -16.648632812499983
139.35429687500016 -16.696582031249974
139.2830078125 -16.71943359375001
139.23906250000005 -16.718652343750037
139.15957031249997 -16.741699218750014
139.14765625000007 -16.71386718750003
139.1626953125002 -16.62587890625005
139.22871093750007 -16.527539062499997
139.29296875 -16.467285156249986
139.45888671875014 -16.43847656249997
139.5878906250001 -16.39521484375004
139.60449218749994 -16.40322265624998
139.6977539062501 -16.514941406250003
139.55966796875003 -16.52949218750004
139.5078125 -16.57304687500003

137.0508789062502 -15.824414062500011
136.99648437500014 -15.775781249999966
136.98505859375018 -15.725976562500037
136.94267578125016 -15.711718749999974
136.9633789062501 -15.665722656250011
136.98574218749997 -15.652441406249977
137.00957031250005 -15.594824218750048
137.06455078125003 -15.662890624999974
137.07109375000005 -15.738085937500017
137.09365234375002 -15.778125

136.53115234375002 -15.632421874999977
136.5142578125002 -15.62734375
136.50273437500016 -15.583105468749977
136.5225585937502 -15.543164062500011
136.5860351562501 -15.533691406250028
136.6123046875001 -15.544140625000026
136.591015625 -15.628222656250017

136.8467773437501 -15.62734375
136.84560546875014 -15.544042968750006
136.87685546874997 -15.502539062499991
136.89023437500003 -15.588867187499986
136.86269531250014 -15.619921875000017

124.55957031250011 -15.430175781249986
124.52421874999999 -15.42148437499999
124.52373046875016 -15.382421875000034
124.48281250000002 -15.340332031249986
124.50410156250018 -15.29248046875
124.51933593750016 -15.26748046874998
124.5508789062502 -15.270312500000017
124.56455078125003 -15.310839843750017
124.6050781250002 -15.356542968750006
124.59726562500003 -15.40195312500002

125.13476562500011 -14.641699218750034
125.09121093750014 -14.591699218749966
125.11738281250007 -14.491992187499989
125.15996093749999 -14.456054687500043
125.19814453124997 -14.47480468750004
125.19355468750001 -14.552636718750009
125.1988281250002 -14.579492187499966

136.7580078125 -13.845410156249983
136.8044921875 -13.842480468750011
136.84531250000003 -13.750976562500014
136.8707031250001 -13.763671875000028
136.89082031250018 -13.78662109375
136.90556640625016 -13.826953125000045
136.84296875 -13.89658203125002
136.81494140625 -13.907324218749991
136.78818359375003 -13.945800781250014
136.7453125 -14.07265625
136.74990234374997 -14.115234374999972
136.78701171874997 -14.157812500000034
136.88544921875007 -14.197265624999986
136.93388671875016 -14.179003906250003
136.95078125000003 -14.184277343750011
136.93134765625018 -14.245996093749966
136.8943359375 -14.293066406249963
136.7631835937501 -14.273437499999972
136.64970703125016 -14.280468749999983
136.4605468750002 -14.23457031250004
136.36328125 -14.228906250000037
136.3354492187501 -14.211816406250023
136.3921875000002 -14.175488281249997
136.427734375 -14.126464843750043
136.41113281249994 -14.011132812499994
136.42470703124997 -13.864843750000034
136.5337890625002 -13.79375
136.58281250000005 -13.721093749999966
136.65566406250014 -13.675878906249991
136.70195312500016 -13.681640625000014
136.69599609375018 -13.726171875000034
136.71464843750016 -13.803906250000054

136.21367187500016 -13.835937500000014
136.1226562500001 -13.816601562499983
136.12226562500018 -13.780566406250003
136.134375 -13.753125
136.15957031250014 -13.736718750000051
136.2154296875001 -13.66474609375004
136.2574218750002 -13.706640625000048
136.2753906250001 -13.79111328125002
136.2374023437502 -13.824511718749989

136.1802734375002 -11.676757812499957
136.2673828125 -11.576464843750031
136.4492187500001 -11.487109375000045
136.479296875 -11.465917968749991
136.47050781250016 -11.509277343750028
136.37939453125 -11.583203124999983
136.33867187500005 -11.602343749999974

130.54179687500016 -11.703125
130.5798828125 -11.737109374999989
130.60273437500007 -11.773242187499974
130.60625000000016 -11.816601562500026
130.5025390625001 -11.835644531249997
130.3174804687502 -11.771777343750031
130.13125 -11.824511718750031
130.07656249999997 -11.82548828124996
130.04326171875005 -11.787304687499997
130.07207031250005 -11.680761718749963
130.13906250000002 -11.697070312500003
130.19755859375005 -11.658203124999986
130.1871093750002 -11.541210937500054
130.15283203124994 -11.477539062499957
130.251171875 -11.360546875000011
130.29492187499994 -11.33681640624998
130.33925781250014 -11.33701171875002
130.37675781250005 -11.420117187499983
130.38564453125014 -11.509863281249963
130.43281250000018 -11.592187500000037
130.45927734375016 -11.67929687500002

130.75224609375016 -11.384375
130.91279296875018 -11.309277343750054
130.9874023437501 -11.339843749999972
131.02304687500003 -11.334375
131.1406250000001 -11.263085937499966
131.21718750000002 -11.242578124999966
131.26826171875018 -11.189843749999966
131.32050781250018 -11.246875
131.43691406250002 -11.31318359375004
131.47333984375007 -11.382519531250054
131.52226562500016 -11.415234374999969
131.5385742187501 -11.436914062500023
131.4678710937502 -11.509570312500003
131.4585937500001 -11.587890624999972
131.3828125 -11.582519531250028
131.2920898437501 -11.710937499999986
130.95097656250005 -11.926464843750026
130.64492187500014 -11.742382812499997
130.5119140625 -11.61787109375004
130.42275390624997 -11.445800781249972
130.40478515624994 -11.304980468749974
130.36855468750014 -11.21494140625002
130.3845703125 -11.1921875
130.4029296875002 -11.18046875
130.42666015624997 -11.183105468750014
130.5191406250001 -11.279492187500026
130.55976562500018 -11.305957031249989
130.61884765625007 -11.376074218749977

136.5265625 -11.43886718749998
136.5216796875 -11.39384765624996
136.55976562500007 -11.357910156250014
136.6490234375002 -11.211621093750054
136.68798828125 -11.177636718749966
136.71054687500003 -11.15839843750004
136.72734375 -11.10478515624996
136.73173828125 -11.024609374999969
136.7802734375001 -11.0125
136.74140625 -11.19462890624996
136.59853515625014 -11.378906250000028

132.57363281250014 -11.318359375000028
132.4937500000002 -11.163671874999963
132.51630859375018 -11.116015625000017
132.48378906250014 -11.037304687499969
132.53779296875018 -11.028417968750034
132.57880859375 -10.968847656249977
132.5932617187501 -10.997656249999977
132.596875 -11.106445312500028
132.62910156250007 -11.169140625000011
132.59335937500003 -11.302832031249977

143.1529296875001 -12.075878906249997
143.10468750000018 -12.169628906249997
143.09902343750002 -12.225976562500023
143.11025390624997 -12.303515625
143.190625 -12.361230468750037
143.25410156250018 -12.39765625
143.2896484375002 -12.498828125
143.40156250000018 -12.639941406249974
143.3975585937501 -12.736132812500031
143.45771484375018 -12.855761718749989
143.51201171875005 -13.094531250000045
143.52949218750007 -13.303808593750048
143.58662109375007 -13.443652343750031
143.5484375000001 -13.741015625000031
143.58925781250014 -13.862792968749972
143.64335937500016 -13.963671875
143.7072265625 -14.164550781249986
143.75634765625 -14.348828125000054
143.8223632812502 -14.40107421875004
143.96181640625002 -14.462890625000014
144.10585937500014 -14.394531250000028
144.20986328125002 -14.301953125
144.32167968750014 -14.27939453125002
144.47304687499997 -14.231835937500023
144.58642578125 -14.3546875
144.6480468750002 -14.492480468750003
144.91572265625 -14.674316406250014
145.0644531250001 -14.791015624999986
145.17998046875005 -14.85693359375
145.2876953125002 -14.943164062499989
145.2769531250001 -15.029394531249963
145.25166015625007 -15.097460937499974
145.276171875 -15.203906249999989
145.29306640625003 -15.327246093749977
145.27158203125003 -15.476660156250048
145.34951171875002 -15.701562500000037
145.37539062500014 -15.881054687500011
145.4580078125001 -16.05644531250003
145.45185546875018 -16.236914062500034
145.43642578125014 -16.304980468750045
145.42607421875016 -16.40615234375005
145.4904296875 -16.53212890625005
145.5499023437501 -16.625097656249977
145.63828125000003 -16.72607421875003
145.75478515624997 -16.87949218750002
145.83789062499994 -16.91035156250001
145.91210937499994 -16.9125
145.9019531250002 -17.07021484374998
146.04980468749994 -17.381054687499983
146.12587890625002 -17.635253906249986
146.0740234375 -17.977343750000045
146.02285156249997 -18.17578124999997
146.0322265625001 -18.272851562500023
146.22304687499997 -18.50986328124999
146.33320312500007 -18.553710937499957
146.31171875 -18.66669921874997
146.2968750000001 -18.841210937499994
146.38339843750003 -18.977050781249957
146.48115234375018 -19.078710937499977
146.58730468750014 -19.139453125
146.69199218750003 -19.18740234375001
146.82900390624997 -19.235742187499994
147.00263671875018 -19.256054687500054
147.0927734375 -19.33261718750002
147.1387695312502 -19.393164062500006
147.278125 -19.41416015625002
147.34150390625 -19.402929687500034
147.4185546875002 -19.378125
147.47089843750018 -19.41933593750001
147.5097656250001 -19.47412109374997
147.5860351562502 -19.62275390624997
147.74238281250018 -19.770117187499977
147.85322265625018 -19.794726562500017
147.9156250000002 -19.869238281250006
148.0044921875002 -19.889550781249966
148.0810546875 -19.89863281250004
148.18964843750018 -19.955859374999974
148.36689453125 -20.0875
148.52675781250002 -20.108886718749986
148.60048828125002 -20.14521484375001
148.759375 -20.289550781250014
148.82099609375018 -20.36640625000004
148.8847656250001 -20.48085937499999
148.80507812500014 -20.491699218749986
148.7299804687501 -20.4677734375
148.6836914062502 -20.580175781249977
148.78945312500014 -20.73564453125003
148.91240234375016 -20.84521484374997
149.06054687499994 -20.961132812500054
149.20488281250016 -21.125097656249977
149.24140625 -21.25019531249997
149.28027343749994 -21.299511718749983
149.32929687500018 -21.476074218749986
149.4541015625001 -21.57871093750002
149.4600585937501 -21.765429687500045
149.52402343750003 -22.023632812499983
149.595703125 -22.257617187500045
149.64531250000016 -22.328320312500054
149.70390625 -22.440527343750006
149.7715820312502 -22.42626953125003
149.82246093750018 -22.389843749999983
149.92031250000014 -22.50136718750005
149.97441406250016 -22.550683593749966
150.00556640625018 -22.52158203124999
149.9418945312501 -22.30810546875003
149.98125 -22.184277343750026
150.02060546875003 -22.16835937499998
150.0761718750001 -22.16445312499998
150.14296875000014 -22.26542968750003
150.2348632812501 -22.372949218749994
150.40507812500005 -22.46894531250001
150.54130859375 -22.55908203125
150.57958984375 -22.555761718750034
150.56435546874997 -22.48613281249996
150.5685546875 -22.383984375000026
150.6228515625 -22.367285156250006
150.6724609375001 -22.41816406249997
150.7638671875 -22.576171875000014
150.7828125000001 -22.902929687499963
150.78300781250005 -23.17656250000003
150.84316406250014 -23.458007812499986
150.93105468749997 -23.53193359375004
150.9887695312501 -23.601757812500054
151.08769531250005 -23.69609375
151.15380859375 -23.78408203124998
151.2363281250001 -23.825
151.50078125000016 -24.01240234375004
151.57539062500018 -24.03359375
151.69091796875 -24.038378906250003
151.83164062500003 -24.12294921875001
151.90273437499997 -24.200976562500003
152.05537109375018 -24.494433593750017
152.1298828125 -24.59755859374998
152.28203125000016 -24.699316406250006
152.353125 -24.73251953125002
152.45634765625016 -24.80244140624997
152.4931640625001 -24.904003906250054
152.5020507812502 -24.96396484375002
152.56328125000016 -25.072070312500017
152.65429687499994 -25.201953125
152.7891601562501 -25.274121093750054
152.91347656250002 -25.43212890625
152.9205078125002 -25.68857421875002
152.9849609375002 -25.816210937500003
153.02822265625014 -25.87031250000001
153.12548828124994 -25.922656250000017
153.16494140624997 -25.96416015625003
153.08417968750007 -26.303808593750034
153.16210937499994 -26.982714843749974
153.11679687500003 -27.194433593750034
153.19794921875007 -27.40468750000005
153.3857421875001 -27.768554687500014
153.42841796875 -27.897656250000026
153.4548828125 -28.04833984375
153.5756835937501 -28.24052734374999
153.569140625 -28.533398437500054
153.61689453125007 -28.673046875
153.6045898437502 -28.854492187500014
153.46220703125016 -29.050195312499994
153.34804687499997 -29.29042968750001
153.34697265625005 -29.496582031249986
153.27236328125014 -29.892480468749994
153.22382812500018 -29.99863281250005
153.18818359375 -30.163867187500045
153.03056640625016 -30.563378906249994
153.02373046875 -30.720117187500037
153.0478515625001 -30.907128906250037
153.0215820312502 -31.08662109375001
152.98222656250016 -31.20878906250003
152.9439453125002 -31.43486328124999
152.78583984375 -31.786328125
152.55927734375007 -32.045703125
152.54531250000014 -32.243066406249966
152.5166015625 -32.33017578125005
152.47041015625018 -32.43906250000002
152.33125 -32.557519531249994
152.24746093750014 -32.60869140625003
152.21572265625014 -32.678125
152.1365234375 -32.678125
152.13457031250016 -32.699902343750054
152.1880859375002 -32.72167968750004
152.16425781250007 -32.75742187500005
151.95429687500018 -32.82031249999997
151.81289062500014 -32.90107421875
151.66835937500002 -33.098632812500014
151.60771484375 -33.20185546875
151.530078125 -33.300976562500026
151.48378906249997 -33.34746093749999
151.46337890625 -33.39736328125004
151.43203125000002 -33.52158203125002
151.3575195312502 -33.54394531249996
151.2920898437502 -33.58095703125004
151.3227539062501 -33.69931640624999
151.28837890625016 -33.834863281249994
151.2802734375 -33.92666015625004
151.2446289062501 -33.98505859375004
151.20166015624994 -33.964062500000026
151.16787109375002 -33.973437499999974
151.12480468750005 -34.00527343749998
151.19121093750016 -34.01523437499996
151.2315429687502 -34.0296875
151.0899414062502 -34.1625
150.96035156250002 -34.29707031250001
150.92744140625007 -34.38662109375004
150.87128906250018 -34.49912109375005
150.821875 -34.74921875000001
150.78105468750016 -34.8921875
150.8091796875002 -34.993847656250026
150.80458984374997 -35.012890625
150.77460937500018 -35.02041015625002
150.75605468750007 -35.007128906249974
150.6973632812501 -35.04189453125005
150.68095703125005 -35.07666015625003
150.7056640625001 -35.119726562500006
150.72216796875 -35.1345703125
150.71464843750016 -35.15517578125004
150.69033203124997 -35.177734375000014
150.63447265625007 -35.177636718749994
150.5674804687501 -35.214257812499994
150.37412109375003 -35.58417968750004
150.29218750000007 -35.68232421875004
150.1953125000001 -35.83359375000005
150.15849609375016 -35.97060546874998
150.1289062500001 -36.12041015625003
150.0953125000001 -36.37265625
150.06279296875005 -36.55039062499996
149.98818359375002 -36.722753906250006
149.96025390625 -36.84550781249996
149.95058593750002 -37.08027343750001
149.986328125 -37.25839843749996
149.9628906250001 -37.35302734374997
149.96230468749997 -37.44384765625
149.9327148437501 -37.528515625000026
149.809375 -37.54785156249996
149.708984375 -37.61699218750002
149.56542968749994 -37.72998046875003
149.48085937500014 -37.77119140624998
149.2984375000002 -37.802148437499994
148.9439453125001 -37.78847656250005
148.26250000000016 -37.83066406250002
148.13066406250016 -37.85605468750005
147.8767578125 -37.93417968749998
147.6314453125002 -38.05566406250003
147.39560546875003 -38.21914062500004
146.85683593750014 -38.663476562499966
146.43574218750018 -38.71181640625004
146.35625 -38.71181640625004
146.2925781250002 -38.69980468749999
146.21748046875018 -38.72744140625002
146.21621093750002 -38.78271484375
146.28554687500014 -38.84023437499999
146.33662109375 -38.89423828124998
146.42695312500007 -38.819628906249974
146.46660156250016 -38.840332031250014
146.48164062500018 -38.97792968749998
146.48378906250002 -39.06503906249996
146.45664062500003 -39.1123046875
146.4 -39.145507812500014
146.3400390625 -39.123828125000045
146.33203125 -39.07666015625003
146.25429687500014 -38.96445312499999
146.15839843750007 -38.86572265625004
146.06992187500003 -38.83408203124999
146.0181640625001 -38.867089843749966
145.9353515625 -38.90175781250001
145.86552734375016 -38.77597656249996
145.79082031250005 -38.66699218749997
145.69189453124994 -38.655664062499966
145.60634765625014 -38.656835937500034
145.5353515625 -38.60966796875002
145.39726562500016 -38.53535156249997
145.42421875000014 -38.47734375000006
145.46279296875002 -38.41630859375006
145.54218750000018 -38.39384765625
145.51835937500005 -38.31142578125001
145.47578125000018 -38.24375
145.36640625000018 -38.225683593750034
145.2927734375 -38.23759765625006
145.24892578125014 -38.29121093749997
145.1912109375 -38.383593750000045
144.9595703125001 -38.50078125000003
144.8472656250002 -38.436328125000045
144.7177734375001 -38.34033203125003
144.78027343749994 -38.34736328125004
144.91142578125005 -38.34404296874999
145.02011718750003 -38.258398437500034
145.0669921875002 -38.20488281250006
145.11992187500016 -38.091308593750014
145.04960937500005 -38.01093749999998
144.98486328125 -37.95224609375002
144.89130859375 -37.899804687499994
144.53847656249997 -38.07714843749997
144.4653320312501 -38.102539062499986
144.3955078125 -38.13691406249998
144.5177734375 -38.16640625000004
144.5894531250001 -38.15761718750002
144.66523437500007 -38.20996093750003
144.54365234375007 -38.28408203125002
144.4478515625001 -38.30371093750003
144.32871093750003 -38.34824218750005
144.10156249999994 -38.46230468750001
143.81171875000018 -38.69882812499996
143.68671875000018 -38.766894531249974
143.53896484375002 -38.82089843749996
143.3384765625002 -38.7578125
143.22646484375014 -38.74316406250003
143.08261718750003 -38.64589843750002
142.84023437500014 -38.580859375
142.61210937500005 -38.45166015624997
142.45585937500016 -38.38632812499999
142.34453125000005 -38.372167968750034
142.18769531250007 -38.399414062499986
141.92470703125014 -38.28378906249996
141.72500000000014 -38.27138671875002
141.59394531250018 -38.38779296875002
141.49179687500003 -38.37978515624998
141.42421875000014 -38.36347656250004
141.2138671875001 -38.17197265625002
141.01093750000007 -38.07695312500002
140.62724609375005 -38.02841796874999
140.39042968750005 -37.89667968749997
140.212109375 -37.6421875
139.87480468750016 -37.35205078125004
139.7842773437501 -37.24580078124998
139.74228515625003 -37.14169921874999
139.73847656250018 -37.05957031249996
139.78388671875018 -36.90263671874996
139.84658203124997 -36.748046875
139.85732421875014 -36.662109374999986
139.7290039062501 -36.37138671875
139.54873046875014 -36.0966796875
139.46591796875003 -36.01035156249999
139.24492187500016 -35.82734375000001
139.0376953125002 -35.68925781250003
138.98505859375007 -35.61757812499999
138.96894531250007 -35.580761718750054
139.0668945312501 -35.5984375
139.11250000000018 -35.54228515625003
139.17802734375005 -35.52304687500002
139.2305664062501 -35.59765625000003
139.28945312499997 -35.61132812499997
139.2920898437501 -35.4859375
139.32509765625014 -35.42666015625001
139.30253906250016 -35.39941406249996
139.28251953125 -35.37539062500004
139.19277343750002 -35.34726562499999
139.09375 -35.389550781249994
139.01767578125003 -35.44326171875001
138.91523437500007 -35.48886718749998
138.87529296875016 -35.53681640624998
138.77099609374994 -35.53837890625003
138.72968750000018 -35.550781249999986
138.521875 -35.64238281249999
138.3892578125002 -35.644726562500026
138.184375 -35.61269531249998
138.25214843750007 -35.48652343750004
138.33291015624997 -35.41171874999998
138.39980468750002 -35.32578124999998
138.51113281250014 -35.02441406250004
138.48994140625018 -34.76357421875001
138.43623046875018 -34.65625
138.26435546875007 -34.440332031249966
138.18623046875 -34.307226562500034
138.08925781249997 -34.16982421875002
138.04130859375016 -34.249804687499974
138.0123046875002 -34.33408203124999
137.91923828125016 -34.45605468749997
137.8741210937502 -34.72744140625002
137.69169921875 -35.14296875000004
137.56640624999994 -35.148046875
137.45957031250003 -35.13134765624997
137.27236328125002 -35.17871093750003
137.14443359374997 -35.23642578124998
137.0298828125001 -35.2365234375
136.96660156250016 -35.2548828125
136.88359375000005 -35.23974609375003
137.0142578125002 -34.91582031250003
137.12841796875 -34.92470703124998
137.25205078125003 -34.91152343750004
137.30839843750016 -34.9169921875
137.39101562500014 -34.91328125000004
137.454296875 -34.76445312500002
137.49296875 -34.59775390624998
137.4685546875 -34.490234375000014
137.4589843750001 -34.378906249999986
137.48359375000007 -34.2521484375
137.49384765625018 -34.16113281250003
137.6503906250001 -33.85908203125004
137.78085937500003 -33.703125
137.93183593750018 -33.579101562500014
137.91396484374997 -33.461328125
137.86601562500016 -33.31406250000002
137.85234375000005 -33.200781250000034
137.92431640624994 -33.16513671874998
137.99257812500002 -33.09423828125
137.9131835937502 -32.770703125
137.8630859375 -32.67373046875005
137.783203125 -32.578125
137.7818359375001 -32.70195312500002
137.79091796875014 -32.82324218750004
137.68017578124994 -32.97802734375004
137.5362304687502 -33.08916015625003
137.44228515624997 -33.19355468749998
137.35419921875018 -33.43017578124997
137.2373046875 -33.62949218749998
137.13027343750002 -33.70302734375004
137.03447265625005 -33.71953125000003
136.9365234375 -33.75019531249997
136.78349609375016 -33.8296875
136.63554687500005 -33.896582031250034
136.52587890625 -33.98417968750003
136.43066406249994 -34.02998046875004
136.1210937500001 -34.4287109375
135.97968750000018 -34.56191406250005
135.95058593750014 -34.61572265625
135.89101562500014 -34.660937499999974
135.90263671875005 -34.723828125
135.95058593750014 -34.76679687500004
135.9985351562501 -34.94375
135.9697265625001 -34.98183593749998
135.91914062500018 -34.9619140625
135.79238281250014 -34.863281249999986
135.7125000000002 -34.89921875000002
135.6475585937502 -34.9396484375
135.48085937499997 -34.75820312499998
135.4117187500002 -34.71552734375
135.32421874999994 -34.64267578124998
135.23066406250018 -34.579785156250054
135.19082031250014 -34.57265625000002
135.1230468750001 -34.58574218750002
135.12958984375018 -34.53652343750002
135.17597656250007 -34.49658203124997
135.2167968750001 -34.48730468750004
135.29248046875 -34.54560546875001
135.37871093750016 -34.59765624999996
135.4273437500002 -34.60195312500004
135.45 -34.58105468750004
135.36796875000016 -34.37558593750002
135.31201171874994 -34.19550781250001
135.28632812500007 -34.14228515625
135.21894531250018 -33.95976562500003
135.18544921875014 -33.90673828124997
135.0420898437502 -33.77773437499998
134.8887695312501 -33.626367187499966
134.8466796875001 -33.444628906249974
134.79101562499994 -33.3283203125
134.71904296875005 -33.25517578125002
134.60771484375 -33.19013671875
134.3012695312501 -33.16503906250004
134.17353515625018 -32.97910156249999
134.10039062500005 -32.748632812500034
134.1583984375 -32.73339843750003
134.2271484375002 -32.73056640624999
134.24921875000018 -32.65869140625
134.23417968750005 -32.548535156250026
133.93017578125 -32.41171875000005
133.7867187500001 -32.26884765624999
133.66533203125005 -32.20722656250004
133.5513671875002 -32.182910156249974
133.4005859375 -32.18847656250004
133.21210937500018 -32.18378906249997
132.7574218750001 -31.95625
132.6486328125 -31.94931640624999
132.32363281249997 -32.02001953125
132.2146484375 -32.007128906250045
131.7211914062501 -31.696289062500043
131.39316406250003 -31.548535156250054
131.28496093750005 -31.520996093750043
131.1436523437502 -31.495703125000034
131.0292968750001 -31.53183593750002
130.94814453124997 -31.565820312500023
130.7830078125 -31.604003906249986
130.12978515624997 -31.57910156249997
129.5688476562501 -31.627246093750017
129.18769531250018 -31.659960937500017
128.94619140624997 -31.70263671875
128.54609375000018 -31.887695312499957
128.06767578125016 -32.06650390624998
127.67802734374999 -32.15126953125001
127.31982421875011 -32.2640625
127.08408203125003 -32.296875
126.77929687499994 -32.31093750000004
126.13652343749999 -32.25683593750003
125.91718750000018 -32.296972656250034
125.56748046875009 -32.50585937500004
125.46367187500016 -32.55654296874998
125.2666015625 -32.614453125000054
124.75878906250011 -32.882714843749994
124.52460937500018 -32.940136718750054
124.37324218750007 -32.95839843750004
124.24375 -33.01523437499999
124.12607421875003 -33.12939453124997
123.96718750000014 -33.44628906249996
123.86835937500007 -33.59638671874998
123.65039062499994 -33.83632812500002
123.50683593750011 -33.91621093750004
123.36542968750018 -33.90537109374996
123.20761718750009 -33.988281249999986
123.06757812500018 -33.900585937500054
122.9556640625002 -33.883789062500014
122.77753906250007 -33.890820312500026
122.1509765625002 -33.99179687499999
122.0611328125002 -33.87441406250005
121.94638671875009 -33.85673828125
121.72968750000018 -33.8625
121.40507812500005 -33.82675781250002
120.81455078125009 -33.87128906250004
120.53056640625005 -33.919726562500045
120.41835937500002 -33.9630859375
120.209375 -33.93544921875005
119.85410156250009 -33.97470703124996
119.7291015625002 -34.041503906249986
119.63515625000014 -34.10117187499998
119.45058593750002 -34.368261718750034
119.24765625000009 -34.456445312499966
119.08134765625005 -34.459375
118.89531250000016 -34.47988281250004
118.52011718750009 -34.73710937500003
118.13554687500016 -34.986621093749974
118.00644531250003 -35.01328125
117.86308593750016 -35.054980468750045
117.6753906250002 -35.074902343750026
117.58193359375002 -35.09775390624996
117.14394531250014 -35.03369140624997
116.86542968750007 -35.026562500000026
116.51718750000003 -34.98789062499996
116.21708984375005 -34.86582031249996
115.98671874999997 -34.79501953125002
115.72626953125007 -34.526074218750026
115.56503906250003 -34.42578125000003
115.27763671875005 -34.30390624999998
115.19482421874994 -34.30849609375002
115.12792968750011 -34.34179687499997
115.0087890625 -34.25585937499996
115.00566406250016 -34.14511718750005
114.97343750000016 -34.051171875
114.97568359375009 -33.80419921874996
114.99384765625007 -33.51533203125
115.09892578125016 -33.5802734375
115.18164062500011 -33.64345703124998
115.35878906250014 -33.639941406249974
115.51533203125007 -33.53134765624998
115.60449218750011 -33.37226562499998
115.68300781250014 -33.19287109375003
115.67089843749994 -33.00214843749998
115.61855468750014 -32.6669921875
115.65429687499994 -32.59658203125005
115.70791015625014 -32.56796875
115.72539062500016 -32.40107421875001
115.73808593750016 -31.887890625
115.69843750000007 -31.69453125000004
115.45458984375011 -31.30253906250003
115.29433593749997 -30.96181640624998
115.1768554687502 -30.808007812499994
115.07792968750005 -30.56044921875001
114.99453125000002 -30.21621093750005
114.9688476562502 -30.04228515624996
114.94208984375018 -29.721582031249994
114.97138671875018 -29.539746093749997
114.95898437499994 -29.433593750000043
114.85683593750014 -29.14296875
114.62841796875011 -28.871777343749983
114.59062500000016 -28.77167968750001
114.59179687500011 -28.666210937500026
114.53740234375016 -28.542871093750023
114.353515625 -28.294921874999957
114.16513671875003 -28.080664062500006
114.13349609375018 -27.97646484375001
114.09843750000016 -27.544238281249974
114.028125 -27.34726562499999
113.70937500000014 -26.847753906250006
113.3330078125 -26.417382812499994
113.2310546875002 -26.241406250000026
113.18476562500018 -26.18222656250005
113.21074218750016 -26.174218750000023
113.253125 -26.197265625
113.30009765625005 -26.24023437499997
113.32324218749994 -26.243847656249997
113.3453125000002 -26.20830078125003
113.34287109375003 -26.126074218749977
113.35605468750009 -26.08046875
113.38896484375005 -26.105566406249977
113.42744140625007 -26.19804687499999
113.54658203125018 -26.436718750000026
113.5816406250002 -26.55810546874997
113.73369140624999 -26.595117187499966
113.7803710937502 -26.56328125
113.83642578124994 -26.500585937499977
113.85283203125005 -26.332128906250034
113.77578125000014 -26.255957031249977
113.70644531250014 -26.223632812499957
113.58906250000001 -26.098632812499986
113.51337890625007 -25.898339843750037
113.39531250000016 -25.71328125
113.39736328125014 -25.647167968750026
113.45136718750001 -25.59912109375
113.53945312500014 -25.625195312499983
113.62119140625009 -25.731640625
113.71308593750018 -25.83076171875004
113.69785156250009 -26.004199218750017
113.68359375000011 -26.05166015625001
113.69169921875016 -26.091699218749994
113.7237304687502 -26.129785156250023
113.76582031250007 -26.159765625
113.81181640625005 -26.11582031250002
113.85390624999997 -26.014453124999974
113.87988281250011 -26.027636718750003
113.9423828125 -26.258691406249994
113.99199218750016 -26.321484375
114.09033203125011 -26.39365234375005
114.17597656250007 -26.3375
114.21572265624997 -26.28945312500005
114.20332031250001 -26.126367187500037
114.22851562500011 -25.96875
114.21425781250014 -25.851562500000014
113.9927734375002 -25.54482421875005
113.79238281250014 -25.165722656249997
113.67080078124997 -24.977050781250014
113.56923828124997 -24.69296875000005
113.5035156250002 -24.594628906249994
113.41767578125018 -24.435644531250034
113.41298828125014 -24.254003906249977
113.42128906250014 -24.132324218749957
113.48984375000003 -23.86962890625
113.55292968750001 -23.732812500000023
113.75703125000007 -23.41816406250004
113.76699218750014 -23.28251953125003
113.76484375000007 -23.180468750000017
113.79492187499994 -23.02363281250004
113.79511718750018 -22.91455078125003
113.76787109375005 -22.812890625
113.68281250000001 -22.63779296875005
113.79501953125003 -22.332128906250034
113.95839843750014 -21.939160156249997
114.02285156250014 -21.881445312499963
114.12392578125002 -21.828613281250043
114.142578125 -21.90976562500005
114.09277343749994 -22.18134765625004
114.16386718750016 -22.32333984375002
114.14160156249994 -22.48310546874997
114.20517578125003 -22.455859375000017
114.30351562499999 -22.42539062500002
114.37773437500005 -22.341503906249983
114.41699218750011 -22.26103515625003
114.60283203125016 -21.94218749999999
114.70927734375016 -21.823437500000054
114.85908203125001 -21.7359375
115.16171875000003 -21.63056640625001
115.45615234375009 -21.49169921874997
115.59609374999997 -21.35810546875001
115.77148437500011 -21.24228515625005
115.89355468750011 -21.116699218750043
116.01093750000007 -21.030371093750034
116.60585937500002 -20.71337890625003
116.70673828125007 -20.65380859374997
116.83632812499997 -20.64707031250002
116.99531250000001 -20.657617187500037
117.13906250000002 -20.640917968750017
117.29277343750016 -20.71308593749997
117.40625000000011 -20.72119140625003
117.68388671875016 -20.64277343750004
117.83232421875005 -20.57255859375003
118.08730468750002 -20.41904296875002
118.19921875 -20.375195312500054
118.45830078124999 -20.32666015625003
118.75146484374994 -20.261914062499983
119.10449218750011 -19.995312500000026
119.35878906249997 -20.01230468750002
119.58593749999994 -20.038281249999983
119.76777343750018 -19.95839843750005
120.19628906249994 -19.90947265625003
120.4336914062502 -19.841992187500054
120.87841796875011 -19.66503906249997
120.99794921875014 -19.60439453125005
121.17978515625003 -19.47792968750005
121.33769531250016 -19.319921875
121.49355468750014 -19.10644531250003
121.5894531250002 -18.915136718749963
121.63066406250016 -18.816601562500054
121.72197265625005 -18.659960937500017
121.78486328125007 -18.535937499999974
121.83378906250016 -18.47705078124997
122.00625000000014 -18.393652343750034
122.26210937500002 -18.159082031250037
122.34541015625001 -18.11191406250002
122.36093750000009 -18.036914062500017
122.3057617187502 -17.99492187499999
122.23740234375003 -17.96855468750003
122.19130859374997 -17.7203125
122.14746093750011 -17.549023437499997
122.1431640625002 -17.42841796875004
122.16025390625003 -17.31367187500001
122.26093750000007 -17.1357421875
122.33271484375018 -17.059375
122.43203125000002 -16.970410156249983
122.52255859375003 -16.94287109374997
122.59794921875016 -16.864941406249997
122.72041015625001 -16.787695312499977
122.77207031250009 -16.710156249999983
122.84804687500002 -16.55244140625001
122.91679687500016 -16.43261718750003
122.97070312499994 -16.43681640624999
123.07441406250001 -16.71533203124997
123.14208984374994 -16.863085937499974
123.26591796875016 -17.03681640625001
123.38320312499997 -17.292773437500017
123.47880859374999 -17.409960937500003
123.52519531250005 -17.485742187499994
123.5630859375002 -17.52089843750005
123.57148437500007 -17.47226562499999
123.56181640625005 -17.41542968750005
123.60791015625011 -17.21992187500001
123.58632812500014 -17.08271484375004
123.59355468750005 -17.030371093750034
123.61767578124994 -17.00830078124997
123.6640625 -17.023242187500003
123.75380859374997 -17.099804687500054
123.79902343750007 -17.127148437500026
123.83105468750011 -17.120800781249983
123.82949218750014 -16.996875
123.87441406250014 -16.91865234375001
123.85634765625002 -16.864746093750043
123.77812500000016 -16.867773437500034
123.74501953125014 -16.80097656250001
123.68046875000016 -16.723632812499986
123.60712890625001 -16.668066406250034
123.51796874999997 -16.540722656250026
123.49042968750007 -16.490722656249957
123.52509765625001 -16.467578125000045
123.58134765625005 -16.47089843750001
123.62597656249994 -16.41630859374999
123.64648437499994 -16.34306640624999
123.6070312500002 -16.22402343749998
123.6474609375 -16.179882812500054
123.72890624999997 -16.192480468750034
123.85917968750016 -16.382324218749986
123.91523437500018 -16.36357421874999
123.96132812499997 -16.286914062500003
124.04443359374994 -16.264941406249974
124.12978515625002 -16.278808593750043
124.18603515625011 -16.33359375
124.30039062500003 -16.38828125000005
124.45273437500009 -16.382031250000026
124.52998046875018 -16.39521484375004
124.69238281249994 -16.386132812499966
124.77197265625011 -16.402636718750045
124.75703125000018 -16.37333984375003
124.66923828125016 -16.338769531249994
124.57031249999994 -16.331835937500003
124.45449218750002 -16.33525390624999
124.4048828125002 -16.298925781249963
124.3882812500002 -16.203027343749966
124.41640625000014 -16.13349609375001
124.43457031250011 -16.103808593750003
124.50996093750001 -16.116308593749977
124.57685546875007 -16.113671874999966
124.58505859375003 -16.020117187500006
124.60859375000007 -15.9375
124.6485351562502 -15.87021484375002
124.64833984375014 -15.805468749999974
124.60664062500018 -15.82265625
124.50429687500014 -15.972460937499974
124.45527343750018 -15.850585937500014
124.38164062500016 -15.758203125000023
124.3965820312502 -15.62587890624998
124.43955078125009 -15.493554687500023
124.50566406250005 -15.47539062499996
124.56162109375009 -15.496289062500054
124.64433593750005 -15.418847656249994
124.69091796875011 -15.359667968750017
124.68017578124994 -15.311035156249972
124.69257812500018 -15.273632812499983
124.75048828125 -15.285253906250048
124.97207031250002 -15.404296874999957
125.01640625000016 -15.466503906250026
125.06298828125 -15.442285156249966
125.07792968749999 -15.374511718750014
125.07294921875007 -15.306738281249977
125.0240234375002 -15.31699218750002
124.9091796875 -15.310058593750028
124.88271484375014 -15.27197265625
124.8926757812502 -15.240527343749989
124.83906250000018 -15.160742187499991
124.9141601562502 -15.109960937500034
124.97871093750001 -15.106640624999983
125.02333984374997 -15.071875
125.0240234375002 -15.024414062500014
125.03818359375009 -15.004101562500054
125.07294921875007 -15.032324218750034
125.18867187500018 -15.045410156250028
125.30234375000009 -15.106835937500023
125.35566406250018 -15.119824218749997
125.37558593750009 -15.086816406250023
125.38378906249994 -15.015625
125.2432617187502 -14.94453125
125.23945312500007 -14.874609375000048
125.18037109375018 -14.794042968749977
125.17871093750011 -14.714746093749994
125.26650390625014 -14.648437499999986
125.28457031250002 -14.58408203125002
125.33544921875 -14.557910156250017
125.43593750000002 -14.556835937499969
125.50371093750016 -14.502246093750045
125.57978515625018 -14.483203124999974
125.59833984375007 -14.361621093749989
125.59707031249997 -14.278125
125.62773437499999 -14.256640625
125.70458984374994 -14.29140625
125.68125 -14.387988281250031
125.68095703125005 -14.480175781249983
125.66162109375 -14.529492187499997
125.6905273437502 -14.525390624999957
125.70839843750002 -14.504882812500043
125.73847656250018 -14.444335937499972
125.81953125000018 -14.469140625000051
125.83955078125018 -14.533886718749997
125.85009765625011 -14.597265625000034
125.89062500000011 -14.617968749999989
125.94609375000005 -14.520410156250009
126.02070312500007 -14.49453125
126.01660156250011 -14.371289062500011
126.04482421874997 -14.28300781249996
126.05361328125002 -14.216699218750037
126.10087890625005 -14.184375
126.11132812500011 -14.1140625
126.07343750000007 -14.065527343749977
126.05390625000007 -13.977246093750026
126.11904296875002 -13.95771484375004
126.18427734375007 -14.002050781250006
126.22822265625007 -14.113378906250048
126.25849609375018 -14.163574218749972
126.29882812499994 -14.136230468749986
126.32304687499999 -14.06210937499999
126.40312500000016 -14.018945312499994
126.48242187499994 -14.078906250000031
126.56972656249997 -14.1609375
126.67910156249997 -14.089355468750028
126.78066406249997 -13.955175781249963
126.76445312500016 -13.873046875000014
126.77558593750018 -13.788476562500023
126.90322265624997 -13.744140624999957
127.00605468750007 -13.776757812500037
127.0992187500002 -13.867382812500026
127.2930664062502 -13.934765624999983
127.45761718750003 -14.031445312500054
127.53105468750016 -14.094628906250037
127.67285156250011 -14.195117187500003
127.76347656249999 -14.29941406250002
127.88759765624997 -14.485156250000017
128.18046875000016 -14.711621093749969
128.19941406250018 -14.751757812499974
128.15986328125 -14.827343750000011
128.12441406249997 -14.924121093750017
128.08046875000002 -15.087988281250006
128.0694335937501 -15.32929687500004
128.11171874999997 -15.312011718749986
128.15546875000018 -15.225585937499972
128.2017578125002 -15.24335937500004
128.25468750000016 -15.298535156249997
128.25898437500007 -15.245605468749957
128.22724609375018 -15.213574218750011
128.1729492187502 -15.102246093749969
128.17500000000018 -15.043164062500011
128.2183593750002 -14.995703125000034
128.28515624999994 -14.938867187499994
128.358203125 -14.90166015624996
128.40322265625014 -14.869140625
128.40986328125007 -14.828906249999974
128.47744140624997 -14.787988281249994
128.5757812500002 -14.774511718749991
128.63554687500005 -14.780957031249983
129.0582031250001 -14.884375
129.1651367187502 -14.987597656249974
129.17519531250002 -15.115039062500003
129.2158203125001 -15.160253906249977
129.2378906250001 -15.080175781250006
129.23359375000018 -14.906054687499974
129.2675781250001 -14.871484375000037
129.38125 -14.898437500000014
129.4589843750001 -14.93320312499999
129.56708984375018 -15.047363281249986
129.58769531250005 -15.103320312500017
129.6347656250001 -15.139746093749977
129.65029296874997 -15.086816406250023
129.62822265625005 -15.01181640625002
129.61269531249997 -14.92587890625002
129.63710937499997 -14.850976562500037
129.76347656250016 -14.845019531249974
129.8487304687502 -14.828906249999974
129.80839843750016 -14.79970703124998
129.75351562500003 -14.789550781250043
129.66298828125002 -14.720898437499997
129.6046875 -14.647070312499963
129.69863281249997 -14.575292968750006
129.69794921875 -14.557421875
129.60791015625 -14.55966796875002
129.4838867187501 -14.489746093749986
129.3787109375 -14.392480468749966
129.45917968750007 -14.213476562500006
129.61962890624994 -14.038378906250045
129.70986328125014 -13.979980468750043
129.7183593750002 -13.9208984375
129.76171874999994 -13.811914062499994
129.78925781250007 -13.719921875
129.79716796875016 -13.6484375
129.83886718749994 -13.572949218749983
129.93789062500014 -13.501660156250026
130.07265624999997 -13.47617187499999
130.13593750000018 -13.448339843750006
130.1993164062502 -13.382617187500031
130.259765625 -13.30224609375
130.13496093750007 -13.145507812500043
130.14531250000005 -13.059179687500034
130.16816406250018 -12.95742187499999
130.3179687500002 -12.882910156250006
130.3999023437501 -12.68789062499998
130.4541992187501 -12.658593750000051
130.571875 -12.664355468749974
130.61748046875005 -12.646875
130.6095703125 -12.491308593749991
130.6226562500002 -12.431054687499966
130.6723632812501 -12.406933593750026
130.73613281250016 -12.427734375
130.7765625 -12.4953125
130.86738281250007 -12.55781250000004
130.89824218750005 -12.523632812499997
130.8829101562502 -12.455078124999972
130.87382812500005 -12.367187500000014
130.9566406250002 -12.348242187499977
131.02343749999994 -12.342871093750034
131.03007812500016 -12.271093749999977
131.01953124999994 -12.213867187499957
131.04570312500016 -12.189648437499997
131.219921875 -12.177929687499997
131.26542968750016 -12.119042968749994
131.29160156250003 -12.067871093749957
131.31376953125016 -12.095898437499983
131.34208984375016 -12.210058593749977
131.43828125 -12.27695312500002
131.72626953125007 -12.278125
131.88798828125016 -12.231933593749986
131.95673828125 -12.259277343749972
132.06406250000003 -12.280761718749986
132.18232421875018 -12.226953125000037
132.25322265625005 -12.186035156249972
132.3720703125001 -12.239160156250037
132.41103515625014 -12.295117187499983
132.44160156250007 -12.176367187500034
132.51054687500016 -12.13486328125002
132.58378906250016 -12.11025390624998
132.6763671875002 -12.130078125000026
132.71279296875014 -12.1234375
132.6304687500001 -12.035156249999957
132.63525390625 -11.9546875
132.6298828125001 -11.835839843750037
132.6447265625 -11.727148437500006
132.67421875000002 -11.649023437499991
132.47519531250003 -11.49150390624996
132.2779296875002 -11.467675781249994
132.13359375 -11.500683593749969
132.07285156250003 -11.474707031250006
131.94462890625016 -11.348535156249966
131.8224609375 -11.302441406249983
131.81181640625 -11.271386718749966
131.9615234375002 -11.180859375
132.0185546875001 -11.196386718749963
132.10576171875 -11.281152343750009
132.15546875 -11.311132812499977
132.1977539062501 -11.304980468749974
132.225 -11.238769531249986
132.2626953125001 -11.204003906250009
132.33398437499994 -11.223535156249994
132.55732421875018 -11.366894531249969
132.68281250000018 -11.505566406249983
132.7470703125001 -11.468945312499983
132.85712890625007 -11.391113281250028
132.9610351562501 -11.407324218750034
133.02490234374994 -11.452832031249983
133.11435546875003 -11.621777343750026
133.18525390625 -11.705664062499977
133.35615234375 -11.72822265625004
133.44316406250016 -11.76035156250002
133.5332031250001 -11.816210937500031
133.65449218750007 -11.811328125000017
133.90419921875014 -11.832031249999972
134.139453125 -11.940136718749969
134.237109375 -12.007714843749966
134.3510742187501 -12.02578125
134.41738281250014 -12.052734374999986
134.5380859375001 -12.060839843750045
134.7302734375 -11.984375
134.81640625 -12.054687500000028
134.85468750000007 -12.102539062500014
135.02968750000002 -12.19375
135.21796875000018 -12.221679687500028
135.35234375 -12.129199218750017
135.54873046875014 -12.060644531250006
135.6855468750001 -11.956152343750034
135.78847656250014 -11.907031249999974
135.88525390624994 -11.821679687499994
135.9224609375001 -11.82578125000002
135.84355468750016 -11.905468750000011
135.833984375 -11.950683593749986
135.89580078125016 -11.96953125
135.889453125 -11.992773437500034
135.8042968750001 -12.054785156249963
135.70253906250014 -12.151562500000054
135.70439453125016 -12.209863281250023
135.74394531250005 -12.241699218750028
135.79082031250016 -12.227539062499986
135.85742187499994 -12.178515625000031
135.93779296875 -12.152148437499989
136.00849609375018 -12.19140625
136.03144531250018 -12.330859374999989
136.08183593750005 -12.422460937499991
136.19267578125016 -12.43515625
136.26064453125014 -12.433789062499997
136.32851562500002 -12.30556640624998
136.29189453125002 -12.196386718750034
136.24990234374997 -12.173046874999983
136.2701171875002 -12.131640624999989
136.44335937499994 -11.95146484374996
136.54023437500018 -11.957617187499977
136.60976562500014 -12.133593750000031
136.71943359375018 -12.226464843750037
136.8364257812501 -12.219140624999966
136.8974609375001 -12.243554687499966
136.94746093750018 -12.34990234374996
136.53701171875014 -12.784277343749991
136.5177734375 -12.832812500000017
136.573046875 -12.91162109375
136.5943359375001 -13.003808593750037
136.4610351562502 -13.22519531250002
136.41191406250005 -13.236132812500031
136.36455078125016 -13.17636718750002
136.294140625 -13.137988281250017
136.23232421875014 -13.164941406249994
136.16611328125003 -13.181054687499994
135.9273437500001 -13.304296874999963
135.9291992187501 -13.621582031250043
135.98955078125016 -13.81015625
135.95449218750014 -13.934863281250003
135.8833984375002 -14.153125
135.80634765625 -14.23417968749996
135.74453125000014 -14.286621093749986
135.53886718750016 -14.584960937500014
135.4732421875002 -14.656640625000051
135.40517578125014 -14.758203125000051
135.42802734375016 -14.855664062500011
135.45332031250007 -14.923144531249989
135.5307617187501 -15.000390625
135.83261718750003 -15.160156249999957
135.96953125000016 -15.270214843749997
136.20537109375016 -15.403417968750048
136.2592773437501 -15.495214843750006
136.29140625000002 -15.570117187499989
136.4619140625001 -15.655273437500014
136.5835937500002 -15.706542968749986
136.61875 -15.693359374999957
136.6441406250002 -15.675585937499989
136.674609375 -15.675390625000034
136.70488281250005 -15.685253906249997
136.70009765625014 -15.751953125
136.68671875000018 -15.78847656249998
136.69814453125002 -15.834960937500028
136.78466796874994 -15.894238281250026
136.92265625 -15.892382812500003
137.0021484375 -15.87832031249998
137.08984374999994 -15.941308593750023
137.1689453125 -15.982128906249997
137.29931640625 -16.06630859375001
137.5263671875 -16.16708984375002
137.70371093750003 -16.233007812500034
137.91289062500005 -16.4765625
138.07158203125005 -16.616992187500017
138.24501953125002 -16.718359374999977
138.5056640625 -16.78955078125
138.62568359375 -16.777832031250014
138.8203125 -16.860644531250003
139.00986328125003 -16.89931640624998
139.1103515625001 -17.0140625
139.14453124999994 -17.101074218749957
139.15410156250005 -17.167773437500045
139.24843749999997 -17.328613281250043
139.4405273437502 -17.380566406250054
139.68964843750018 -17.540722656249997
139.89453125 -17.611328125
139.94599609375018 -17.65361328124999
140.03583984375018 -17.70263671875003
140.20966796875007 -17.70439453125003
140.51113281250002 -17.624511718750014
140.6484375000001 -17.54375
140.83046875000014 -17.414453125000037
140.91582031250005 -17.19257812500004
140.96601562500007 -17.01455078125001
141.21914062500002 -16.64619140625001
141.29140624999997 -16.463476562500006
141.3556640625 -16.22109375
141.41191406250005 -16.06953125000004
141.3931640625002 -15.904687500000023
141.45156250000002 -15.605273437500045
141.58144531250002 -15.195410156250034
141.6254882812501 -15.056640625000014
141.603515625 -14.85273437500004
141.52294921875 -14.47011718749998
141.55898437500014 -14.337890625000043
141.59433593750003 -14.15283203125
141.53544921875016 -14.01865234375002
141.48066406250018 -13.926757812500043
141.47255859375014 -13.797558593750011
141.5341796875 -13.553808593749991
141.58876953124997 -13.425097656249974
141.64541015624997 -13.259082031249989
141.61357421875016 -12.943457031249991
141.7345703125 -12.833496093749972
141.78222656249994 -12.778710937500009
141.87578125000005 -12.778222656249994
141.92031250000014 -12.802929687500054
141.9297851562502 -12.73984375
141.89287109375005 -12.681347656249983
141.87832031250002 -12.613281249999972
141.8521484375002 -12.578710937500034
141.7945312500001 -12.566601562500054
141.7466796875002 -12.52939453125002
141.6777343750001 -12.491406250000011
141.6885742187501 -12.351074218750014
141.80576171875003 -12.080078124999957
141.87050781250002 -11.975585937499986
141.91298828125014 -12.019238281249997
141.96113281250018 -12.054296875000034
141.9677734375001 -11.97626953125004
141.95156250000002 -11.896191406249983
142.0405273437501 -11.631738281250023
142.13896484375 -11.273242187499989
142.16835937500014 -10.94658203124996
142.32646484375 -10.884179687500037
142.4068359375002 -10.802246093749957
142.45644531250002 -10.707324218749989
142.54482421874997 -10.707324218749989
142.6050781250002 -10.748242187499969
142.5654296875001 -10.819433593749991
142.5527343750001 -10.874414062500009
142.72304687499997 -11.010449218750011
142.77968750000014 -11.115332031249977
142.8033203125001 -11.213964843749991
142.83681640624997 -11.306933593750017
142.85292968750014 -11.432226562499963
142.8505859375001 -11.632324218749957
142.87255859374994 -11.82138671875002
142.93398437500014 -11.880761718750037
142.98847656250007 -11.91904296875002
143.0664062500001 -11.924121093749989
143.17890625 -11.954492187500051

142.1914062500001 -10.762011718750017
142.13720703125 -10.731933593750028
142.1254882812501 -10.668457031249972
142.13105468750018 -10.640625
142.19794921875 -10.591992187500026
142.27480468750014 -10.704785156249997

142.2793945312502 -10.254199218750045
142.21621093750002 -10.235644531249989
142.19511718750016 -10.199316406249963
142.21875 -10.149414062500014
142.29873046875014 -10.14042968749996
142.33896484375003 -10.192187500000017

142.14199218749997 -10.18125
142.0976562500001 -10.121777343749969
142.14882812500014 -10.051757812500014
142.19199218750003 -10.085253906249989
142.16757812500003 -10.154101562499989

