16.948828125000063 48.58857421874998
16.943359375 48.55092773437505
16.904492187499983 48.50351562499998
16.862695312499994 48.44140625000003
16.86542968750004 48.38691406250001
16.97265625000003 48.198095703125006
17.067871093750057 48.08325195312497
17.0859375 48.03955078125006
17.14736328125008 48.005957031250034
17.08906250000001 47.96362304687503
17.077734375000034 47.90087890625003
17.03994140625005 47.87294921875002
17.03007812499999 47.83710937500001
17.04589843750003 47.804541015625034
17.04560546875004 47.763769531250006
17.066601562500068 47.70756835937499
16.973437500000017 47.6953125
16.862695312499994 47.69726562500003
16.823046875000017 47.693994140624994
16.78593749999999 47.67866210937498
16.74755859375 47.68627929687503
16.64746093750003 47.739013671875
16.590917968750063 47.75053710937496
16.55097656250001 47.74736328125002
16.521093750000034 47.72446289062498
16.46962890625005 47.69506835937503
16.42128906250005 47.674462890624994
16.43212890625003 47.656298828125045
16.639746093750063 47.60888671874997
16.676562500000017 47.536035156249966
16.63662109375005 47.47661132812502
16.62304687500003 47.44755859374996
16.574414062500068 47.424658203125006
16.514746093750006 47.404541015625
16.44287109375 47.399511718750034
16.434375 47.36743164062497
16.46259765625004 47.273144531249955
16.439746093750074 47.25273437499999
16.41689453125005 47.2234375
16.43837890625008 47.145898437499966
16.48281250000005 47.140380859375
16.49267578125003 47.122656250000034
16.484765625000023 47.09125976562504
16.476953125000023 47.05786132812497
16.461230468750017 47.02246093750006
16.453417968750017 47.006787109374955
16.423925781250063 46.996972656249994
16.331835937500045 47.002197265625
16.252539062500034 46.97192382812497
16.093066406250074 46.86328125000003
16.037207031250063 46.844824218750006
15.976855468750017 46.801367187500034
15.980468750000028 46.70585937500002
15.972265625000063 46.697216796874955
15.957617187500006 46.677636718749966
15.766894531250045 46.71127929687498
15.760253906250028 46.71074218749996
15.632617187500045 46.69843750000004
15.545312500000023 46.65463867187498
15.439257812499989 46.62963867187506
15.216992187500011 46.64296875
15.000683593750011 46.6259765625
14.94941406250004 46.61323242187498
14.893261718750068 46.60590820312501
14.840625 46.580468749999966
14.810546875 46.54458007812502
14.756738281250051 46.499121093750006
14.68017578125 46.46342773437502
14.596972656249989 46.43608398437496
14.577148437500057 46.412939453125034
14.549804687499972 46.39970703125002
14.503515625000063 46.41704101562499
14.465917968750034 46.41611328124998
14.419921875 46.42792968749998
14.267285156250068 46.44072265625002
14.09951171875008 46.46191406249997
14.019628906250063 46.48217773437503
13.928808593750034 46.498193359374994
13.831347656250074 46.51123046875
13.743945312500045 46.514306640624994
13.7 46.52026367187497
13.490039062499989 46.555566406249966
13.351562500000028 46.55791015624999
13.16875 46.57265625
12.80556640625008 46.625878906249994
12.699804687500034 46.64746093750003
12.598632812500028 46.65410156249996
12.47919921875004 46.672509765624994
12.388281250000063 46.70263671875
12.330078125000028 46.75981445312502
12.26796875000008 46.835888671874955
12.154101562500045 46.935253906249955
12.130761718750023 46.98476562499999
12.16552734375 47.02817382812506
12.201269531249977 47.06088867187498
12.197167968750051 47.075
12.169433593749972 47.082128906250034
11.969531250000017 47.039697265624994
11.775683593750045 46.986083984375
11.699414062500068 46.98466796874999
11.62548828125 46.99658203125003
11.52753906250004 46.997412109375006
11.433203125 46.98305664062502
11.244433593750017 46.975683593750034
11.133886718750034 46.936181640624966
11.0634765625 46.859130859375
11.025097656250011 46.796972656250034
10.993261718750006 46.77700195312505
10.927343750000063 46.76948242187501
10.828906249999989 46.775244140625034
10.759765625000028 46.793310546875006
10.689257812500045 46.84638671874998
10.57978515625004 46.853710937499955
10.479394531250023 46.855126953124966
10.45283203125004 46.86494140625001
10.454589843750028 46.89941406250003
10.414941406250051 46.964404296875045
10.349414062500017 46.98476562499999
10.179785156250006 46.86235351562502
10.133496093750068 46.851513671874955
9.996875 46.885351562500006
9.877734375000017 46.93769531250001
9.864648437500023 46.975976562499994
9.845312499999977 47.00737304687499
9.74501953125008 47.037109375
9.619921875000074 47.05747070312498
9.580273437499983 47.05737304687497
9.595703125000028 47.075830078124994
9.61054687500004 47.10712890624998
9.601171874999977 47.132080078125
9.571875 47.15791015625001
9.555761718750063 47.185498046874955
9.551074218750074 47.21225585937498
9.54218750000004 47.234130859375
9.536816406250011 47.254638671875
9.527539062499983 47.270751953125
9.609082031250011 47.39179687499998
9.625878906250051 47.46704101562503
9.55439453125004 47.51113281250005
9.685449218750023 47.50639648437496
9.718554687500017 47.514892578125
9.730664062500068 47.52690429687496
9.695204109211005 47.54309166538209
9.715136718750017 47.55078125000003
9.74892578125008 47.575537109375006
9.839160156250074 47.55229492187499
9.971582031250051 47.50532226562501
10.03408203125008 47.47358398437504
10.059863281249989 47.449072265625006
10.07421875 47.42851562499999
10.06630859375008 47.39335937500002
10.096484374999989 47.37958984374998
10.158789062499977 47.37426757812506
10.200292968750006 47.363427734374966
10.185742187500068 47.3171875
10.183007812500051 47.27880859375006
10.240625 47.28413085937498
10.312792968750017 47.31342773437498
10.369140625000028 47.36606445312498
10.40390625 47.41699218750006
10.430371093750068 47.54106445312502
10.439453125000057 47.55156250000002
10.482812500000023 47.54179687499999
10.658691406250057 47.547216796875006
10.741601562500051 47.52412109375001
10.873046875000028 47.52021484375001
10.870605468750057 47.50078125
10.893945312500023 47.470458984375
10.952148437500057 47.42670898437498
10.980859375000051 47.39814453125001
11.041992187500057 47.39311523437499
11.136035156250045 47.40888671874998
11.191210937499989 47.42519531250002
11.211914062500057 47.41362304687499
11.297949218749977 47.42490234375006
11.374121093750063 47.46025390624999
11.39296875000008 47.487158203125034
11.46992187500004 47.506103515625
11.573925781250068 47.54975585937501
11.716796875000057 47.58349609375003
12.185644531250006 47.61953125
12.203808593750068 47.64672851562503
12.196875 47.709082031250034
12.209277343750017 47.71826171875006
12.268359375000074 47.702734375
12.363183593750023 47.688183593749955
12.435742187500068 47.666113281250006
12.48291015625 47.63730468749998
12.526562500000011 47.63613281250002
12.594238281250028 47.656298828125045
12.685839843750017 47.66933593750002
12.771386718750051 47.63940429687497
12.796191406250045 47.607031250000034
12.78115234375008 47.590429687500034
12.782812500000063 47.56416015625001
12.809375 47.54218749999998
12.878906250000028 47.50644531249998
12.968066406250074 47.475683593750006
13.014355468750068 47.47807617187496
13.031542968750017 47.50800781250001
13.047949218750006 47.579150390625045
13.054101562499994 47.65512695312498
13.03359375000008 47.69873046874997
12.985546875000068 47.70942382812501
12.928125 47.71284179687501
12.897656250000011 47.721875
12.908300781250063 47.74580078124998
12.954199218749977 47.807763671874994
12.953515625000023 47.890625
12.849902343750045 47.98481445312498
12.760058593750045 48.07597656250002
12.760351562500034 48.10698242187502
12.814257812500074 48.16083984374998
12.897460937500057 48.203710937500006
13.082128906250034 48.27509765624998
13.140429687500017 48.289941406249994
13.215234375000051 48.30190429687502
13.322851562500034 48.33125
13.374609375 48.36137695312496
13.409375 48.39414062499998
13.45986328125008 48.56455078124998
13.4716796875 48.571826171875045
13.486621093750017 48.581835937500045
13.675195312500051 48.523046875000034
13.692187500000045 48.53276367187499
13.723925781250045 48.542382812499994
13.78535156250004 48.58745117187502
13.798828125000028 48.62167968749998
13.797460937500006 48.68642578125002
13.802929687500068 48.74750976562504
13.814746093750074 48.766943359375006
13.84316406250008 48.75986328124998
13.92431640625 48.72802734374997
13.98876953125 48.69243164062502
14.049121093750045 48.60249023437498
14.189843750000023 48.57856445312498
14.36757812500008 48.57622070312496
14.431054687500051 48.61625976562502
14.488671875000051 48.62553710937496
14.553906250000011 48.61333007812496
14.691308593750023 48.599218750000034
14.706640625000063 48.67192382812499
14.785937500000045 48.74736328125002
14.821875 48.774023437500006
14.922558593750068 48.77138671875002
14.947363281250063 48.827734375000034
14.972167968750057 48.98393554687496
14.993457031250045 49.00112304687502
15.066796875000051 48.99785156249996
15.139746093750006 48.969335937500006
15.161718750000034 48.94628906250003
15.199609375000023 48.948144531249966
15.252734375000017 48.96386718749997
15.310937500000051 48.974023437499994
15.402929687500063 48.95737304687498
15.599414062500045 48.886376953124994
15.700781249999977 48.860449218750034
15.765039062500023 48.86542968749998
15.825195312500028 48.864453124999955
16.057226562500034 48.754785156249994
16.219335937500034 48.739404296874994
16.367285156250063 48.73896484374998
16.414843750000074 48.77207031249998
16.47792968750005 48.80009765624999
16.543554687500006 48.796240234375006
16.60097656250005 48.78188476562502
16.71269531249999 48.734228515625006
16.764453125000074 48.722021484375006
16.83320312500004 48.71430664062501
16.883691406250023 48.703710937500006
16.928320312500063 48.62089843749999
16.953125 48.59882812500004

