45.17255859375018 39.57060546874999
45.252539062500034 39.59545898437497
45.28828125000007 39.56557617187502
45.34990234375016 39.529882812500034
45.45683593749999 39.494482421875006
45.61074218750002 39.5498046875
45.68740234375002 39.56406249999998
45.75048828125 39.56293945312501
45.78447265625016 39.545605468749955
45.796484375000034 39.48813476562506
45.784179687500114 39.417236328125
45.76630859375018 39.37846679687502
45.79863281249999 39.350195312500006
45.92500000000018 39.281933593749955
45.977441406250136 39.24389648437503
45.95185546875007 39.178125
46.045898437500114 39.01752929687501
46.07744140625016 38.95488281249996
46.11445312500007 38.87778320312506
45.921875 38.90791015624998
45.575 38.972802734374966
45.47968750000007 39.00625
45.389257812500034 39.09589843749998
45.33554687500009 39.13916015625
45.255957031250034 39.194677734375034
45.190625 39.215625
45.141210937500034 39.25429687500002
45.11308593750016 39.31157226562496
45.071679687499966 39.362890625000034
45.00019531250018 39.423535156249955
44.83818359374999 39.62910156249998
44.81718749999999 39.65043945312499
44.78339843750007 39.684667968750034
44.76826171875018 39.703515624999966
44.86718749999994 39.71914062500005
45.031640624999966 39.76513671875
45.07646484375016 39.742822265624994
45.12460937500009 39.69633789062502
45.14863281250001 39.656591796875006
45.15283203125 39.58266601562505

45.00205078125009 41.01582031249998
44.969042968750045 41.027246093749994
44.95888671875002 41.05263671875002
44.96142578125 41.07924804687502
44.99433593750001 41.085595703124994
45.021093750000034 41.077978515625034
45.02871093750002 41.053857421874994
45.02363281250007 41.027246093749994

46.57128906249994 41.80009765624996
46.61601562499999 41.806933593750045
46.690332031250136 41.831347656250045
46.74931640625016 41.812597656250034
46.825585937499966 41.74340820312497
46.93085937500001 41.67041015625003
46.98779296875 41.62138671874999
47.01015625000002 41.5875
47.06396484374994 41.55468749999997
47.142578125 41.51606445312501
47.20527343750007 41.45561523437496
47.261132812499966 41.31508789062502
47.31767578125016 41.28242187500001
47.52060546875009 41.22905273437499
47.591796875000114 41.21811523437498
47.791015625000114 41.19926757812496
47.86113281249999 41.212744140625034
47.963671875000045 41.33398437500006
48.05605468750002 41.458691406249955
48.14228515625018 41.48476562500002
48.298144531250045 41.54501953125006
48.391406250000045 41.601904296875006
48.43066406249994 41.663330078125
48.518652343750034 41.77934570312502
48.572851562500034 41.84448242187506
48.664648437500034 41.78662109374997
48.82392578125007 41.629589843749955
49.05087890625009 41.37397460937501
49.10664062500018 41.301708984374955
49.14326171875018 41.2177734375
49.17470703125002 41.116113281249994
49.226464843749966 41.02622070312506
49.45673828125018 40.799853515625045
49.556152343750114 40.71630859374997
49.71835937500009 40.608105468749955
49.775976562500034 40.58398437500003
49.85175781250018 40.57719726562496
49.990625000000136 40.576806640624966
50.11914062499994 40.53452148437498
50.182519531249966 40.504785156249966
50.248046875000114 40.46176757812498
50.30683593750018 40.412207031250006
50.36591796875001 40.27949218749998
50.143164062500034 40.3232421875
49.91884765625002 40.31640625000003
49.791992187500114 40.28789062500002
49.66904296875009 40.2490234375
49.551171875000136 40.19414062499999
49.477343750000045 40.08725585937498
49.415136718750034 39.83984375000003
49.32441406250007 39.60834960937504
49.327539062499966 39.50122070312497
49.36738281250018 39.39838867187498
49.36279296874994 39.34956054687498
49.32119140625002 39.328906250000045
49.26933593749999 39.28515625
49.199804687500034 39.072656249999966
49.16533203125016 39.03027343750003
49.120996093749966 39.00390625
49.10869140625016 39.02905273437497
49.111328125 39.08471679687503
49.013476562500045 39.13398437500001
48.96171875000016 39.078759765624966
48.92617187500002 38.961767578125034
48.85449218749994 38.83881835937501
48.850878906250045 38.81533203125002
48.86875 38.43549804687501
48.840332031250114 38.437255859375
48.635546875000045 38.39873046874999
48.59267578125002 38.41108398437501
48.41738281250002 38.58623046874999
48.38125 38.60561523437502
48.305566406250136 38.61347656250004
48.26132812500009 38.642285156249955
48.225195312500034 38.689208984375
48.20468750000009 38.72412109375
48.02324218749999 38.81904296874998
47.996484375000136 38.85375976562506
47.99267578125 38.88427734375006
48.01933593749999 38.91181640624998
48.05009765625016 38.93500976562498
48.138574218750136 38.958642578124994
48.24199218750016 38.97895507812498
48.27509765625007 38.99360351562501
48.292089843750034 39.01884765625002
48.291015625000114 39.05927734374998
48.27412109375001 39.09912109375003
48.12548828124994 39.17163085937497
48.10917968749999 39.20283203125001
48.10439453125002 39.241113281249994
48.112890625000034 39.28110351562498
48.13603515625016 39.312353515625034
48.257226562500136 39.35498046875003
48.322167968750136 39.39907226562502
48.28173828125 39.448339843750034
48.15107421875018 39.56054687499997
47.99589843749999 39.68393554687498
47.89228515625007 39.68505859375003
47.772851562500136 39.648583984374966
47.581835937500045 39.54335937500002
47.47617187500009 39.49833984374999
47.338476562500034 39.42387695312502
47.188378906249966 39.340966796874994
47.0654296875 39.25288085937501
46.988867187500034 39.18017578125003
46.85253906249994 39.14843750000003
46.78320312499994 39.08740234375003
46.554785156250034 38.90439453124998
46.490625000000136 38.90668945312498
46.486718750000136 38.99746093750002
46.489843750000034 39.069433593750006
46.47539062500016 39.11088867187502
46.40146484375009 39.167675781249955
46.400292968750136 39.19218749999999
46.42031250000002 39.20737304687506
46.477148437500034 39.198193359374955
46.55 39.201416015625
46.584765625000045 39.22368164062499
46.50664062499999 39.29853515624998
46.43730468749999 39.34853515625002
46.378417968750114 39.38227539062498
46.365234375 39.40249023437502
46.365136718750136 39.41679687499999
46.37763671875001 39.43388671875002
46.478125 39.47509765624997
46.48808593750016 39.51284179687502
46.481445312500114 39.55517578125003
46.321679687499966 39.61743164062503
46.202050781250136 39.59448242187506
46.094824218750034 39.66445312499999
46.02587890624994 39.71855468750002
45.939941406250114 39.77656250000001
45.863183593750136 39.808349609375
45.789648437500034 39.881103515625
45.66181640625001 39.95620117187502
45.57978515625001 39.97753906250003
45.580957031249966 39.98901367187506
45.595996093750045 40.00283203125002
45.63017578125016 40.01420898437502
45.85810546875007 40.01127929687496
45.88593750000001 40.02485351562498
45.90009765625018 40.057080078124955
45.93125 40.10468749999998
45.96757812500016 40.17480468749997
45.96464843749999 40.233789062499994
45.735742187499966 40.32910156249997
45.56953125000007 40.41684570312498
45.45439453125016 40.532373046874994
45.37617187500018 40.63808593750002
45.37890624999994 40.67358398437497
45.4013671875 40.70712890624998
45.579394531250045 40.80449218749999
45.59140625000009 40.829736328124994
45.5875 40.84692382812503
45.524023437500034 40.89672851562497
45.444238281250136 40.94799804687503
45.41914062500007 40.98569335937498
45.36894531250016 41.00488281249997
45.27343749999994 41.00625
45.106054687500034 41.06933593750006
45.07050781250018 41.075585937499994
45.06259765625009 41.08813476562497
45.070703125000136 41.10083007812497
45.19023437500016 41.12636718750002
45.18857421875009 41.147412109374955
45.15234375 41.175146484375006
45.08476562500016 41.195458984374994
45.02294921875 41.245703125
45.001367187500136 41.29096679687498
45.217187500000136 41.423193359375006
45.28095703125018 41.44956054687506
45.42226562500008 41.42529296875
45.715625 41.337646484375
45.69570312500002 41.28901367187504
45.725488281250136 41.26162109375005
45.792773437500045 41.22441406250002
45.92197265625009 41.18671874999998
46.03125 41.16728515625002
46.086523437500034 41.183837890625
46.17070312500016 41.197851562500034
46.27998046875001 41.154443359374966
46.380761718750136 41.09931640625001
46.43095703125016 41.07705078125002
46.457910156250136 41.07021484375005
46.53437500000018 41.088574218749955
46.62636718750008 41.15966796874997
46.662402343750045 41.245507812499966
46.67255859375018 41.28681640625004
46.618945312500045 41.34375
46.508789062500114 41.40556640624999
46.38496093750007 41.45986328125002
46.305468750000045 41.507714843749994
46.254687500000045 41.60214843750006
46.20351562500008 41.61259765624996
46.19052734375009 41.62485351562498
46.18212890625 41.65708007812506
46.18427734375018 41.7021484375
46.20185546875007 41.73686523437496
46.25185546875008 41.75175781249999
46.30253906249999 41.757080078125
46.34824218750009 41.790185546874994
46.405468750000125 41.85507812499998
46.429882812500125 41.890966796875006
46.537695312500034 41.87041015624999
46.552148437500136 41.81230468749996

45.51435546875018 40.59956054687498
45.552343750000034 40.61606445312498
45.56230468749999 40.64916992187497
45.53417968749994 40.66401367187498
45.504492187500034 40.66484375
45.47880859375016 40.648339843749994
45.47880859375016 40.60698242187499

