91.88886718750001 21.503320312499966
91.85947265625009 21.53295898437497
91.87324218750001 21.574414062499983
91.8570312500002 21.70878906249999
91.90771484374994 21.722949218750045
91.93398437499997 21.72216796874997
91.94863281250014 21.682568359374983
91.9619140625 21.60976562499999
91.94921874999994 21.50805664062497

91.83759765625007 21.750244140625
91.81972656250014 21.80981445312497
91.83515625000018 21.885351562500006
91.85068359375003 21.927050781250045
91.86132812500011 21.926660156249966
91.88251953125007 21.883642578125006
91.87382812500016 21.832128906250006

91.04472656249999 22.10517578125001
91.07949218749997 22.51972656250001
91.15830078125003 22.36542968750001
91.17822265625011 22.283007812500017
91.15078125000002 22.175195312499994

91.51044921875001 22.35278320312503
91.4668945312502 22.37841796875
91.41132812500018 22.475683593750006
91.43886718750002 22.598828124999955
91.45605468749994 22.616503906250017
91.48398437500003 22.576562499999966
91.5230468750002 22.49072265624997
91.54833984375011 22.425390624999977
91.5567382812502 22.382226562499966

90.6036132812502 22.05419921875003
90.51503906250002 22.065136718749955
90.68046875000005 22.327490234375006
90.67490234375003 22.444970703124966
90.64921875000016 22.540673828125023
90.56494140624994 22.617626953124983
90.56035156250016 22.672558593749983
90.5225585937502 22.747509765624955
90.50292968750011 22.835351562499994
90.59648437500016 22.86352539062497
90.67226562500014 22.81318359375001
90.68300781250014 22.785302734375023
90.69921874999994 22.713525390624966
90.73691406250009 22.638720703125017
90.8681640625 22.48486328125
90.86582031250003 22.390576171874983
90.82988281249999 22.15996093749999
90.77763671875005 22.089306640624983

90.65957031250014 22.920019531250034
90.60390624999997 22.945556640625
90.56230468750005 22.975439453125034
90.53632812500018 23.014892578125
90.57988281250016 23.035449218750017
90.64179687500007 22.962988281249977

88.82802734375014 26.252197265625142
88.89648437500023 26.260498046875057
88.94072265625016 26.24536132812497
88.97041015625018 26.25087890625005
88.9815429687502 26.286132812500114
88.94824218750011 26.337988281250034
88.92412109375016 26.375097656250034
88.95195312500016 26.41210937500003
88.9833984375 26.419531250000034
89.01865234375003 26.410253906250006
89.06679687500008 26.37690429687504
89.10195312500014 26.30834960937503
89.10830078125014 26.20224609375009
89.18642578125014 26.10595703125
89.28925781250018 26.037597656250114
89.36972656250015 26.006103515625085
89.46689453125009 25.983544921875108
89.5499023437502 26.005273437500108
89.5914062500002 26.072412109375108
89.57275390624994 26.132324218750057
89.5857421875001 26.18603515624997
89.61904296875014 26.215673828124977
89.67089843750006 26.21381835937504
89.70986328125002 26.171240234374977
89.82294921875013 25.941406250000057
89.79960937499999 25.839599609375085
89.82490234375018 25.56015625
89.79628906250014 25.375830078125034
89.80087890625009 25.33613281250001
89.8140625000002 25.305371093749983
89.8333007812501 25.292773437500074
89.86630859375009 25.293164062499983
90.00380859375014 25.25834960937499
90.11962890625011 25.21997070312497
90.25039062499997 25.18496093750005
90.43935546875014 25.157714843750085
90.5552734375002 25.166601562500034
90.61308593750016 25.167724609375
90.73017578125001 25.159472656250102
91.0382812500003 25.174072265625057
91.29316406250018 25.177978515625142
91.39667968750018 25.151611328125085
91.47968750000013 25.142138671875102
91.76347656250016 25.16064453124997
92.04970703125008 25.16948242187499
92.20468750000003 25.110937499999977
92.37343750000014 25.01513671875
92.46835937500032 24.944140625000102
92.48544921875003 24.903320312500142
92.47500000000025 24.868505859374977
92.44316406250016 24.84941406249999
92.38496093750018 24.848779296875023
92.25126953125005 24.895068359375045
92.22832031250016 24.881347656250085
92.23056640625009 24.78623046875009
92.2266601562502 24.77099609375
92.1980468750001 24.68574218750004
92.11748046875016 24.493945312500045
92.10195312500008 24.408056640625034
92.0850585937502 24.386181640625125
92.06416015625001 24.374365234375006
92.0010742187502 24.370898437500017
91.95166015625011 24.35673828124999
91.93105468750008 24.325537109375006
91.8990234375002 24.26069335937504
91.87695312500006 24.195312500000142
91.84619140625011 24.17529296874997
91.77246093750011 24.210644531250068
91.7265625 24.205078125
91.6687500000001 24.19008789062505
91.61113281250022 24.15283203125
91.57138671875009 24.106591796874994
91.52636718750006 24.090771484374983
91.3926757812502 24.100097656250085
91.36708984375014 24.093505859375
91.35019531250003 24.06049804687501
91.33642578125011 24.018798828125057
91.2320312500002 23.920458984375102
91.19248046875009 23.762890625000068
91.1604492187501 23.660644531250085
91.16552734375011 23.581054687500057
91.25380859375025 23.373632812500063
91.31523437500005 23.104394531250108
91.33886718750017 23.077001953125034
91.359375 23.068359375000057
91.36865234375006 23.074560546875063
91.36679687500003 23.13046875000009
91.37060546875011 23.197998046875
91.39941406250011 23.21386718750003
91.43623046875018 23.19990234375001
91.47138671875007 23.14125976562508
91.51123046875011 23.033691406250085
91.55351562500016 22.991552734375034
91.61953125000014 22.979687500000097
91.6949218750002 23.004833984375068
91.7509765625 23.053515625000045
91.77382812500014 23.106103515625108
91.75791015625015 23.20981445312509
91.7541992187501 23.287304687500068
91.79003906250011 23.361035156249983
91.91914062500013 23.471044921875006
91.93789062500025 23.50468750000013
91.9294921875001 23.598242187500006
91.92958984375025 23.685986328125097
91.978515625 23.69199218750009
92.0440429687502 23.677783203125045
92.12705078125003 23.720996093750045
92.15234375000011 23.721875
92.1871093750002 23.675537109375114
92.24609374999994 23.68359374999997
92.28935546875016 23.49248046875013
92.33417968750013 23.323828125000034
92.33378906250016 23.242382812499983
92.34121093750014 23.06982421875
92.36162109375016 22.929003906250074
92.39316406250009 22.897021484375045
92.43046875000016 22.821826171875102
92.46445312500003 22.734423828125045
92.49140625000001 22.685400390625006
92.50957031249999 22.52568359374999
92.5318359375002 22.410302734375108
92.56123046875001 22.04804687500001
92.57490234375007 21.978076171875074
92.58281249999999 21.940332031250023
92.58427734375005 21.609033203125023
92.59345703125001 21.467333984375017
92.62529296875005 21.350732421874966
92.63164062499999 21.306201171875045
92.59980468750018 21.270166015624994
92.56855468750001 21.263330078125023
92.53916015625009 21.31982421874997
92.471875 21.362988281249983
92.37265625000009 21.409033203125034
92.33056640625011 21.439794921875006
92.27968750000014 21.427587890625006
92.20820312500007 21.35786132812501
92.17958984375002 21.293115234374966
92.19199218750003 21.202246093750006
92.21474609374997 21.112695312499966
92.26445312500016 21.06147460937501
92.26845703124997 21.00468749999999
92.28623046875003 20.93159179687504
92.31191406250014 20.86445312500004
92.32412109375014 20.791845703124977
92.30781250000018 20.790429687499966
92.2481445312502 20.883593750000017
92.19462890625016 20.984277343750023
92.05605468749997 21.17480468750003
92.01093750000001 21.516259765625023
92.00800781250007 21.684765624999983
91.91318359375009 21.88305664062497
91.85 22.157373046874994
91.8248046875002 22.228662109374966
91.85781250000002 22.317333984374983
91.86337890625009 22.350488281249994
91.84541015625007 22.343115234375006
91.79707031250007 22.297460937500034
91.73408203125018 22.406689453124983
91.69296875000009 22.504785156249994
91.52968750000014 22.707666015625023
91.48212890625001 22.797412109375017
91.48007812500003 22.884814453125045
91.40957031249997 22.797021484375023
91.31376953124999 22.735156250000017
91.21621093750014 22.642236328125023
91.15136718749994 22.614062500000045
90.94560546875016 22.597021484375034
90.82675781250009 22.721386718749983
90.65625 23.025488281250006
90.63359375000016 23.09423828125
90.65605468750005 23.273046875
90.615625 23.442333984374955
90.61611328124997 23.531640625000023
90.60400390625011 23.591357421875017
90.57343750000018 23.578125
90.56162109375009 23.53710937499997
90.56806640625007 23.474267578124966
90.55566406250011 23.421533203124966
90.40800781250005 23.43188476562503
90.26914062500009 23.455859375000045
90.39150390625014 23.36694335937503
90.52275390625016 23.346142578124983
90.5909179687502 23.26640624999999
90.5992187500002 23.20415039062499
90.59511718750014 23.133935546874994
90.52773437500002 23.08496093749997
90.46601562500007 23.053906249999955
90.4775390625 22.986767578124955
90.55224609375011 22.904882812500063
90.46162109375001 22.881787109374955
90.43691406249997 22.828173828125045
90.43505859374994 22.751904296874983
90.48066406250018 22.684667968750034
90.49843749999997 22.634814453125017
90.48740234375003 22.588720703125034
90.53173828125011 22.539306640625
90.59550781250016 22.435839843750074
90.61611328124997 22.362158203124977
90.58945312500003 22.258447265624994
90.55283203125003 22.218164062500023
90.49414062500011 22.178906249999955
90.35576171875016 22.048242187499966
90.28818359375003 21.89941406250003
90.23056640625003 21.829785156249955
90.15878906250009 21.816845703124983
90.13076171875014 21.847412109375
90.07119140624997 21.887255859375045
90.07001953125001 21.95991210937501
90.08789062500011 22.017480468749994
90.2095703125002 22.156591796875006
90.14345703125014 22.13789062500001
90.06855468750018 22.098193359375017
89.95419921875003 22.022851562500023
89.91806640625003 22.116162109374955
89.89404296874994 22.202587890624983
89.89384765624999 22.308398437500045
89.98515625000016 22.466406249999977
89.88183593749994 22.387597656249994
89.85322265625018 22.288964843749994
89.86582031250009 22.173046874999983
89.85253906250011 22.090917968750034
89.81191406250002 21.983496093750006
89.7568359375 21.919042968750034
89.66777343750016 21.87768554687503
89.628125 21.814160156249983
89.56855468750018 21.767431640625034
89.56660156250007 21.86059570312503
89.54746093750003 21.983691406250045
89.48320312499999 22.275537109374994
89.4693359375002 22.212939453125045
89.50253906250003 22.031884765625023
89.5005859375002 21.914355468750045
89.45195312500016 21.821093750000045
89.35371093750018 21.721093750000023
89.27861328125016 21.706982421874983
89.23427734375002 21.72236328125001
89.1670898437502 21.784277343750006
89.09394531250001 21.87275390625001
89.0816406250002 22.014941406250017
89.05146484375018 22.09316406250005
89.05585937500018 22.186230468750097
89.05 22.274609374999983
88.97148437500005 22.510937499999983
88.92070312499999 22.632031249999983
88.92695312500001 22.671142578125114
88.9234375000002 22.687548828125102
88.89970703125016 22.843505859375057
88.86699218750016 22.93886718750005
88.85058593750011 23.040527343750057
88.928125 23.186621093749977
88.89707031250015 23.21040039062504
88.80761718750011 23.22968750000004
88.72441406250016 23.254980468750063
88.7040039062502 23.292822265625034
88.7408203125002 23.43662109375012
88.69765625000014 23.493017578125063
88.63574218750011 23.550000000000125
88.61640625000018 23.572753906250142
88.59599609375022 23.60219726562508
88.56738281250011 23.674414062500063
88.62255859375011 23.826367187500097
88.6998046875002 24.002539062500034
88.71376953125014 24.069628906250102
88.72656250000017 24.186230468750068
88.73359375000018 24.230908203125097
88.72353515625014 24.27490234375
88.64228515625018 24.325976562500102
88.49853515624994 24.34663085937504
88.39697265625017 24.389257812500034
88.3375000000002 24.453857421875057
88.28710937500017 24.479736328125
88.225 24.46064453125001
88.1455078125 24.485791015624983
88.07910156250011 24.549902343750063
88.0234375 24.62783203125005
88.03027343750011 24.66445312500005
88.04511718750013 24.71303710937508
88.14980468750014 24.914648437500034
88.18886718750014 24.920605468750097
88.2794921875003 24.881933593750034
88.3133789062502 24.88183593750003
88.37294921875025 24.96152343750009
88.45625 25.18842773437504
88.5738281250002 25.187890625000023
88.67753906249999 25.180468750000102
88.74755859375006 25.168945312500057
88.81728515625014 25.17622070312504
88.89013671875 25.194384765625102
88.92978515625009 25.222998046875063
88.95166015625006 25.25927734375
88.94414062500016 25.29077148437503
88.85478515625016 25.333544921875017
88.82031249999994 25.365527343750074
88.79541015625011 25.45625
88.7691406250002 25.49047851562503
88.59345703125018 25.49531250000004
88.50244140625011 25.53701171875008
88.45234375000013 25.574414062500068
88.36308593750027 25.698193359375068
88.25292968750011 25.789794921875085
88.14746093750011 25.81142578125005
88.10664062500007 25.841113281250045
88.0845703125002 25.888232421875045
88.09736328125024 25.956347656250074
88.12900390625009 26.01821289062508
88.15078124999997 26.087158203125085
88.23515625000005 26.178076171875034
88.33398437500011 26.257519531249983
88.3780273437502 26.312011718750057
88.44042968750011 26.369482421875034
88.4478515625002 26.40102539062508
88.43671875000018 26.437109374999977
88.38623046875011 26.471533203125063
88.35146484375014 26.482568359374994
88.34589843750013 26.50478515625008
88.36992187500016 26.56411132812508
88.41816406250018 26.571533203125
88.51826171875018 26.517773437500068
88.62011718750011 26.430664062500085
88.68066406250023 26.352978515625068
88.68281250000001 26.29169921875001
88.72216796875011 26.281835937500034
88.76191406250007 26.279394531249977

