28.284277343750034 56.055908203125
28.31630859375008 56.052539062500045
28.392089843750057 56.08671874999999
28.40703124999999 56.089013671874994
28.56396484375 56.09199218749998
28.63691406250001 56.06176757812506
28.69082031250008 56.00263671874998
28.740820312500063 55.95537109374996
28.794726562500017 55.94257812500001
28.94746093750004 56.002099609374966
29.03173828125 56.02177734374999
29.087402343750057 56.02114257812502
29.283007812500045 55.967871093750006
29.375000000000114 55.93872070312503
29.396093750000034 55.912207031250034
29.39794921875 55.88105468750001
29.37314453125009 55.83471679687497
29.35341796875008 55.784375
29.412988281250136 55.72485351562497
29.482226562500045 55.68457031250003
29.63007812500001 55.75117187500001
29.684570312500114 55.76972656249998
29.744140625000114 55.77041015625002
29.823925781250068 55.79511718749998
29.881640625000045 55.83232421875002
29.937011718750057 55.84526367187499
30.042675781250182 55.83642578124997
30.233593750000068 55.84521484375
30.45625 55.78681640624998
30.475390625000045 55.76879882812506
30.586718750000045 55.700292968750034
30.62558593750009 55.66625976562503
30.662304687500068 55.655468749999955
30.721679687500114 55.62211914062502
30.800781250000057 55.60112304687499
30.855957031250114 55.60751953125006
30.882226562500136 55.59638671875001
30.90683593750009 55.570019531249955
30.908789062500034 55.52534179687501
30.900585937500068 55.39741210937498
30.861816406250057 55.36040039062499
30.820996093750068 55.33027343749998
30.810546875000114 55.306982421875034
30.814453125000114 55.27871093750005
30.877441406250057 55.2234375
30.958886718750136 55.137597656249966
30.977734375000068 55.08779296875005
30.977734375000068 55.05048828124998
30.86679687500009 54.94072265625002
30.829882812500045 54.91499023437501
30.804492187500045 54.8609375
30.791015625000114 54.806005859375006
30.798828125000114 54.78325195312499
30.984179687500045 54.69589843750006
31.121289062500182 54.64848632812499
31.152148437500045 54.62534179687498
31.15488281250009 54.61093749999998
31.081933593750136 54.51708984375003
31.074804687500034 54.491796875000034
31.184765625000068 54.452978515625034
31.24550781250008 54.39165039062499
31.299121093750045 54.291699218749955
31.403613281250045 54.195947265624994
31.628417968750114 54.111181640625034
31.791992187500114 54.05590820312506
31.825976562500045 54.03071289062498
31.837792968750136 54.00078125000002
31.825292968750034 53.93500976562504
31.783007812500045 53.85498046874997
31.75419921875016 53.810449218749966
31.820800781250114 53.79194335937501
31.992187500000057 53.796875
32.20039062500007 53.78125
32.450195312500114 53.69291992187499
32.4509765625001 53.65332031250003
32.42519531250008 53.617285156250034
32.442382812500114 53.57924804687502
32.469628906250136 53.546972656250034
32.68574218750001 53.44814453125005
32.70644531250008 53.41943359374997
32.71025390625016 53.37143554687506
32.70429687500007 53.33632812499999
32.644433593750136 53.32890625000002
32.578027343750136 53.31240234375002
32.46933593750009 53.2703125
32.426269531250114 53.210595703124966
32.25068359375001 53.12836914062501
32.14199218750002 53.09116210937498
32.055468750000045 53.08945312499998
31.849707031250034 53.10620117187503
31.77744140625009 53.146875
31.747460937500023 53.184179687500006
31.66826171875016 53.20092773437506
31.562988281250114 53.202490234375006
31.417871093750023 53.19604492187503
31.388378906250068 53.18481445312506
31.364550781250102 53.138964843750045
31.302929687500068 53.060888671875034
31.258789062500114 53.016699218750006
31.295117187500068 52.98979492187502
31.353027343750057 52.933447265625006
31.442773437500136 52.86181640624997
31.535156250000114 52.798242187499994
31.564843750000136 52.75922851562504
31.563476562500114 52.73144531250006
31.519433593750023 52.69873046875006
31.52617187500016 52.63300781249998
31.61591796875001 52.54619140624996
31.58554687500009 52.53247070312503
31.576562500000023 52.426025390625
31.577343750000068 52.31230468750002
31.601562500000057 52.28481445312502
31.649902343750114 52.26220703125003
31.690625000000182 52.22065429687501
31.758593750000045 52.125830078125034
31.763378906250125 52.10107421875006
31.57373046875017 52.10810546875015
31.345996093750102 52.105371093750136
31.217968750000125 52.0502441406251
31.168457031250114 52.0629394531251
31.079296875000125 52.07695312500013
30.980664062500125 52.046191406250074
30.84570312500017 51.9530761718751
30.755273437500136 51.895166015625136
30.66728515625016 51.814111328125136
30.63945312500016 51.770068359375045
30.58388671875008 51.688964843750114
30.53300781250016 51.596337890625165
30.560742187500182 51.531494140625114
30.60234375000016 51.4712402343751
30.61171875000008 51.40634765625009
30.632519531250182 51.355419921875125
30.576953125000102 51.318359375000114
30.54453125000009 51.26503906250019
30.44951171875016 51.27431640625011
30.333398437500136 51.32553710937506
30.308984375000136 51.39960937500007
30.219531250000102 51.4512207031251
30.160742187500034 51.47788085937512
30.063769531250216 51.48203124999998
29.908789062500034 51.45800781250006
29.70605468750017 51.439550781250034
29.55312500000025 51.434570312500085
29.469628906250136 51.40834960937508
29.34648437500016 51.38256835937514
29.298828125000114 51.413037109375125
29.230468750000057 51.49702148437501
29.174218750000165 51.58061523437499
29.135644531250108 51.617285156250006
29.102050781250114 51.62753906250015
29.060742187500125 51.62543945312507
29.013085937500108 51.59892578124999
28.977734375000097 51.57177734375014
28.92753906250016 51.562158203125136
28.849511718750165 51.54018554687511
28.79326171875016 51.51035156250006
28.73125000000016 51.4333984375001
28.69023437500013 51.43886718750008
28.647753906250102 51.456542968750114
28.599023437500108 51.54262695312508
28.53203125000016 51.5624511718751
28.424609375000102 51.56362304687508
28.29160156250012 51.581835937500074
28.183789062500068 51.60786132812504
28.144433593750136 51.60166015625009
28.080273437500125 51.56503906250009
28.010742187500085 51.5597656250001
27.858593750000097 51.59238281250009
27.828808593750153 51.577441406250045
27.788867187500102 51.52915039062506
27.74130859375009 51.48256835937508
27.700000000000102 51.47797851562504
27.676757812500085 51.48994140625018
27.68974609375016 51.57241210937511
27.601367187500074 51.6016113281251
27.452343750000097 51.60610351562511
27.347656250000085 51.59414062500008
27.296289062500108 51.597412109375114
27.27011718750009 51.61357421875013
27.141992187500108 51.75205078125009
27.074121093750136 51.76083984375012
26.952832031250125 51.75400390625015
26.773437500000085 51.77070312500018
26.566894531250114 51.801904296875136
26.45341796875016 51.81342773437518
26.39433593750013 51.8444335937501
26.267089843750142 51.85502929687513
25.925292968750142 51.913525390625125
25.78574218750012 51.923828125000114
25.580273437500097 51.924755859375125
25.26718750000009 51.937744140625085
25.066699218750102 51.93051757812512
24.973828125000097 51.9111328125
24.866406250000153 51.89912109375004
24.68515625000009 51.88828125000015
24.611328125000142 51.889501953125034
24.49521484375012 51.88305664062514
24.36191406250012 51.867529296875006
24.323730468750085 51.8384277343751
24.28007812500016 51.7747070312501
24.126855468750108 51.66464843750006
23.97832031250013 51.591308593750114
23.951171875000114 51.58505859375009
23.864257812500085 51.623974609375125
23.791699218750125 51.637109375000136
23.70683593750016 51.6413085937501
23.646679687500068 51.62885742187504
23.608593750000125 51.610498046875136
23.613769531250114 51.525390625000114
23.605273437500074 51.517919921875006
23.539648437500034 51.61889648437497
23.544824218750023 51.71025390625002
23.58134765624999 51.76240234374998
23.625683593750068 51.80932617187506
23.60742187499997 51.87978515625002
23.651074218749983 51.972998046875006
23.652441406250006 52.040380859375034
23.63330078125003 52.06958007812503
23.597949218750017 52.10307617187502
23.50117187500001 52.140380859375
23.458398437499994 52.16953124999998
23.3271484375 52.20844726562501
23.19697265625004 52.256933593750006
23.175097656250017 52.28662109375003
23.18125 52.306982421875006
23.204101562500057 52.337890625
23.303320312500034 52.42836914062505
23.410937500000017 52.516210937500006
23.479589843750063 52.55156249999999
23.8447265625 52.66420898437502
23.90126953125008 52.70361328124997
23.915429687500023 52.77026367187497
23.916308593750017 52.81875
23.909375 52.904882812500034
23.887109375000023 53.02753906249998
23.859179687500017 53.11210937499999
23.789257812499983 53.27094726562501
23.598925781250017 53.59921875
23.484667968750017 53.939794921875034
23.55908203125 53.91982421875005
23.733691406250045 53.91225585937502
23.87255859375 53.935693359374994
23.944433593749977 53.93896484375003
24.008496093750068 53.93164062500006
24.10390625000005 53.94501953125001
24.191308593750023 53.95043945312497
24.236621093750017 53.91997070312499
24.317968750000063 53.89296875
24.478515625 53.93183593750001
24.620703125 53.979833984375006
24.768164062500034 53.97465820312502
24.789257812500068 53.99824218750004
24.82568359375003 54.118994140625034
24.86953125000008 54.14516601562502
25.046093750000068 54.13305664062506
25.111425781250063 54.154931640624966
25.179492187500074 54.214257812499994
25.28369140624997 54.25126953124999
25.37060546875 54.25122070312506
25.461132812500068 54.29277343749999
25.50566406249999 54.26494140625002
25.527343750000057 54.21513671874999
25.497363281250074 54.17524414062504
25.510351562500063 54.159619140624955
25.573046875000045 54.13989257812503
25.680566406250023 54.14047851562506
25.74921875000004 54.15698242187503
25.765234375000034 54.17978515624998
25.76503906250008 54.22119140624997
25.748144531250006 54.259667968749994
25.70253906250005 54.29296875000003
25.61689453125001 54.31010742187496
25.55751953125008 54.310693359374994
25.547363281250057 54.33183593749996
25.567578124999983 54.377050781250034
25.620312499999983 54.46040039062504
25.685156250000063 54.53579101562502
25.72480468750004 54.56425781249996
25.73164062500001 54.59038085937496
25.723925781250045 54.63603515625002
25.722460937500017 54.717871093750006
25.780859375 54.83325195312497
25.859277343749994 54.919287109375006
25.964453125000034 54.947167968749994
26.09296875000001 54.962304687499966
26.17519531250005 55.00327148437506
26.2158203125 55.05039062499998
26.23125 55.09013671874999
26.250781250000017 55.12451171874997
26.291796875000017 55.13959960937504
26.601171875000063 55.13017578124999
26.64843750000003 55.204199218750034
26.675 55.22490234374999
26.734375 55.24677734375001
26.775683593750017 55.27309570312505
26.76015625000005 55.29335937499999
26.68125 55.30644531250002
26.495312499999983 55.318017578124966
26.457617187500034 55.34248046874998
26.469531250000074 55.371923828125034
26.519238281250068 55.448144531249994
26.56660156250004 55.54648437500006
26.5908203125 55.622656250000034
26.593554687500017 55.66752929687502
26.620214843750034 55.67963867187501
26.771875 55.693994140624994
26.82246093750004 55.709228515625
26.95302734375008 55.81293945312498
27.052539062500017 55.83056640625003
27.309179687500063 55.80390625000001
27.427148437500023 55.80595703124999
27.459179687500068 55.80351562500002
27.576757812500034 55.79877929687504
27.589453125000063 55.809179687500006
27.642285156250068 55.911718750000034
27.694238281249994 55.941552734374994
27.896289062500045 56.07617187500006
28.032031250000074 56.13330078124997
28.117871093750068 56.14580078125002
28.147949218750057 56.14291992187498

