4.820703125000051 51.41206054687501
4.848046875000023 51.40327148437501
4.943945312500034 51.407763671875045
4.99257812500008 51.44536132812496
5.030957031249983 51.469091796875006
5.059472656250023 51.453125
5.073437500000011 51.406835937500034
5.099902343749989 51.34648437499999
5.214160156250017 51.278955078124994
5.310839843750074 51.25971679687498
5.429785156250063 51.27299804687502
5.476855468750045 51.285058593749994
5.5087890625 51.275
5.540429687500051 51.23930664062499
5.608789062500023 51.19843750000001
5.752343750000051 51.16948242187499
5.796484374999977 51.15307617187503
5.8271484375 51.12563476562502
5.818261718750051 51.08642578125003
5.749804687500074 50.98876953125003
5.740820312500006 50.95991210937501
5.75 50.95024414062499
5.736621093750045 50.93212890625003
5.647558593750006 50.86665039062501
5.639453125000045 50.843603515625034
5.669140625000068 50.80595703124999
5.693554687500068 50.774755859375034
5.694531249999983 50.78105468749999
5.83095703125008 50.80913085937502
5.892461122495348 50.752556857983535
5.993945312500074 50.75043945312498
6.005957031250034 50.73222656249999
6.119433593750045 50.679248046875045
6.154492187500011 50.63725585937502
6.235937499999977 50.5966796875
6.16845703125 50.54536132812501
6.178710937500057 50.52250976562499
6.203027343750023 50.499121093750006
6.294921875 50.485498046874994
6.340917968750063 50.45175781250006
6.34365234375008 50.400244140625034
6.36445312500004 50.31616210937506
6.175097656250017 50.232666015625
6.121289062500068 50.13935546874998
6.116503906250074 50.120996093749994
6.110058593750011 50.12377929687503
6.089062499999983 50.15458984374999
6.054785156250034 50.15429687500003
5.976269531250011 50.16718749999998
5.866894531250011 50.08281250000002
5.817382812500057 50.01269531250003
5.788085937500057 49.961230468750045
5.744042968750051 49.91962890624998
5.735253906250023 49.875634765624994
5.740820312500006 49.85717773437497
5.72578125000004 49.833349609375006
5.725 49.808300781249955
5.787988281250023 49.758886718750034
5.803710937500028 49.732177734375
5.880371093750028 49.64477539062506
5.856542968750034 49.61284179687502
5.837597656250011 49.57832031250001
5.815429687500028 49.55380859374998
5.78974609375004 49.53828125000001
5.710449218750028 49.53920898437502
5.610058593750011 49.52822265625002
5.54238281250008 49.51103515624999
5.507324218750057 49.51088867187502
5.434667968749977 49.55449218749996
5.353515624999972 49.61982421875001
5.30195312500004 49.65097656249998
5.278808593750028 49.677929687499955
5.215039062500011 49.68925781249996
5.124121093750034 49.72148437499996
5.061035156249972 49.75654296874998
5.006933593750063 49.77836914062499
4.930566406250051 49.78925781249998
4.86757812499999 49.78813476562502
4.849121093749972 49.847119140624955
4.841503906250011 49.91450195312501
4.790039062500028 49.95957031250006
4.860546874999983 50.135888671874994
4.818652343750074 50.15317382812498
4.77285156250008 50.13906250000002
4.706640625 50.097070312499994
4.675097656250045 50.046875
4.656152343750023 50.00244140625
4.545019531250006 49.96025390625002
4.36875 49.944970703124994
4.176074218749989 49.96025390625002
4.149316406250051 49.97158203125002
4.137011718750017 49.98447265624998
4.136816406249977 50
4.15029296875008 50.02387695312501
4.183886718750074 50.052832031250034
4.192187499999989 50.09414062500002
4.157714843749972 50.12988281250003
4.135253906250028 50.143798828125
4.144140625000063 50.178417968749955
4.169628906250011 50.221777343750006
4.174609375000045 50.246484374999966
4.04414062500004 50.321337890625045
3.949707031249972 50.3359375
3.85810546875004 50.33857421874998
3.78857421875 50.34697265625002
3.748046875 50.34350585937503
3.718847656250006 50.32167968750002
3.689355468750051 50.30605468750002
3.667285156249989 50.324804687500034
3.626757812499989 50.45732421875002
3.595410156250011 50.47734375000002
3.476953125000023 50.49946289062501
3.316210937500045 50.50737304687502
3.273339843750023 50.53154296874996
3.249804687500017 50.591162109375034
3.234960937500034 50.662939453125006
3.18203125000008 50.73168945312497
3.154882812500063 50.74892578125002
3.106835937500023 50.77944335937502
3.022851562500051 50.766894531250045
2.921972656250034 50.72705078125
2.862402343750063 50.71601562499998
2.839746093750051 50.711767578125006
2.759375 50.75063476562502
2.66914062500004 50.811425781249966
2.596777343750034 50.875927734374955
2.57929687500004 50.911767578124966
2.601464843750023 50.955273437499955
2.574804687500006 50.98857421874999
2.536035156249994 51.04951171874998
2.524902343750057 51.09711914062498
2.960156249999983 51.26542968749999
3.225195312499977 51.35161132812496
3.350097656250028 51.37768554687503
3.380078125000011 51.29111328124998
3.402832031250028 51.26362304687498
3.432519531250023 51.245751953124994
3.471972656249989 51.24223632812499
3.517089843750028 51.26362304687498
3.58027343750004 51.28618164062496
3.681835937500011 51.27568359374996
3.755664062500045 51.254833984374955
3.781933593749983 51.23320312499999
3.830761718749983 51.21259765624998
3.90205078125004 51.20766601562505
4.0400390625 51.24707031249997
4.172558593749983 51.307080078124955
4.21142578125 51.348730468750006
4.226171874999977 51.38647460937497
4.304492187500045 51.36152343750004
4.37373046875004 51.35600585937496
4.404003906250068 51.36708984375002
4.384765625000057 51.42758789062498
4.440917968750028 51.45981445312498
4.503417968749972 51.474707031250006
4.531640625000051 51.448583984375006
4.588769531250051 51.42192382812499
4.633984375000011 51.421728515625034
4.755664062500045 51.491113281249966
4.784179687499972 51.477392578125006
4.810546875000028 51.45273437500006
4.816015624999977 51.43281249999998

