-87.92998046874996 17.283007812500017
-87.93486328124996 17.322949218749983
-87.90283203125 17.426464843749955
-87.85942382812496 17.462792968749966
-87.83251953125 17.501074218750034
-87.826416015625 17.546289062500023
-87.78862304687502 17.524218750000045
-87.79814453124999 17.479589843750034
-87.85292968749997 17.4228515625

-87.99809570312496 17.906347656250006
-87.95903320312502 17.964013671875023
-87.95332031249998 18.001074218750034
-87.89833984375 18.154931640625023
-87.85893554687496 18.15405273437503
-87.84853515624997 18.140380859375
-87.95058593749997 17.924951171874994

-88.29565429687503 18.344091796875006
-88.24726562500001 18.354687499999955
-88.1302734375 18.35073242187505
-88.08525390624996 18.226123046875045
-88.09721679687499 18.12163085937499
-88.20747070312498 17.84609375
-88.221435546875 17.751367187499966
-88.27172851562503 17.60986328125
-88.20346679687498 17.5166015625
-88.26718749999998 17.39257812499997
-88.28881835937494 17.312695312499955
-88.29399414062493 17.192138671875
-88.26181640624995 16.963037109375023
-88.31342773437498 16.632763671874983
-88.404541015625 16.488623046875006
-88.46113281249998 16.433789062499955
-88.56230468749999 16.290429687499966
-88.69516601562495 16.247656250000034
-88.87910156249995 16.016650390625045
-88.91171875000003 15.956005859374955
-88.89404296874997 15.890625
-88.93715820312497 15.889843749999983
-89.11357421874993 15.900683593750045
-89.2328125 15.888671875
-89.2375 15.894433593750023
-89.22763671875 16.142822265625
-89.21245117187502 16.527148437500045
-89.20126953124995 16.80898437499999
-89.19038085937495 17.08466796875004
-89.18217773437496 17.29121093750001
-89.17109375000001 17.57226562499997
-89.161474609375 17.814843750000023
-89.16235351562503 17.901953125
-89.133544921875 17.970800781250006
-89.05043945312497 17.99970703125001
-88.94262695312503 17.939648437499955
-88.89780273437503 17.91455078125
-88.85737304687495 17.928808593749977
-88.80634765624995 17.965527343749983
-88.74360351562498 18.071630859375034
-88.58618164062497 18.29052734375003
-88.52299804687496 18.445898437499977
-88.461279296875 18.476757812499955
-88.37241210937503 18.482324218750023
-88.29565429687503 18.47241210937497
-88.34926757812502 18.35883789062501

