3.553906250000068 11.631884765625003
3.490527343750045 11.499218749999969
3.487792968750028 11.395410156249966
3.638867187500068 11.17685546875002
3.65625 11.154589843750017
3.695312500000028 11.120312500000054
3.716406250000063 11.079589843750014
3.734179687500017 10.971923828125014
3.744921874999989 10.850439453124963
3.756835937500028 10.76875
3.829687500000034 10.65375976562504
3.834472656250028 10.607421875000014
3.783789062500006 10.435888671874977
3.771777343750045 10.41762695312498
3.758496093750011 10.412695312500048
3.680273437500063 10.427783203125003
3.646582031250034 10.408984375
3.604101562500006 10.35068359375002
3.577929687499989 10.292480468749972
3.57656250000008 10.268359375000031
3.64589843750008 10.160156250000014
3.602050781250028 10.004541015625023
3.557226562500034 9.90732421875002
3.476757812499983 9.85190429687502
3.404785156249972 9.838623046874972
3.354492187500028 9.812792968750045
3.325195312500028 9.77846679687498
3.329492187499994 9.667041015625017
3.223437500000074 9.565625
3.164648437500006 9.494677734374974
3.136132812500051 9.451611328124997
3.148046874999977 9.320605468750045
3.110449218750063 9.18828125
3.044921875000028 9.083837890625034
2.898046875000034 9.061376953124991
2.77480468750008 9.04853515625004
2.732910156250057 8.782519531250017
2.734667968750074 8.614013671874972
2.723632812500028 8.44189453125
2.703125 8.371826171875014
2.711523437500063 8.27299804687496
2.70234375000004 8.049804687500057
2.68603515625 7.873730468749969
2.707714843749983 7.826611328124969
2.720410156250011 7.723095703125011
2.719335937500034 7.616259765625017
2.7509765625 7.541894531250051
2.785156250000057 7.476855468750031
2.783984375000074 7.443408203124974
2.765820312500011 7.42250976562498
2.75048828125 7.395068359374974
2.750585937500006 7.143212890625009
2.756738281250023 7.067919921875031
2.747753906250068 7.019824218750003
2.721386718750011 6.980273437500031
2.731738281249989 6.852832031250003
2.752929687500057 6.77163085937498
2.77460937500004 6.711718750000031
2.753710937500045 6.66176757812498
2.735644531249989 6.595703125000014
2.708007812500057 6.427685546874983
2.70644531250008 6.369238281249977
2.286914062500045 6.328076171875026
1.818164062500045 6.260644531249966
1.62265625 6.216796875000014
1.6109375 6.25083007812502
1.777929687500006 6.294628906249969
1.743164062500028 6.426269531250057
1.639257812500006 6.581542968749972
1.598535156250051 6.610205078125048
1.577539062500051 6.687402343750051
1.60292968750008 6.738085937499989
1.5908203125 6.772265625000017
1.582031249999972 6.877001953125045
1.530957031250068 6.992431640625014
1.624707031250068 6.997314453125043
1.624707031250068 7.369189453125031
1.624609375000034 7.72587890624996
1.624609375000034 8.030224609374969
1.624609375000034 8.27099609375
1.606640625000011 8.559277343750011
1.603808593750074 8.770996093749986
1.600195312500034 9.050048828124986
1.56630859375008 9.137255859374989
1.42431640625 9.285009765624991
1.385742187500057 9.361669921874977
1.37890625 9.462988281250006
1.34707031250008 9.567529296874994
1.345117187500023 9.750195312499983
1.342871093750034 9.962939453124989
1.330078125 9.996972656249994
1.17617187500008 10.098388671875043
0.958300781250017 10.242041015625006
0.792187500000011 10.351562500000028
0.779980468750011 10.359570312499969
0.763378906250011 10.386669921874983
0.7875 10.710253906250003
0.821875 10.752587890625009
0.874804687500045 10.885742187500043
0.900488281250034 10.99326171875002
0.924609375000074 10.992822265625009
0.958007812500028 11.027783203125026
0.98505859375004 11.07900390624998
1.01386718750004 11.068115234374986
1.062304687500074 11.058203125
1.084570312500063 11.076367187499983
1.081542968749972 11.116015624999974
1.097558593750051 11.15634765625002
1.135546875000074 11.17436523437496
1.145507812500057 11.210400390625026
1.145800781250017 11.25190429687504
1.178710937500057 11.262744140625031
1.234667968750017 11.261035156250031
1.280468750000011 11.273974609375003
1.317382812499972 11.295263671874991
1.364843750000063 11.378906249999972
1.39150390625008 11.408007812500045
1.399707031250045 11.4287109375
1.426757812500057 11.44711914062502
1.50136718750008 11.455566406250057
1.561425781250051 11.44912109374998
1.6 11.400634765625057
1.857617187499983 11.443359375000057
1.980371093750051 11.418408203125026
2.23085937499999 11.629150390624972
2.287207031250034 11.69125976562502
2.363281249999972 11.840087890625057
2.389160156250028 11.89707031250002
2.412695312500006 11.999316406249989
2.363281249999972 12.188427734375054
2.366015625000017 12.221923828125043
2.469335937500006 12.26279296875002
2.598437500000017 12.294335937500051
2.6484375 12.296777343750009
2.68134765625004 12.312792968749989
2.728515625000057 12.353613281250048
2.805273437500063 12.383837890624989
2.850195312500063 12.373681640625051
2.878125 12.367724609374989
3.14960937500004 12.118066406250023
3.267382812500045 11.991894531249983
3.299121093750045 11.927148437500023
3.359960937500006 11.88046875000002
3.449804687500006 11.85195312499998
3.53173828125 11.787451171874991
3.595410156250011 11.696289062499972

