91.62587890625008 27.7373046875
91.59765625000011 27.67700195312497
91.57929687500013 27.61142578125012
91.59472656250011 27.55766601562499
91.6581054687502 27.493603515625097
91.74306640625014 27.44252929687508
91.85126953125007 27.43862304687508
91.95097656250005 27.458300781250017
91.99082031250009 27.450195312500142
92.04492187500011 27.364697265625125
92.08339843750014 27.290625
92.03115234375014 27.21430664062504
92.00253906250009 27.14736328125008
91.9922851562502 27.09990234374999
91.99863281250009 27.079296875000068
92.03085937500015 27.040820312500045
92.06816406250005 26.975195312499977
92.07343750000013 26.91484375000013
92.04970703125008 26.874853515624977
91.9983398437501 26.85498046875
91.94375 26.860839843750142
91.89863281250007 26.860058593749983
91.84208984375016 26.85297851562504
91.75371093749999 26.83076171875004
91.67158203125007 26.802001953125057
91.51757812500011 26.807324218750068
91.45585937500016 26.86689453125004
91.42675781250011 26.867089843749994
91.28652343750014 26.78994140625008
91.13388671875003 26.803417968749983
90.85576171875016 26.77773437500008
90.73964843750002 26.771679687500097
90.62031250000001 26.780224609375068
90.55986328125005 26.79658203125001
90.44765625000014 26.85078125000004
90.34589843750007 26.890332031250097
90.24238281250013 26.854150390625023
90.20605468750011 26.84750976562509
90.12294921875014 26.754589843749983
89.9431640625001 26.72392578124996
89.76386718750007 26.701562500000023
89.71093750000011 26.713916015625045
89.60996093750009 26.719433593750097
89.60615234375001 26.74111328125008
89.60917968750022 26.762207031250114
89.58613281250001 26.77895507812508
89.54511718750001 26.796240234375034
89.47460937500011 26.803417968749983
89.38417968750008 26.82656250000008
89.33212890625026 26.848632812500142
89.1482421875001 26.816162109375085
89.04091796875014 26.865039062500102
88.91914062500001 26.93222656250012
88.85761718750018 26.961474609375045
88.83515625000007 27.065576171875108
88.81357421875009 27.099023437499994
88.76562500000011 27.134228515625068
88.73876953125017 27.17558593749996
88.7603515625002 27.21811523437509
88.88164062500005 27.29746093750009
88.89140625000005 27.31606445312508
88.94755859375016 27.464013671875023
89.02548828125009 27.51787109374996
89.10234375000016 27.592578125000017
89.1604492187501 27.711279296875034
89.27265625000001 27.833154296874994
89.39589843750008 27.958154296874966
89.48066406250001 28.059960937500023
89.53691406250005 28.107421875
89.65273437500002 28.158300781250063
89.74980468750005 28.18818359375001
89.81689453125006 28.256298828124955
89.89785156250014 28.29414062500001
89.9810546875002 28.311181640625023
90.10449218750011 28.302050781250045
90.2208007812502 28.277734374999966
90.34824218750015 28.243945312500017
90.36298828125001 28.21650390625001
90.35214843750009 28.16816406250004
90.33378906250005 28.119140625
90.33310546875003 28.09399414062503
90.35273437500007 28.080224609374966
90.47734375000016 28.070849609375017
90.63007812500018 28.078564453124983
90.71572265625014 28.07172851562501
90.90664062500002 28.026513671875023
90.9625 27.99458007812501
91.02080078124999 27.970068359375006
91.07773437500003 27.974462890625006
91.14990234375011 28.026757812499994
91.22587890625005 28.07124023437501
91.27304687500003 28.07836914062503
91.30683593750013 28.064013671875045
91.36757812500014 28.021630859375023
91.49335937500007 27.981787109374977
91.60556640625015 27.95170898437499
91.64189453125005 27.92324218750005
91.62939453125011 27.800878906249977
91.63193359375009 27.75996093750001

