-68.88520507812501 -16.240722656250014
-68.90532226562493 -16.24140624999997
-68.94604492187497 -16.223339843750026
-68.97995539471842 -16.23976260167248
-69.04624023437498 -16.217675781250023
-69.13280677061195 -16.221905573137164
-69.12065429687493 -16.178125
-69.10703125 -16.132421874999977
-69.10258789062499 -16.08662109374997
-69.07744140625002 -16.08134765624996
-69.01474609374995 -16.110839843750014
-68.94677734374994 -16.175878906250034
-68.89091796874993 -16.205664062499977

-65.309326171875 -9.87265625000002
-65.328125 -9.935546874999957
-65.324560546875 -10.02695312500002
-65.29858398437503 -10.146777343750003
-65.31308593749998 -10.253027343749977
-65.39545898437495 -10.392285156250011
-65.43691406249997 -10.449023437500031
-65.447119140625 -10.50742187500002
-65.43999023437499 -10.586230468750003
-65.40229492187493 -10.71474609374998
-65.33403320312496 -10.892773437500011
-65.32377929687502 -11.024804687500009
-65.37158203124997 -11.110351562500028
-65.39360351562493 -11.184277343749983
-65.38989257812497 -11.246289062500011
-65.37285156249999 -11.289941406250023
-65.34238281249998 -11.315039062499977
-65.32548828125002 -11.364746093749986
-65.322021484375 -11.43916015625004
-65.28227539062499 -11.511035156250031
-65.20620117187497 -11.580566406249986
-65.17539062499998 -11.646875
-65.18974609374999 -11.710058593749991
-65.18574218749995 -11.749511718750028
-65.16337890625002 -11.765136718750014
-65.14267578124998 -11.75234375
-65.11513671874997 -11.735058593750011
-65.09028320312495 -11.741210937500028
-65.03710937499997 -11.82939453124996
-65.0302734375 -11.847363281249983
-65.00122070312503 -11.920019531249949
-64.99252929687495 -11.975195312500006
-64.91435546875002 -12.005957031249963
-64.82988281249993 -12.030273437500028
-64.78344726562497 -12.059375
-64.69003906249995 -12.146484374999986
-64.61166992187498 -12.20390625
-64.51342773437494 -12.250976562499957
-64.48076171874996 -12.326171875
-64.42050781249995 -12.43974609374996
-64.25502929687497 -12.483300781249952
-64.06162109375 -12.50507812500004
-63.93857421874998 -12.5296875
-63.78808593749997 -12.469433593749969
-63.68857421874995 -12.478027343749943
-63.585644531249926 -12.518945312500023
-63.541894531249994 -12.546679687499989
-63.46523437499999 -12.605175781249997
-63.3466796875 -12.68007812499998
-63.24975585937497 -12.707910156249966
-63.18066406250003 -12.666210937499997
-63.11679687499998 -12.651660156249974
-63.06748046874998 -12.669140624999983
-63.04135742187498 -12.750390625
-63.01518554687499 -12.805566406249966
-62.95791015624994 -12.847070312499994
-62.83515624999998 -12.953710937500048
-62.765478515625006 -12.99726562500004
-62.68706054687502 -12.994335937499969
-62.525537109374966 -13.064257812500003
-62.35283203124996 -13.132421875000034
-62.26391601562497 -13.14365234375002
-62.17607421875002 -13.133691406250023
-62.11801757812498 -13.159765625
-62.09477539062496 -13.241992187499974
-61.94472656249994 -13.40625
-61.87412109374995 -13.470410156249969
-61.78994140624994 -13.525585937500026
-61.57568359375 -13.524804687500037
-61.51157226562498 -13.541210937500011
-61.41606445312499 -13.52656250000004
-61.12915039062497 -13.498535156250014
-61.077001953125006 -13.48974609375
-60.914501953124926 -13.561425781250037
-60.722363281249955 -13.66435546874996
-60.5953125 -13.745312500000026
-60.50659179687497 -13.789843750000031
-60.46015625000001 -13.862402343749977
-60.42236328124994 -13.937988281250014
-60.404980468749955 -14.019238281250054
-60.42807617187495 -14.1
-60.46298828124998 -14.13242187500002
-60.47465820312496 -14.184765625000026
-60.46015625000001 -14.263085937499994
-60.39624023437497 -14.332812499999989
-60.372705078124966 -14.41875
-60.338037109374994 -14.570507812499997
-60.29887695312502 -14.618554687500023
-60.273339843749966 -15.08876953124998
-60.402001953124966 -15.0927734375
-60.583203124999955 -15.098339843749983
-60.530468749999955 -15.143164062499963
-60.38046874999995 -15.318261718750023
-60.242333984374966 -15.47958984375002
-60.220410156249926 -15.738671875000051
-60.20664062499998 -15.901953125
-60.18720703125001 -16.132128906250003
-60.17558593749996 -16.269335937499974
-59.83115234374995 -16.281738281250014
-59.43427734375001 -16.29599609374999
-58.957275390625 -16.313183593750026
-58.537939453125006 -16.328222656249977
-58.49658203125003 -16.326660156250014
-58.423681640625006 -16.307910156250017
-58.37539062500002 -16.283593750000037
-58.345605468749994 -16.284375
-58.34057617187503 -16.339941406249977
-58.35078124999998 -16.41025390624999
-58.35039062499999 -16.490820312499977
-58.470605468749966 -16.65019531250003
-58.478125 -16.700683593750014
-58.45981445312498 -16.91074218749999
-58.417382812499966 -17.080566406249957
-58.39599609374994 -17.23427734375001
-58.34775390624998 -17.28212890624998
-58.20556640624997 -17.36308593749996
-57.990917968749926 -17.51289062500001
-57.90502929687503 -17.532324218749977
-57.83247070312498 -17.512109375000037
-57.78886718749999 -17.573046875000017
-57.780175781249994 -17.671777343749966
-57.66166992187502 -17.947363281249977
-57.58647460937496 -18.122265625
-57.55205078124996 -18.183105468749957
-57.49565429687493 -18.21464843749999
-57.50615234374993 -18.237304687499986
-57.553125 -18.24648437499998
-57.57402343750002 -18.279296875000014
-57.63916015624994 -18.475
-57.725 -18.733203125000017
-57.783105468749966 -18.914257812499955
-57.73085937499999 -18.917187500000026
-57.72861328124998 -18.967382812500034
-57.71679687499997 -19.04404296875002
-57.78144531249998 -19.053515625
-57.80039062499995 -19.080957031249994
-57.87451171875003 -19.22949218749997
-57.97167968750003 -19.424218750000023
-58.07202148437503 -19.62529296874996
-58.131494140624966 -19.74453125
-58.029931640624994 -19.832714843750026
-57.860742187499966 -19.97958984375002
-57.88759765624994 -20.02041015624998
-57.96015624999998 -20.04072265625004
-58.021142578124966 -20.055175781249957
-58.06762695312503 -20.110351562500014
-58.09375 -20.151074218750054
-58.15976562499998 -20.164648437499977
-58.13994140625002 -19.99882812500003
-58.16005859375002 -19.85488281250001
-58.18017578124994 -19.81787109375003
-58.47421874999998 -19.64609375000002
-58.741113281249994 -19.49023437499997
-59.090527343749955 -19.286230468749977
-59.54086914062495 -19.29179687499996
-60.00737304687496 -19.297558593749983
-60.451611328124955 -19.38876953124999
-60.88876953124995 -19.478515624999986
-61.09599609374996 -19.52099609375003
-61.51181640624995 -19.60644531250003
-61.75683593749994 -19.645312500000045
-61.82089843749995 -19.809472656249994
-61.91694335937498 -20.055371093749997
-62.01181640624995 -20.19902343749996
-62.12163085937502 -20.34990234374996
-62.27631835937501 -20.5625
-62.27651367187494 -20.82080078124997
-62.27666015624999 -21.06601562500002
-62.38544921875004 -21.41171875000002
-62.47783203125002 -21.70527343750004
-62.56694335937496 -21.988671874999966
-62.62851562499998 -22.183984374999966
-62.65097656249995 -22.23369140624996
-62.66528320312503 -22.21796875000004
-62.74458007812501 -22.159863281250026
-62.815087890624994 -22.04960937500003
-62.83427734374999 -21.999121093749963
-62.84335937499998 -21.997265625000026
-63.26718749999998 -22.00058593749999
-63.67534179687499 -22.004296875000037
-63.71694335937494 -22.02753906249997
-63.77558593749998 -22.02724609375001
-63.81865234374999 -22.00546875
-63.86103515624998 -22.00722656250001
-63.92167968750002 -22.028613281250017
-63.97612304687499 -22.072558593750003
-64.1318359375 -22.365820312499963
-64.20908203124995 -22.49130859375005
-64.26640624999999 -22.60332031250003
-64.30791015624999 -22.7953125
-64.32529296874998 -22.82763671875
-64.37397460937495 -22.761035156250017
-64.44550781249995 -22.585351562500023
-64.47773437499995 -22.485351562499986
-64.52363281249998 -22.371582031249986
-64.60551757812496 -22.22880859375003
-64.70009765624997 -22.185546875000014
-64.75864257812498 -22.171289062500037
-64.84306640624996 -22.14394531249998
-64.99262695312495 -22.109667968750003
-65.05781250000001 -22.10273437500001
-65.48486328124997 -22.09814453124997
-65.51879882812494 -22.09453125000003
-65.68618164062494 -22.110253906250037
-65.77104492187502 -22.099609375
-65.86015625 -22.019726562499983
-66.05859374999997 -21.879492187500006
-66.09858398437495 -21.83505859375002
-66.17465820312498 -21.805664062499986
-66.22016601562493 -21.80253906249996
-66.24760742187502 -21.830468749999966
-66.28212890624994 -21.947460937499997
-66.32246093749998 -22.053125
-66.36518554687498 -22.113769531249957
-66.50698242187502 -22.158398437499983
-66.639013671875 -22.20537109374996
-66.71171874999999 -22.21630859374997
-66.750634765625 -22.26933593750003
-66.76748046874997 -22.343066406250045
-66.80029296875 -22.409667968750014
-66.99111328124997 -22.509863281250006
-67.033544921875 -22.55224609375003
-67.055419921875 -22.650878906249957
-67.16191406249996 -22.77382812500005
-67.19487304687499 -22.821679687500023
-67.36225585937498 -22.85517578125001
-67.57993164062492 -22.89169921874999
-67.70732421874996 -22.88916015625
-67.79443359375003 -22.87949218749999
-67.82050781250001 -22.85771484374999
-67.87944335937502 -22.82294921875001
-67.88916015624997 -22.78417968750003
-67.88999023437495 -22.72919921875001
-67.87373046875001 -22.630566406249997
-67.88173828124997 -22.49335937500001
-67.95039062500001 -22.333691406249997
-67.94492187499995 -22.282226562499986
-67.95390625000002 -22.204003906250037
-67.98837890625 -22.057128906249957
-68.07675781249998 -21.9828125
-68.10180664062503 -21.86064453124999
-68.112158203125 -21.753027343750006
-68.18642578124994 -21.618554687499966
-68.19853515625002 -21.44726562499997
-68.19702148437497 -21.300292968749957
-68.31386718749997 -21.129687500000017
-68.43549804687498 -20.9482421875
-68.53383789062502 -20.92363281249996
-68.55825195312502 -20.90195312499999
-68.56894531249998 -20.849804687500026
-68.57104492187497 -20.76914062500002
-68.56318359374995 -20.72011718749998
-68.48740234374998 -20.640722656249977
-68.48432617187498 -20.628417968749957
-68.49985351562495 -20.612011718749983
-68.69580078124997 -20.492968749999974
-68.74516601562499 -20.45859375
-68.76054687499993 -20.41621093749997
-68.75922851562493 -20.378027343750006
-68.71230468749997 -20.338964843749963
-68.68857421874992 -20.310058593750014
-68.73457031249998 -20.225195312499963
-68.73002929687493 -20.148437499999957
-68.75932617187496 -20.115527343750003
-68.75581054687495 -20.09082031250003
-68.72749023437495 -20.069628906249974
-68.60019531249995 -20.044921875
-68.560693359375 -19.96708984374996
-68.559375 -19.90234375
-68.57827148437502 -19.85654296874999
-68.69619140624997 -19.74072265625003
-68.69829101562496 -19.721093750000023
-68.57529296874995 -19.56015625
-68.48701171874998 -19.45439453124996
-68.46289062499997 -19.4328125
-68.47016601562501 -19.40996093749996
-68.49199218749993 -19.38193359375002
-68.54785156249994 -19.341113281249974
-68.62055664062501 -19.296679687499974
-68.6806640625 -19.24238281250001
-68.75908203124999 -19.16220703125002
-68.85795898437499 -19.093359375000034
-68.93100585937495 -19.025195312500003
-68.96831054687499 -18.967968749999983
-68.96909179687498 -18.90966796875
-68.978857421875 -18.81298828125003
-69.02680664062501 -18.65625
-69.039404296875 -18.550097656250017
-69.06015624999995 -18.433007812499966
-69.08095703125002 -18.35664062500004
-69.09228515625003 -18.282421875000026
-69.12636718749994 -18.20244140624999
-69.14545898437501 -18.144042968749986
-69.11806640624994 -18.10273437500001
-69.0904296875 -18.070703124999966
-69.09394531250001 -18.050488281250026
-69.28232421875 -17.964843749999986
-69.31337890624994 -17.943164062500003
-69.35800781249998 -17.771679687499983
-69.49501953125 -17.61953125
-69.51093750000004 -17.50605468750004
-69.51108398437498 -17.504882812499986
-69.51098632812497 -17.460351562499966
-69.52192382812498 -17.38896484374999
-69.56381835937498 -17.332910156250023
-69.62587890625002 -17.29443359375
-69.64570312499995 -17.248535156249986
-69.62485351562498 -17.200195312499986
-69.5033203125 -17.104785156250003
-69.438330078125 -17.088378906250043
-69.42109375000004 -17.040039062499957
-69.38154296874998 -17.00136718749998
-69.26723632812497 -16.860937499999977
-69.19980468749998 -16.768457031249966
-69.13251953125004 -16.71308593749997
-69.05454101562498 -16.67431640624997
-69.02070312500001 -16.6421875
-69.03837890624996 -16.54267578124997
-69.03753779494988 -16.53241722735757
-69.00639648437502 -16.55058593749999
-68.942236328125 -16.582324218749974
-68.90415039062498 -16.589355468749986
-68.87104492187498 -16.589355468749986
-68.8625 -16.56865234375003
-68.85625 -16.547460937499977
-68.85786132812504 -16.52402343749999
-68.8681640625 -16.500097656250006
-68.89726562499999 -16.46455078125004
-68.92841796875004 -16.448242187500014
-68.90634765624998 -16.423925781250034
-68.86005859374995 -16.41513671875002
-68.7875 -16.406933593750026
-68.73906249999999 -16.3828125
-68.71245117187499 -16.358789062499994
-68.70537109374999 -16.33925781250001
-68.69331054687501 -16.326269531250034
-68.65468749999997 -16.318261718749994
-68.61152343750004 -16.311523437499957
-68.58833007812501 -16.301757812500014
-68.58613281250001 -16.28808593749997
-68.593505859375 -16.271875
-68.59326171874997 -16.23876953124997
-68.63515624999997 -16.22109375
-68.69404296874998 -16.219238281249986
-68.764404296875 -16.20234375000001
-68.82919921874998 -16.19023437500003
-68.87094726562495 -16.136035156250003
-68.88872070312493 -16.084375
-68.85317382812497 -16.04902343750004
-68.82641601562503 -16.017187500000034
-68.80932617187503 -15.994042968750023
-68.79609374999998 -15.971972656249974
-68.83134765624996 -15.94765625
-68.90380859375 -15.94345703125002
-68.99453125 -15.925683593750037
-69.01440429687497 -15.910156249999986
-69.01440429687497 -15.848437500000031
-69.03867187499992 -15.795605468750011
-69.10263671875 -15.764746093750034
-69.14667968750001 -15.724511718750009
-69.17011718749998 -15.696972656249983
-69.18950195312502 -15.67851562499996
-69.22373046874998 -15.660156250000043
-69.26953124999997 -15.627539062499963
-69.298828125 -15.62138671874996
-69.36054687499995 -15.511132812499966
-69.36469483081453 -15.509271202700845
-69.301904296875 -15.399414062500028
-69.254296875 -15.33291015624998
-69.1724609375 -15.236621093749989
-69.18710937499998 -15.19873046875
-69.33071289062502 -15.038964843749966
-69.37470703125001 -14.96298828125002
-69.37373046874998 -14.8875
-69.35947265625 -14.795312499999966
-69.27602539062497 -14.745898437500031
-69.25234374999994 -14.671093749999983
-69.23491210937493 -14.597070312499994
-69.19926757812496 -14.572558593749974
-69.16269531249998 -14.530957031250026
-69.11972656249992 -14.47031250000002
-69.05278320312496 -14.41757812500002
-69.01313476562498 -14.377246093749974
-69.00449218749998 -14.265039062500037
-68.97177734374998 -14.234375
-68.88032226562501 -14.198828125000048
-68.87089843749996 -14.169726562499974
-68.89169921875 -14.094335937499977
-68.93745117187501 -14.0146484375
-68.97426757812497 -13.975976562500023
-69.02304687499995 -13.780273437500043
-69.07412109374997 -13.682812499999983
-69.05283203124998 -13.64394531249998
-69.01752929687498 -13.594433593750011
-68.98344726562496 -13.496386718750017
-68.972265625 -13.382324218749972
-68.98051757812499 -12.962597656249983
-68.97861328124995 -12.880078124999969
-68.93374023437497 -12.82207031249996
-68.86767578125 -12.755175781250003
-68.81181640624999 -12.729589843750034
-68.75908203124999 -12.687207031250011
-68.76289062499998 -12.607714843749989
-68.728125 -12.560742187500011
-68.68525390624995 -12.501953125000028
-68.81870117187498 -12.270410156250009
-68.93603515624997 -12.066796875
-69.04619140624996 -11.875683593749983
-69.17373046875 -11.654296875
-69.25771484374997 -11.508593749999974
-69.36201171874998 -11.327539062500037
-69.45361328125 -11.16875
-69.57861328124997 -10.951757812499949
-69.46254882812497 -10.948144531250023
-69.22851562499997 -10.955664062499949
-69.00166015624995 -10.994335937500011
-68.84833984374998 -11.011132812499966
-68.78408203125002 -11.044628906249955
-68.769921875 -11.097656250000014
-68.72749023437495 -11.122460937500009
-68.678369140625 -11.112792968749986
-68.62265625 -11.10917968749996
-68.49833984374999 -11.054785156249977
-68.39799804687496 -11.01875
-68.31113281249995 -10.97519531250002
-68.26660156250003 -10.933105468749972
-68.15864257812498 -10.785058593750009
-68.07167968750002 -10.703125
-67.99169921874997 -10.674414062500034
-67.83500976562493 -10.662792968749969
-67.78569335937502 -10.68603515625
-67.72177734374998 -10.683105468750028
-67.66665039062502 -10.598925781250017
-67.582421875 -10.505957031249991
-67.41694335937495 -10.389843749999969
-67.33271484375001 -10.357910156250028
-67.28046874999995 -10.317285156250009
-67.19047851562499 -10.31142578124998
-67.11152343749998 -10.268945312500023
-66.72998046874997 -9.975488281250009
-66.575341796875 -9.899902343749986
-66.47890624999997 -9.886132812500023
-66.39921874999999 -9.8681640625
-66.26357421875 -9.826074218750037
-65.92470703124997 -9.785449218750017
-65.70678710937497 -9.768457031250023
-65.637109375 -9.809082031249957
-65.55869140625 -9.797460937499977
-65.49199218749999 -9.731738281250003
-65.43676757812503 -9.710449218750014
-65.39614257812502 -9.712402343749972
-65.33789062499997 -9.790234375000026

