19.042089843750006 44.87133789062503
19.13154296875001 44.89960937500001
19.236816406250057 44.91425781249998
19.312695312500068 44.89746093750003
19.34863281250003 44.88090820312502
19.356835937499994 44.858544921874994
19.334472656250057 44.78066406250002
19.291894531249994 44.69677734375
19.22314453125003 44.60957031249998
19.151367187500057 44.52734375000003
19.132421875000034 44.48378906250005
19.12734375000005 44.41455078124997
19.118457031250017 44.359960937500034
19.12832031250008 44.33027343750004
19.15185546874997 44.30253906249996
19.231542968750063 44.28056640625002
19.33886718749997 44.22583007812497
19.43017578125003 44.15449218750001
19.547167968750045 44.07348632812503
19.583789062500045 44.04345703125003
19.58369140625004 44.011083984375006
19.549511718749983 43.98710937500002
19.44941406250004 43.97802734375003
19.34521484375003 43.98510742187497
19.305273437500063 43.993359374999955
19.26806640625003 43.98344726562499
19.24501953125005 43.965039062499955
19.25722656250005 43.94331054687498
19.364062500000045 43.84477539062496
19.488183593750023 43.70356445312498
19.49511718750003 43.64287109374996
19.47998046875003 43.59516601562501
19.451269531250063 43.56206054687502
19.39960937500001 43.56757812499998
19.3603515625 43.59345703125001
19.30078125000003 43.59179687500003
19.254492187500034 43.584375
19.19433593750003 43.533300781250034
19.164355468750045 43.53544921875002
19.11279296875003 43.52773437500005
19.08007812500003 43.51772460937505
19.02832031250003 43.532519531250045
18.974218750000034 43.542333984375006
18.95068359375003 43.52666015624999
18.940234375000045 43.49672851562502
18.97382812500004 43.44238281249997
19.036718750000063 43.357324218749966
19.026660156250045 43.29243164062498
18.978710937500068 43.28540039062497
18.934667968750063 43.33945312500006
18.895605468750006 43.34819335937496
18.85107421875 43.34633789062502
18.74921875000001 43.283544921875034
18.674218750000023 43.230810546875034
18.656835937500034 43.19394531249998
18.629980468750063 43.153662109375034
18.621875 43.12460937499998
18.623632812500006 43.027685546875034
18.48847656250001 43.01215820312498
18.46015625000001 42.997900390625006
18.44384765624997 42.968457031249955
18.455078125000057 42.844091796875034
18.466015625000068 42.777246093749994
18.543261718750074 42.67416992187506
18.5458984375 42.6416015625
18.534960937500074 42.62011718749997
18.480078125 42.57919921874998
18.453906250000074 42.56450195312502
18.436328125000045 42.559716796874994
18.34658203125005 42.586669921875
18.304003906250017 42.59941406250002
18.123925781249994 42.69057617187502
18.044531249999977 42.74125976562496
17.91884765625005 42.80742187500002
17.84130859374997 42.84506835937498
17.80195312500004 42.902246093749966
17.740234375 42.91547851562501
17.667578125000034 42.897119140624994
17.58515625000001 42.938378906249966
17.64345703125008 42.95976562499996
17.657812499999977 42.980078125000034
17.650488281250006 43.006591796875
17.624804687500017 43.04277343750002
17.40224609375005 43.19892578125001
17.293066406250006 43.30561523437501
17.27529296875005 43.34384765624998
17.27382812499999 43.445751953124955
17.248046875 43.47021484374997
17.084570312500006 43.51655273437498
16.90185546875 43.64902343749998
16.713476562500063 43.77880859375003
16.687695312500068 43.815039062500034
16.590527343750068 43.91318359374998
16.472070312499994 44.002587890624966
16.377539062500006 44.05961914062496
16.300097656250045 44.12451171875003
16.21425781250005 44.21513671875002
16.16982421875008 44.35200195312501
16.130273437499994 44.473730468750034
16.10341796875005 44.52099609374997
16.049023437500068 44.53759765625
15.880078125000011 44.68193359374999
15.736621093750017 44.765820312499955
15.737988281250011 44.85639648437501
15.761523437500017 45.00751953124998
15.7880859375 45.178955078125
15.822851562499977 45.202783203124966
15.88828125 45.21572265625002
15.963183593750074 45.210791015625006
16.02832031250003 45.18959960937502
16.157324218750006 45.07221679687501
16.231054687500006 45.02661132812497
16.293359375000023 45.00883789062499
16.365039062500045 45.05834960937503
16.45351562500005 45.16201171875002
16.53066406250005 45.216699218749966
16.790820312500017 45.196875
16.91865234375004 45.27656249999998
17.12539062500005 45.171777343749966
17.21064453125001 45.15605468749996
17.258691406250023 45.170556640624966
17.32412109375005 45.163964843749966
17.46914062499999 45.13330078125003
17.502636718749983 45.12036132812497
17.546289062499994 45.12255859374997
17.65351562500001 45.163476562499966
17.69013671875001 45.15839843749998
17.812792968750017 45.078125
17.87441406250005 45.07724609374998
17.94863281250008 45.11186523437502
17.99628906250001 45.14179687499998
18.13720703125003 45.11938476562503
18.217968750000068 45.132910156250034
18.284960937500045 45.13427734375006
18.35761718750001 45.12055664062501
18.423925781250006 45.102001953124955
18.48828124999997 45.08583984375002
18.662597656250057 45.07744140625002
18.74609375 45.02651367187502
18.779394531250034 44.97724609375004
18.780175781250023 44.947216796874955
18.788378906250017 44.914892578125034
18.83642578125003 44.88325195312498
18.94130859375008 44.86518554687501
19.007128906250074 44.86918945312496

