25.239062500000045 -17.84306640624996
25.22402343750008 -17.915234375
25.242285156249977 -17.969042968750045
25.282421874999983 -18.041210937499997
25.34023437500005 -18.104492187500014
25.384375 -18.14199218750001
25.436718750000068 -18.234960937500034
25.48925781250003 -18.35126953125001
25.558300781250068 -18.44179687499998
25.76123046875 -18.64921875
25.783691406250057 -18.72353515625001
25.811914062500023 -18.797070312499983
25.93935546875005 -18.938671874999955
25.95917968750001 -18.98564453125003
25.950683593750057 -19.08173828124997
26.08193359375008 -19.369921874999974
26.168066406250034 -19.53828125
26.241015625000045 -19.569335937500014
26.47460937500003 -19.748632812500034
26.678222656250057 -19.89277343750001
26.91669921875004 -19.990136718750037
27.091796875 -20.05419921875003
27.17822265625003 -20.100976562499966
27.221484375000045 -20.145800781250045
27.25673828125005 -20.23203125000002
27.27460937500004 -20.381835937499986
27.280761718750057 -20.47871093750001
27.46894531250001 -20.47480468750001
27.624609375000034 -20.483593750000026
27.679296875000063 -20.50302734374999
27.699609375000023 -20.530664062500023
27.69482421875003 -20.594531249999974
27.69697265625001 -20.689746093750017
27.70429687500001 -20.76640625
27.688085937499977 -20.848339843749997
27.67695312500004 -20.944824218750014
27.66943359375 -21.064257812500017
27.693457031250006 -21.11103515625004
27.84414062500008 -21.261523437499974
27.90742187500001 -21.35908203125004
27.974609375 -21.50673828125001
28.01406250000005 -21.55419921875
28.045605468749983 -21.573046875000017
28.181640625 -21.58935546874997
28.532031250000074 -21.651269531249966
28.74775390625004 -21.70761718749999
28.919335937499994 -21.76601562499998
28.99072265624997 -21.781445312500026
29.025585937500068 -21.796875
29.037304687500068 -21.811328124999974
29.01582031250004 -21.939941406249986
29.02333984375005 -21.98125
29.042382812500023 -22.018359374999974
29.07148437500001 -22.047460937500034
29.106835937500023 -22.06572265625003
29.237207031250023 -22.079492187499994
29.315234375000045 -22.15771484375003
29.36484375000009 -22.193945312500034
29.1298828125 -22.21328125
29.01347656249999 -22.27841796875002
28.94580078124997 -22.39511718749999
28.83984374999997 -22.48085937500005
28.695507812500068 -22.535449218749974
28.54287109375005 -22.572949218749983
28.38173828125008 -22.593359374999963
28.21015625000004 -22.69365234374996
28.027929687500034 -22.87373046874997
27.93505859375003 -22.98701171875004
27.931347656249983 -23.033593750000037
27.890527343750023 -23.073925781249983
27.812597656250034 -23.108007812500006
27.76855468750003 -23.148925781249986
27.75830078125 -23.19677734374997
27.71679687499997 -23.21962890625001
27.643847656250045 -23.217675781249966
27.592675781249994 -23.252636718749983
27.56318359375004 -23.32460937499999
27.49873046875004 -23.368359375000026
27.399218750000017 -23.383593750000017
27.313378906250023 -23.424218750000037
27.2412109375 -23.49003906250003
27.18554687500003 -23.5234375
27.146386718750023 -23.524414062500014
27.085546874999977 -23.57792968749999
26.987011718750068 -23.704589843749957
26.970605468750023 -23.76347656249996
26.835058593750034 -24.240820312500034
26.76113281250005 -24.297167968749974
26.617773437499977 -24.39550781250003
26.501562500000034 -24.513281250000034
26.451757812500006 -24.58271484374997
26.397167968750068 -24.613574218750045
26.130859375 -24.67148437500002
26.031835937499977 -24.70244140625003
25.91210937500003 -24.747460937499966
25.88183593749997 -24.78798828125005
25.852441406250023 -24.935253906250026
25.76992187499999 -25.146484374999986
25.70263671874997 -25.302343750000034
25.6591796875 -25.437890625000023
25.583789062500017 -25.60625
25.518164062500063 -25.66279296875001
25.443652343750074 -25.714453124999963
25.34619140625 -25.73994140625001
25.213378906250057 -25.75625
25.09248046875001 -25.751464843749957
24.99892578125005 -25.754003906250034
24.869238281250006 -25.81347656249997
24.748144531250034 -25.81738281249997
24.55585937500004 -25.78310546875001
24.400195312500017 -25.749804687499974
24.330566406250057 -25.742871093749983
24.19296875 -25.632910156249963
24.1044921875 -25.634863281250006
23.969531250000045 -25.62607421874999
23.89375 -25.600878906250003
23.82343750000004 -25.54462890625001
23.67070312499999 -25.433984375000023
23.521484375000057 -25.344433593749983
23.389257812500034 -25.291406250000023
23.26601562500005 -25.26660156250003
23.148730468750074 -25.28867187499999
23.05751953125005 -25.312304687500017
23.022070312500006 -25.324121093750023
22.951269531250063 -25.370312500000026
22.87880859375005 -25.45791015625001
22.818945312500034 -25.595117187499994
22.796093750000068 -25.67910156250005
22.72900390625 -25.857324218750023
22.640234375000034 -26.071191406249994
22.597656250000057 -26.132714843749994
22.548632812500017 -26.178417968749983
22.470898437499983 -26.219042968750003
22.217578125000074 -26.388867187500054
22.090917968750034 -26.580175781250034
22.010937500000068 -26.635839843750006
21.91455078124997 -26.66191406249999
21.83320312500001 -26.67832031250005
21.78828125000001 -26.71005859375002
21.73808593749999 -26.806835937500026
21.69472656250005 -26.840917968750034
21.646289062500045 -26.854199218749997
21.501367187499994 -26.842675781250037
21.45498046875005 -26.83281249999999
21.070996093750068 -26.851757812500026
20.953906250000017 -26.82109375
20.870898437500074 -26.808789062499983
20.739843750000034 -26.84882812499997
20.685058593750057 -26.82246093750001
20.641406250000045 -26.7421875
20.619921875000017 -26.58085937499999
20.626757812500074 -26.44384765624997
20.697851562500006 -26.340136718749974
20.757031250000068 -26.264160156249957
20.815039062500063 -26.164941406249994
20.822656250000023 -26.120605468750014
20.811035156250057 -26.08056640625003
20.799414062500006 -25.99902343750003
20.79316406250004 -25.915625
20.710742187500045 -25.73320312499996
20.60927734375008 -25.491210937499957
20.473144531250057 -25.221289062500034
20.4306640625 -25.14707031250002
20.34521484375 -25.029882812500034
20.028613281250074 -24.807031250000023
19.98046875000003 -24.77675781249998
19.98046875000003 -24.751953124999986
19.980175781250068 -24.53574218749999
19.979882812500023 -24.24902343750003
19.979589843750034 -23.962402343749986
19.979296875000074 -23.67578125000003
19.97890625000008 -23.38916015625
19.978515625 -23.102539062499957
19.97822265625004 -22.81591796875
19.97792968750005 -22.52929687499997
19.977636718750006 -22.24257812499999
19.977343750000017 -22.000195312499997
20.205371093750017 -22.000195312499997
20.4875 -22.000195312499997
20.82275390625003 -22.000195312499997
20.970996093750045 -22.000195312499997
20.9794921875 -21.961914062500014
20.979296875000045 -21.784082031250023
20.97871093750001 -21.376074218750034
20.978125 -20.96816406249998
20.977441406250023 -20.56025390625001
20.976855468750074 -20.152343749999957
20.976171875000034 -19.74433593749997
20.9755859375 -19.336425781249986
20.975 -18.928515625000017
20.97431640625001 -18.52050781250003
20.974121093750057 -18.318847656249986
21.232519531250034 -18.306835937500026
21.52968750000008 -18.265625
22.01142578125001 -18.19863281250001
22.460058593750006 -18.115722656249986
22.752734375000045 -18.0671875
23.099902343750074 -18.00957031250003
23.219335937500063 -17.999707031249983
23.251562500000063 -18.00751953124997
23.298632812500045 -18.027343750000014
23.459765625000017 -18.231054687500034
23.560156250000034 -18.386425781249983
23.58056640625003 -18.45292968750003
23.599707031250006 -18.459960937499957
23.64716796875001 -18.449414062500026
23.700488281250017 -18.42431640624997
23.8642578125 -18.26953124999997
23.898339843750023 -18.22919921875001
24.00263671875004 -18.15410156249999
24.12929687500008 -18.077539062500023
24.243945312500074 -18.023437500000014
24.358984375000063 -17.97822265625004
24.412207031249977 -17.989453125000026
24.474902343750045 -18.028515624999983
24.530566406250017 -18.052734374999943
24.79218750000004 -17.864648437499994
24.90908203125005 -17.821386718749977
25.21601562500004 -17.78759765625003
25.258789062500057 -17.79355468749999

