-48.554589843749966 -27.812207031250026
-48.54218750000001 -27.574804687499977
-48.50517578125002 -27.495507812499994
-48.464746093749966 -27.436328125000017
-48.414892578125006 -27.399609375
-48.37792968750003 -27.45146484374999
-48.409570312499994 -27.566308593750023
-48.49677734375001 -27.707031250000014
-48.48588867187502 -27.766992187499966

-48.60307617187499 -26.41376953124997
-48.66577148437497 -26.28964843749999
-48.539746093749955 -26.170312500000023
-48.49760742187499 -26.21875
-48.53110351562498 -26.313183593749997
-48.568066406249955 -26.379687500000045
-48.58442382812501 -26.40156249999997

-45.260888671874966 -23.941308593750037
-45.30253906250002 -23.91474609375004
-45.41284179687503 -23.934960937499994
-45.45141601562497 -23.895605468749963
-45.30234374999998 -23.727539062500014
-45.27226562499999 -23.751953125000014
-45.24907226562496 -23.782617187500037
-45.23310546874998 -23.825390625000054
-45.25029296874993 -23.85302734375
-45.26025390625003 -23.889160156249986

-44.09804687499994 -23.16933593749998
-44.15576171874997 -23.166601562500034
-44.22050781250002 -23.190820312499994
-44.32006835937497 -23.212304687500023
-44.36015625 -23.172070312499997
-44.274121093749926 -23.116210937499986
-44.242871093749955 -23.074121093750023
-44.22041015625001 -23.082910156250037
-44.19160156250001 -23.113281250000014
-44.12929687499999 -23.141894531249974

-38.93789062500002 -13.532324218749977
-38.97758789062502 -13.523535156250048
-38.99321289062502 -13.484082031249997
-39.022167968749955 -13.445605468749974
-39.00659179687497 -13.415527343749986
-38.980126953124994 -13.398437499999957
-38.907128906249966 -13.401074218750054
-38.90356445312494 -13.4734375

-38.78300781249999 -13.118652343749986
-38.786962890625006 -13.05507812499999
-38.68486328124999 -12.974902343750003
-38.66811523437494 -12.880175781249989
-38.61455078124996 -12.92402343750004
-38.60029296874998 -12.972460937500045
-38.60117187499998 -12.992578124999966
-38.74384765625001 -13.097070312500023

-44.59775390624998 -3.037597656250028
-44.56533203125002 -2.923925781249963
-44.581884765625006 -2.845605468749994
-44.569091796875 -2.784960937499989
-44.501953125 -2.726269531250011
-44.48144531249997 -2.717578125000017
-44.48730468750003 -2.789746093749983
-44.48256835937494 -2.811914062499966
-44.49931640624999 -2.939648437499969

-44.947119140625006 -1.366015625
-44.96787109374995 -1.390820312499997
-45.020849609375006 -1.372363281249974
-45.01123046875 -1.344726562500028
-44.99560546875003 -1.34755859374998
-44.97866210937502 -1.267285156249969
-44.88828125 -1.276855468749957
-44.88310546875002 -1.317871093749972

-51.93837890625002 -1.452636718749986
-51.80205078124996 -1.202539062500009
-51.68002929687498 -1.086132812500011
-51.67827148437496 -0.855078125
-51.54604492187502 -0.649609374999983
-51.42446289062494 -0.565917968749986
-51.254003906250034 -0.541406249999966
-51.16074218749995 -0.666699218749997
-51.276318359374955 -1.021777343750045
-51.31010742187502 -1.023828125000023
-51.46513671874999 -1.211132812499983
-51.63769531249997 -1.341894531249977
-51.83251953124994 -1.433789062500054

-49.53520507812499 -0.233593750000054
-49.40288085937496 -0.214648437500017
-49.31425781250002 -0.16787109374998
-49.21508789062497 -0.158691406249986
-49.11699218749996 -0.16357421875
-48.78657226562498 -0.215527343750011
-48.58803710937502 -0.231640625000011
-48.51542968749999 -0.248242187500011
-48.444482421874994 -0.271875
-48.392675781250034 -0.297363281249986
-48.3796875 -0.352832031250003
-48.42802734374993 -0.441503906250048
-48.46396484374998 -0.534765625000034
-48.497460937499966 -0.664941406249994
-48.523339843749994 -0.691406249999972
-48.56665039062503 -0.68447265624998
-48.539697265624966 -0.800976562499997
-48.54951171875001 -0.847558593749994
-48.57094726562502 -0.892871093749989
-48.62407226562499 -0.986914062500048
-48.70458984374997 -1.106640625000011
-48.72851562499997 -1.13173828124998
-48.78984375000002 -1.173339843750014
-48.83969726562498 -1.226562500000014
-48.829003906249994 -1.2765625
-48.80405273437498 -1.326953125000045
-48.83359374999998 -1.390039062500023
-48.92890625000001 -1.482324218749994
-48.9859375 -1.504687500000017
-49.038476562499966 -1.514062499999966
-49.086865234374955 -1.505078125000011
-49.172705078125034 -1.41259765625
-49.18168945312502 -1.484960937499991
-49.20478515625001 -1.55898437499998
-49.233984375 -1.599511718749966
-49.344824218750034 -1.595214843749986
-49.406591796875006 -1.555566406249994
-49.50664062499996 -1.511621093750009
-49.52568359375002 -1.630468749999977
-49.58789062499997 -1.712402343749972
-49.650585937499955 -1.73808593749996
-49.74877929687497 -1.755371093750014
-49.80512695312501 -1.790234375000011
-49.91132812499998 -1.762988281249974
-50.00996093749998 -1.708496093749972
-50.06572265624999 -1.703808593749997
-50.109277343749966 -1.747851562499989
-50.33842773437493 -1.755957031250048
-50.443457031250034 -1.800683593750009
-50.50761718749996 -1.787988281249994
-50.60205078125 -1.69775390625
-50.61718749999997 -1.637695312500028
-50.67338867187496 -1.516015625
-50.723828124999955 -1.371484374999966
-50.75976562499997 -1.240234374999957
-50.72949218750003 -1.126757812500031
-50.668310546875006 -1.130566406249997
-50.59589843749998 -1.147460937499986
-50.580517578124955 -1.139453125000031
-50.57695312499996 -1.103125
-50.592919921874994 -1.072949218749983
-50.709619140624966 -1.07773437499999
-50.78330078124998 -1.01035156250002
-50.79609375000001 -0.90625
-50.780957031249955 -0.68984375
-50.77138671874994 -0.645410156250023
-50.719921874999955 -0.583398437499994
-50.70307617187498 -0.528515625000011
-50.7158203125 -0.470214843750028
-50.693701171875034 -0.364453124999983
-50.64550781249997 -0.272851562499966
-50.461572265624994 -0.157421874999983
-50.248242187499955 -0.116406249999983
-49.62866210937503 -0.22919921875004

-50.926367187500006 -0.327343749999969
-51.018994140624955 -0.263085937500023
-51.03808593750003 -0.225878906249989
-51.02236328125002 -0.188378906249994
-51.02573242187498 -0.172363281250014
-50.995068359374955 -0.105273437500017
-50.8421875 -0.050195312499994
-50.76528320312494 -0.040869140625048
-50.6669921875 -0.05800781249998
-50.650585937499955 -0.105859374999966
-50.65288085937496 -0.131640624999974

-49.708837890625006 -0.14375
-49.83007812500003 -0.093896484375009
-49.802685546874955 -0.051855468749977
-49.71230468750002 0.01513671875
-49.602197265624966 0.062695312499997
-49.50346679687502 0.083691406250011
-49.400488281250006 0.057226562499949
-49.37231445312503 0.001074218749977
-49.380859375 -0.05546875
-49.44389648437496 -0.112402343749963

-49.69726562499997 0.215966796874966
-49.83896484374998 0.006884765625003
-49.91708984374998 -0.023193359375
-50.00249023437499 -0.029296875
-50.11313476562495 0.033007812499989
-50.28559570312501 0.028564453124972
-50.33945312499998 0.043359374999966
-50.345117187499966 0.134472656249969
-50.272656249999955 0.231738281249974
-50.12797851562496 0.226513671874983
-49.87900390624995 0.304541015624977
-49.738232421874955 0.268164062500034

-50.443945312500034 -0.007666015625034
-50.62392578125002 0.054394531249997
-50.610449218750034 0.204785156249997
-50.526220703125006 0.246923828124963
-50.4515625 0.326904296875
-50.42607421874993 0.424951171874994
-50.424560546875 0.55825195312498
-50.396875 0.581396484374977
-50.37275390625001 0.59086914062496
-50.35097656250002 0.581738281249969
-50.34252929687497 0.381591796875043
-50.33227539062503 0.259033203125028
-50.42612304687495 0.139257812499963

-50.26132812499995 0.359179687500003
-50.28154296874999 0.390820312499969
-50.28168945312501 0.516503906249994
-50.25117187500001 0.585449218750014
-50.11279296874997 0.604736328125028
-50.09863281250003 0.625
-50.058837890625 0.638037109374977
-50.036816406249955 0.594824218749963
-50.0400390625 0.522802734375034
-50.15292968749998 0.393017578124969

-50.39877929687498 1.892871093750003
-50.45610351562502 1.910498046874949
-50.508984374999955 2.029541015625043
-50.49101562499993 2.128613281249983
-50.41875 2.161474609375006
-50.36264648437498 2.154443359374994
-50.341992187499955 2.141748046874994
-50.292089843750006 1.979589843749991
-50.298974609374994 1.938525390624974

-60.18173828124995 5.238818359374989
-60.142041015624955 5.238818359374989
-60.10595703124997 5.194238281249966
-60.07807617187498 5.143994140625026
-59.990673828124926 5.082861328125006
-59.99936523437492 4.989843749999977
-60.01547851562492 4.907519531249989
-60.026757812499994 4.81269531250004
-60.03178710937496 4.740527343749989
-60.06894531249998 4.666650390625037
-60.12456054687493 4.597656250000014
-60.14091796874999 4.569628906249989
-60.148632812499955 4.533251953125045
-60.11113281249996 4.511181640624983
-60.045019531250006 4.504589843749969
-59.962353515624926 4.501708984375014
-59.90610351562495 4.480322265625006
-59.83334960937495 4.475927734374991
-59.745800781249955 4.416650390624994
-59.703271484374994 4.381103515625043
-59.69970703125 4.353515625000014
-59.727490234374955 4.287646484375003
-59.73857421874999 4.22675781250004
-59.71689453124995 4.188183593749997
-59.69121093749993 4.160400390625014
-59.62021484374995 4.02314453125004
-59.58642578125 3.975390624999989
-59.55776367187502 3.96000976562496
-59.551123046875006 3.933544921874983
-59.57539062499998 3.883447265624994
-59.604443359374955 3.819677734374977
-59.67021484375002 3.752734375
-59.67900390624993 3.699804687499977
-59.73164062500001 3.666552734375031
-59.854394531249966 3.5875
-59.83305664062499 3.462158203125057
-59.82880859375001 3.39858398437498
-59.83115234374995 3.349218749999963
-59.87304687499994 3.283105468749994
-59.945654296875006 3.087841796874997
-59.97231445312502 2.990478515624972
-59.99589843749993 2.765429687500045
-59.99433593749998 2.689990234375031
-59.96079101562498 2.588378906250028
-59.88964843749997 2.362939453125023
-59.84912109374997 2.327050781249994
-59.75522460937492 2.27412109375004
-59.74350585937495 2.121630859374974
-59.75175781249993 1.962402343750043
-59.75620117187495 1.900634765624986
-59.74072265625 1.874169921875009
-59.69853515625002 1.861474609374994
-59.66850585937493 1.842333984375003
-59.663769531249955 1.795214843750003
-59.666601562500006 1.746289062499983
-59.596630859374955 1.718017578125
-59.53569335937496 1.7
-59.479443359374955 1.632421874999963
-59.37768554687503 1.527343750000057
-59.33725585937495 1.508203124999966
-59.316992187500006 1.464599609374972
-59.23120117187503 1.37602539062496
-59.10039062500002 1.343652343750023
-58.96850585937497 1.304589843749966
-58.91660156249998 1.248876953124991
-58.8625 1.20361328125
-58.82177734375 1.20122070312496
-58.78720703124998 1.208496093750014
-58.73032226562495 1.247509765624969
-58.68461914062496 1.281054687499974
-58.605078125 1.27915039062502
-58.51186523437502 1.28466796875
-58.49570312499992 1.312255859375014
-58.48686523437499 1.347753906249963
-58.50605468749998 1.438671875000011
-58.47294921874999 1.46625976562504
-58.39580078124999 1.481738281250003
-58.38037109374997 1.530224609375011
-58.362695312499994 1.556689453124989
-58.34067382812495 1.587548828124966
-58.314208984375 1.59194335937498
-58.281152343749994 1.574316406250034
-58.23041992187498 1.56328125
-58.17309570312503 1.547851562499972
-58.14223632812494 1.51699218749998
-58.09130859374997 1.514355468749983
-58.03466796874997 1.520263671875028
-58.01176757812502 1.539941406250037
-57.9951171875 1.574316406250034
-57.982812499999966 1.648437500000028
-57.94633789062502 1.650585937500026
-57.8734375 1.66728515624996
-57.79565429687494 1.7
-57.691748046875006 1.704785156249969
-57.59443359374998 1.7041015625
-57.54575195312492 1.726074218750043
-57.500439453124926 1.77382812499999
-57.412695312500006 1.908935546874986
-57.36679687499998 1.94013671875004
-57.31748046874998 1.963476562499991
-57.275585937499955 1.959228515625014
-57.18959960937502 1.981591796875051
-57.118896484375 2.013964843749974
-57.092675781249994 2.005810546875011
-57.03759765624997 1.936474609374997
-57.01005859374996 1.921240234375006
-56.96953125 1.91640625
-56.83671874999999 1.88125
-56.76625976562502 1.892187500000034
-56.68984375 1.914306640625014
-56.61645507812497 1.922656250000031
-56.56357421874995 1.9072265625
-56.525488281250006 1.927246093749986
-56.4828125 1.942138671875
-56.452832031249926 1.93232421875004
-56.38583984374998 1.923876953125017
-56.22714843749998 1.885351562499977
-56.01992187499994 1.842236328124983
-55.963330078124955 1.857080078124994
-55.929638671874926 1.8875
-55.921630859375 1.97666015625002
-55.91533203124996 2.039550781250043
-55.96196289062493 2.095117187499994
-56.02006835937496 2.15815429687504
-56.073632812499966 2.236767578124983
-56.13769531249994 2.259033203124986
-56.12939453124994 2.299511718749983
-56.087792968749994 2.341308593749972
-56.04511718750001 2.364404296874966
-56.02036132812495 2.392773437499969
-55.99350585937498 2.497509765624997
-55.97558593749997 2.51596679687502
-55.95747070312501 2.520458984375054
-55.935937499999966 2.516601562499972
-55.89375 2.489501953125043
-55.73056640624998 2.406152343750037
-55.65893554687503 2.41875
-55.38535156249998 2.440625
-55.343994140625 2.488769531249986
-55.286035156249994 2.49965820312498
-55.187695312499955 2.547509765624966
-55.14882812500002 2.550781250000014
-55.11411132812498 2.539208984374966
-55.0703125 2.548339843750043
-55.00581054687501 2.592968749999983
-54.978662109374994 2.597656249999972
-54.96840820312494 2.548339843750043
-54.9265625 2.49736328124996
-54.87607421874998 2.450390624999983
-54.85166015624998 2.439550781249991
-54.766845703125 2.45473632812498
-54.72221679687496 2.441650390624986
-54.70292968749996 2.397949218750043
-54.697412109374994 2.359814453125011
-54.66186523437503 2.327539062500009
-54.61625976562496 2.32675781250002
-54.591943359374994 2.313769531249946
-54.55048828124998 2.293066406249991
-54.515087890624955 2.245458984374977
-54.43310546874997 2.207519531249972
-54.293066406250034 2.154248046874955
-54.22797851562501 2.153320312500043
-54.167382812499994 2.137060546875006
-54.130078124999955 2.12104492187504
-54.089746093749994 2.150488281249991
-53.94643554687502 2.232568359375023
-53.876611328124994 2.278271484374997
-53.82954101562501 2.312939453124955
-53.79423828125002 2.345996093750031
-53.767773437499955 2.354833984374963
-53.750146484374994 2.335009765625017
-53.73471679687498 2.30854492187504
-53.68369140624995 2.292919921874969
-53.56396484375 2.261914062499955
-53.50898437499998 2.253125
-53.43183593749998 2.27944335937498
-53.36601562499999 2.324218750000043
-53.334423828124955 2.339746093750009
-53.285498046875006 2.295214843749989
-53.25219726562497 2.232275390624963
-53.22978515624996 2.204882812499974
-53.18007812499994 2.211328124999952
-53.082275390625 2.201708984374946
-53.009716796874955 2.181738281249963
-52.96484374999997 2.183544921874983
-52.903466796874994 2.211523437499991
-52.87041015625002 2.266650390625031
-52.783398437499955 2.317187500000031
-52.70063476562498 2.36367187499999
-52.65317382812498 2.425732421875026
-52.5830078125 2.52890625
-52.559472656249994 2.573144531250037
-52.5546875 2.647656250000026
-52.45585937500002 2.864160156249994
-52.418408203124926 2.903857421875003
-52.396386718749994 2.972216796874974
-52.356640624999955 3.051562499999974
-52.356640624999955 3.11772460937496
-52.32788085937497 3.181738281250034
-52.27124023437497 3.237109375000031
-52.22944335937498 3.271679687499969
-52.16259765624997 3.364697265624997
-52.116113281249994 3.452294921874994
-51.99951171874994 3.646875
-51.990625 3.702001953124977
-51.9443359375 3.735107421874972
-51.928906249999955 3.776953124999963
-51.879492187500006 3.828564453125011
-51.82749023437498 3.869580078125011
-51.805273437500006 3.929931640624957
-51.76708984375003 3.992675781250043
-51.68344726562495 4.039697265625037
-51.652539062499955 4.061279296874986
-51.557812499999926 4.233789062499966
-51.54707031249998 4.310888671875034
-51.461523437500034 4.313769531250003
-51.32709960937501 4.22475585937498
-51.219921874999926 4.093603515625006
-51.07626953124998 3.671679687500017
-51.052392578124994 3.281835937499991
-50.99414062500003 3.077539062500037
-50.82719726562496 2.65185546875
-50.816503906250006 2.573046875000017
-50.78969726562494 2.477783203124972
-50.736962890624966 2.376757812499989
-50.67875976562499 2.210351562500023
-50.67656249999999 2.179443359375028
-50.71440429687499 2.134033203125014
-50.65893554687494 2.130957031250006
-50.60869140625002 2.104101562499963
-50.57587890625001 1.99858398437496
-50.534423828125 1.927246093749986
-50.458886718749966 1.829589843749986
-50.304296875 1.79765625
-50.187597656250034 1.785986328124991
-50.05468749999994 1.730712890625
-49.95712890624998 1.659863281249955
-49.88159179687494 1.419921875000014
-49.90625 1.269042968750014
-49.89887695312501 1.16298828124998
-49.93793945312498 1.121435546874963
-50.047216796875034 1.051953125000011
-50.07099609374998 1.015087890624969
-50.29443359374994 0.835742187500017
-50.34326171874994 0.751025390624989
-50.462988281250006 0.637304687500006
-50.58154296875 0.420507812499977
-50.75507812500001 0.22255859374998
-50.816357421874955 0.172558593749997
-50.91015624999997 0.160986328124949
-50.96708984374993 0.130273437500009
-51.101953124999966 -0.03125
-51.28291015624998 -0.085205078125014
-51.299560546875 -0.178808593749991
-51.40415039062498 -0.392675781250048
-51.49628906250001 -0.50947265625004
-51.555029296875006 -0.549121093750031
-51.70263671874994 -0.762304687500034
-51.72153320312498 -0.85546875
-51.720605468749966 -1.018457031249994
-51.81914062499999 -1.117773437499977
-51.92163085937497 -1.18085937500004
-51.93447265625002 -1.320312500000028
-51.98081054687495 -1.36796875
-52.020458984374955 -1.399023437499977
-52.22924804687494 -1.3625
-52.55341796875001 -1.514062499999966
-52.664160156250006 -1.551757812500014
-52.31030273437503 -1.5595703125
-52.196679687499966 -1.640136718749986
-51.94755859374993 -1.586718750000031
-51.64628906250002 -1.394335937500003
-51.531201171874926 -1.354101562499977
-51.29736328125 -1.223535156250023
-51.20234374999998 -1.136523437499974
-51.02895507812502 -1.032128906250023
-50.99204101562495 -0.986328125000014
-50.89492187499999 -0.937597656250034
-50.84228515625 -0.999609374999963
-50.83818359374996 -1.038867187499974
-50.91787109374994 -1.115234374999986
-50.89716796874998 -1.16445312499998
-50.844580078125034 -1.226269531250054
-50.82553710937498 -1.311425781249994
-50.81865234374999 -1.37626953124996
-50.78613281250003 -1.489941406250026
-50.67895507812494 -1.643847656250031
-50.67529296875 -1.694726562500009
-50.69003906249998 -1.761718749999972
-50.638769531250034 -1.817089843749983
-50.58559570312502 -1.849902343750003
-50.403222656249994 -2.015527343749994
-50.260449218749955 -1.922949218749963
-50.172705078125006 -1.896191406250011
-50.116601562499966 -1.857519531250048
-49.999218749999926 -1.83183593749996
-49.902978515624966 -1.870605468749957
-49.71953124999999 -1.926367187500034
-49.585351562499994 -1.867187499999972
-49.31367187499998 -1.731738281250003
-49.39863281249998 -1.971582031250009
-49.46015624999998 -2.191503906249963
-49.50698242187502 -2.280273437500014
-49.553369140624966 -2.51992187499999
-49.59931640625001 -2.583886718749966
-49.63652343749993 -2.656933593750011
-49.575878906249926 -2.631445312499977
-49.52392578125 -2.596875
-49.45751953124997 -2.504589843749969
-49.407666015624955 -2.344335937500006
-49.211035156250034 -1.916503906249986
-49.15478515625003 -1.878515624999963
-48.991308593750034 -1.829785156249983
-48.71000976562502 -1.487695312500023
-48.6 -1.488769531249972
-48.52958984375002 -1.56748046875002
-48.46293945312496 -1.613964843749983
-48.44584960937502 -1.520410156250023
-48.34980468749998 -1.48212890625004
-48.45146484375002 -1.435839843750017
-48.46806640625002 -1.393847656249989
-48.477734374999955 -1.323828125000034
-48.408593749999966 -1.229199218750026
-48.449804687500034 -1.145507812500028
-48.30649414062495 -1.039843749999989
-48.31757812500001 -0.960546875
-48.26645507812498 -0.895117187499991
-48.201757812500034 -0.827929687499989
-48.12846679687502 -0.795214843749989
-48.11508789062495 -0.7375
-48.06884765624994 -0.713671874999974
-48.032568359375034 -0.705078125
-47.9609375 -0.769628906250006
-47.883398437500006 -0.693359375000014
-47.80766601562493 -0.663476562499966
-47.77373046874996 -0.676757812500014
-47.73149414062496 -0.710449218750028
-47.68710937499998 -0.724804687500026
-47.65107421875001 -0.71875
-47.55732421875001 -0.669921875000043
-47.47070312499994 -0.748535156249972
-47.41865234375001 -0.76591796874996
-47.43291015624999 -0.721875
-47.460351562499966 -0.680957031249974
-47.43906249999998 -0.647656250000026
-47.398095703124994 -0.626660156250011
-47.26860351562499 -0.645410156250023
-47.20053710937498 -0.68046875
-47.12690429687498 -0.74541015624996
-47.02460937500001 -0.750195312500054
-46.9443359375 -0.743359374999983
-46.89365234374998 -0.779882812499963
-46.81123046874998 -0.779687500000023
-46.76992187499999 -0.836523437499963
-46.64443359375002 -0.91640625
-46.61723632812499 -0.970605468750009
-46.516308593749926 -0.996875
-46.421728515625034 -1.03007812499996
-46.32084960937499 -1.039160156250034
-46.219140624999966 -1.03125
-46.21499023437502 -1.09980468750004
-46.140380859375 -1.118359375
-46.044628906249955 -1.103027343749986
-45.972265625000034 -1.187402343750037
-45.77880859374997 -1.250781249999974
-45.64477539062503 -1.34785156250004
-45.55693359374999 -1.330664062500006
-45.45859375 -1.35625
-45.35302734375 -1.5673828125
-45.32915039062502 -1.717285156249986
-45.28212890624994 -1.696582031250031
-45.23857421874996 -1.629492187500034
-45.18208007812498 -1.507031250000054
-45.076367187499955 -1.466406250000034
-45.02578124999994 -1.513476562500031
-44.919775390625034 -1.588867187500028
-44.82836914062497 -1.671679687500017
-44.78984375000002 -1.724804687500011
-44.721142578124955 -1.733496093750006
-44.77851562500001 -1.798828124999986
-44.72094726562503 -1.792285156249989
-44.65126953125002 -1.745800781250026
-44.59165039062498 -1.841796875000043
-44.546777343749966 -1.946289062500014
-44.53779296875001 -2.052734375000028
-44.58002929687498 -2.113867187500048
-44.617285156250034 -2.152148437500031
-44.658642578124926 -2.227539062500014
-44.70751953125003 -2.241113281250037
-44.75634765625003 -2.265527343750037
-44.700634765624955 -2.32041015625002
-44.66240234374999 -2.37324218750004
-44.579003906249966 -2.23046875
-44.520361328125006 -2.190332031249994
-44.43544921875002 -2.168066406249977
-44.39130859375001 -2.269628906249977
-44.38183593750003 -2.365527343749974
-44.52011718749995 -2.405468750000026
-44.520654296874966 -2.48125
-44.56201171874997 -2.524218749999974
-44.589013671874966 -2.573437499999969
-44.610791015624955 -2.676855468749991
-44.63896484375002 -2.7625
-44.72138671875001 -3.14228515625004
-44.72304687499999 -3.204785156249983
-44.62265624999998 -3.137890625000026
-44.43754882812502 -2.944433593749963
-44.38115234374999 -2.738378906249991
-44.30815429687493 -2.535156249999986
-44.22861328124998 -2.471289062500034
-44.17939453125001 -2.471191406250014
-44.10556640624998 -2.493457031250017
-44.10136718749999 -2.56005859375
-44.11264648437498 -2.598535156250023
-44.19160156250001 -2.699609375
-44.225195312500006 -2.754980468750006
-44.19267578124996 -2.809570312500028
-44.01323242187499 -2.642187500000034
-43.93291015624996 -2.583496093749972
-43.864453124999955 -2.595410156249997
-43.728613281250006 -2.518164062499991
-43.45512695312496 -2.502050781249991
-43.43461914062496 -2.41367187500002
-43.380078124999955 -2.376074218749991
-43.229687499999955 -2.386035156249974
-42.936718749999955 -2.465039062499997
-42.832275390625 -2.529589843750003
-42.675878906250034 -2.589648437499989
-42.59355468749996 -2.661035156250051
-42.24960937499995 -2.7919921875
-41.99985351562498 -2.806054687500023
-41.87617187499998 -2.746582031249986
-41.721875 -2.808886718749974
-41.64013671874997 -2.878613281249969
-41.47993164062501 -2.916503906249957
-41.318212890625006 -2.936230468749983
-41.194531249999955 -2.886132812499994
-40.87558593749998 -2.86962890625
-40.47456054687498 -2.795605468750026
-40.23535156250003 -2.813183593750054
-39.964697265625034 -2.86152343750004
-39.771826171875006 -2.985839843749957
-39.60942382812496 -3.05625
-39.51118164062501 -3.125585937500006
-39.352685546874966 -3.197363281249977
-39.014355468749955 -3.39023437500002
-38.89599609375 -3.501757812500003
-38.68623046874998 -3.653710937500051
-38.475781249999926 -3.717480468749983
-38.361914062500006 -3.876464843750043
-38.271875 -3.948046874999974
-38.048828125 -4.21640625000002
-37.79565429687503 -4.404296875000014
-37.62631835937498 -4.592089843749989
-37.301464843749955 -4.71308593750004
-37.17465820312498 -4.912402343749974
-36.95488281249996 -4.93671875000004
-36.86113281249996 -4.966601562500003
-36.74736328124996 -5.05068359374998
-36.59072265624994 -5.097558593750037
-36.38671874999994 -5.084277343749989
-36.16176757812494 -5.09375
-35.97988281250002 -5.054394531250026
-35.54941406249998 -5.129394531250028
-35.48168945312494 -5.166015625000028
-35.392578125 -5.250878906250009
-35.23544921874998 -5.566699218750045
-35.141748046874966 -5.91718750000004
-35.09545898437497 -6.18535156249996
-34.988183593749966 -6.39375
-34.92958984375002 -6.785058593750009
-34.8798828125 -6.908203124999957
-34.8759765625 -7.002929687499986
-34.833886718749966 -7.024414062500014
-34.80546875 -7.28837890624996
-34.81660156249998 -7.394824218749974
-34.857763671875034 -7.533300781250034
-34.86083984374994 -7.595019531249989
-34.85478515624996 -7.63427734375
-34.872998046874926 -7.692089843749969
-34.87861328125001 -7.747460937499966
-34.83691406249997 -7.871777343749983
-34.834667968749955 -7.971484375000045
-34.890527343749966 -8.092187500000023
-34.966650390625006 -8.40761718749998
-35.15776367187496 -8.930566406250037
-35.34086914062496 -9.230664062499969
-35.59707031250002 -9.540625
-35.76396484374999 -9.702539062500009
-35.83012695312499 -9.719042968749989
-35.89082031249998 -9.687011718749957
-35.847753906250006 -9.772460937499957
-35.885449218749955 -9.84765625
-36.05498046874996 -10.07578125000002
-36.22353515625002 -10.225097656249972
-36.398339843749994 -10.484082031249983
-36.41162109374997 -10.489941406250011
-36.63574218749997 -10.589941406249963
-36.76831054687497 -10.671679687500003
-36.93779296874996 -10.82041015625002
-37.093359375000034 -11.054785156249977
-37.12548828125 -11.0849609375
-37.182812499999955 -11.06845703125002
-37.18120117187499 -11.1875
-37.31513671875001 -11.375976562499957
-37.35600585937499 -11.403906249999963
-37.35488281250002 -11.350488281250009
-37.33164062499998 -11.309863281249989
-37.32080078125 -11.266601562499972
-37.32177734375003 -11.21513671874996
-37.359228515625006 -11.252539062500034
-37.4384765625 -11.39375
-37.41181640624998 -11.497265624999983
-37.46933593749998 -11.653613281250031
-37.688720703125 -12.1
-37.95732421874999 -12.475488281249966
-38.01923828125001 -12.591308593750014
-38.23974609374997 -12.844238281250028
-38.40175781249994 -12.966210937500009
-38.44731445312499 -12.967089843750017
-38.49892578125002 -12.95664062500002
-38.52490234375 -12.762304687500034
-38.65400390625001 -12.644628906250048
-38.69096679687499 -12.623925781250009
-38.74389648437503 -12.748535156249986
-38.78798828124994 -12.782714843750028
-38.851757812499955 -12.79013671875002
-38.78359375000002 -12.844433593749983
-38.76372070312496 -12.907226562499986
-38.833154296874994 -13.032910156250011
-38.83530273437498 -13.147167968750026
-38.95917968750001 -13.27304687499999
-39.030908203124966 -13.365136718750023
-39.06738281250003 -13.480468749999972
-39.08935546874997 -13.588183593749989
-39.03491210937497 -13.55878906250004
-39.00908203124996 -13.581445312500037
-38.98862304687495 -13.615039062500031
-39.00122070312494 -13.66455078125
-39.041113281250006 -13.75810546874996
-39.03491210937497 -13.991015624999989
-39.04814453125002 -14.043945312500014
-39.00849609375001 -14.101171875000048
-38.96650390624998 -14.003417968750028
-38.942333984374955 -14.03066406249998
-39.05957031250003 -14.654785156250028
-39.013378906249955 -14.935644531250048
-38.996191406250006 -15.253808593750037
-38.943212890625034 -15.564355468749966
-38.88525390624994 -15.84199218750004
-38.88061523437497 -15.864257812499957
-38.96079101562498 -16.186523437499986
-39.06323242187497 -16.504394531249986
-39.12504882812496 -16.763574218750037
-39.163964843749966 -17.043554687499963
-39.202880859375 -17.178125
-39.21523437499994 -17.31582031250001
-39.17060546875001 -17.642089843750043
-39.15400390624998 -17.70390625000003
-39.27836914062502 -17.849414062500003
-39.41259765625 -17.920019531250006
-39.48676757812501 -17.99013671874998
-39.65078124999994 -18.252343750000023
-39.73979492187496 -18.63984375000001
-39.74194335937494 -18.845996093750003
-39.699853515624994 -19.277832031249957
-39.73144531249994 -19.45390625000003
-39.783300781250034 -19.571777343749986
-39.84472656250003 -19.64912109375001
-40.001367187499966 -19.741992187500017
-40.141699218750034 -19.968261718750014
-40.202734375000034 -20.20605468749997
-40.29887695312499 -20.292675781250026
-40.31855468750001 -20.42578124999997
-40.395947265624955 -20.56943359375002
-40.596582031249994 -20.78378906249999
-40.72705078125 -20.84619140625
-40.78925781249998 -20.90605468750003
-40.82875976562494 -21.031347656249977
-40.95454101562498 -21.237890625000034
-41.047265624999966 -21.505664062499974
-41.023144531249926 -21.596875
-41.02158203124998 -21.610839843749986
-40.98784179687493 -21.9203125
-41.00029296874999 -21.99902343750003
-41.12250976562501 -22.084375
-41.58291015625002 -22.243652343750043
-41.705517578124955 -22.30966796874999
-41.98041992187501 -22.580664062500034
-41.99755859375003 -22.64462890625002
-41.98613281250002 -22.73583984375003
-41.94091796874994 -22.78828124999997
-41.9875 -22.84511718750001
-42.04238281250002 -22.94707031249999
-42.122460937499994 -22.94082031250005
-42.58105468749997 -22.941015625
-42.82929687500001 -22.97333984375001
-42.95830078125002 -22.96708984374999
-43.016210937500006 -22.942578125000054
-43.08115234374998 -22.902539062499983
-43.10068359374998 -22.850097656250043
-43.06542968749997 -22.770703125000026
-43.08627929687498 -22.72333984374997
-43.15429687499997 -22.72519531249999
-43.22900390625 -22.74765625000005
-43.24194335937497 -22.795117187500026
-43.23662109374996 -22.828808593750054
-43.20883789062498 -22.878125
-43.19360351562497 -22.938574218750034
-43.22416992187499 -22.991210937500014
-43.369482421875034 -22.998046874999986
-43.53281249999998 -23.04638671874997
-43.73652343750001 -23.06660156250001
-43.89882812499994 -23.10146484375001
-43.973828124999955 -23.057324218749983
-43.89882812499994 -23.03525390625002
-43.79140625 -23.045996093749977
-43.675976562499926 -23.009472656249997
-43.70292968750002 -22.96630859375
-43.866162109374955 -22.910546875
-44.047460937500034 -22.94472656250005
-44.14799804687499 -23.01103515624996
-44.36791992187503 -23.004980468749977
-44.63725585937502 -23.055468750000045
-44.68115234375 -23.106933593749957
-44.673828125 -23.20664062500002
-44.62109375 -23.228515625000043
-44.569677734375006 -23.27402343749999
-44.619091796874955 -23.31640625
-44.66718749999998 -23.33515625000001
-44.95166015625003 -23.38144531250002
-45.215429687500034 -23.57558593750005
-45.325390624999955 -23.59970703124999
-45.42329101562501 -23.68535156250003
-45.43339843749993 -23.75849609375001
-45.464306640624926 -23.802539062500017
-45.52709960937503 -23.80478515625002
-45.66464843749998 -23.76484374999997
-45.84316406250002 -23.763671875
-45.972070312499994 -23.795507812500006
-46.630761718749994 -24.110351562500014
-46.867285156250034 -24.236328125000014
-47.13720703124994 -24.49316406250003
-47.59218750000002 -24.78105468749996
-47.831152343750034 -24.95292968749999
-47.876562500000034 -24.997460937499994
-47.914306640625 -24.99990234375005
-47.989160156249966 -25.035742187499977
-47.959375 -25.065429687499986
-47.90834960937502 -25.068164062500017
-47.929394531249955 -25.168261718749974
-48.024365234374955 -25.23671875
-48.20273437499995 -25.416503906250014
-48.24243164062497 -25.4033203125
-48.1859375 -25.30986328124996
-48.27348632812499 -25.30634765625004
-48.402490234374966 -25.27207031249999
-48.45849609375003 -25.310742187500054
-48.42763671874994 -25.4033203125
-48.47612304687496 -25.44296875
-48.564160156249955 -25.44746093750001
-48.64399414062498 -25.436523437500014
-48.73173828124999 -25.36875
-48.69218750000002 -25.491503906250017
-48.507031249999955 -25.521289062500045
-48.429882812499955 -25.55019531249998
-48.40117187499999 -25.597363281249997
-48.545166015625 -25.81591796875003
-48.66577148437497 -25.84433593750005
-48.67900390624999 -25.875195312500026
-48.61284179687502 -25.875
-48.576318359374966 -25.93544921875005
-48.61943359374993 -26.17939453125001
-48.67900390624999 -26.22578125000004
-48.713769531249966 -26.226953125
-48.748291015625 -26.268652343749977
-48.70068359374997 -26.348339843750054
-48.65161132812503 -26.406445312499983
-48.65815429687501 -26.519140625000034
-48.67651367187503 -26.61240234375002
-48.677734375 -26.70292968749999
-48.61567382812498 -26.878125
-48.593408203124966 -27.058007812500037
-48.56835937500003 -27.123437500000037
-48.554150390624955 -27.195996093749997
-48.59550781249996 -27.263867187500054
-48.571972656249955 -27.372753906250026
-48.64257812499994 -27.557910156250003
-48.60566406249998 -27.825195312500014
-48.620800781249955 -28.075585937500037
-48.6484375 -28.20722656250004
-48.69321289062498 -28.31015625000005
-48.79726562500002 -28.442675781250045
-48.79965820312498 -28.575292968749977
-49.02358398437494 -28.69863281250005
-49.27128906249996 -28.871191406250034
-49.499902343749994 -29.075390624999983
-49.74599609374994 -29.363183593749994
-50.033349609374966 -29.80097656250001
-50.29951171875001 -30.42578125000003
-50.619970703125006 -30.897656250000054
-50.748144531250006 -31.06806640625004
-50.92138671874994 -31.258398437500006
-51.151757812499994 -31.480371093750023
-51.46040039062498 -31.70244140624996
-51.79814453124996 -31.900292968750037
-51.92021484374996 -31.989550781250017
-52.039208984374966 -32.11484375000005
-52.06894531249998 -32.06308593749999
-52.043164062499955 -31.97753906249997
-52.05957031250003 -31.913476562499966
-52.06323242187497 -31.830371093750003
-51.99511718750003 -31.81503906249999
-51.89316406249995 -31.86777343749999
-51.84121093749994 -31.832031249999986
-51.80341796874998 -31.796679687499974
-51.6806640625 -31.77460937500001
-51.44619140625002 -31.557324218749983
-51.27216796875001 -31.476953125000037
-51.17431640624997 -31.339746093749966
-51.15751953125002 -31.266796875000026
-51.16142578125002 -31.118847656249997
-51.10595703125 -31.081347656250003
-50.980078125 -31.094238281249957
-50.95439453125002 -31.052148437499994
-50.96533203125003 -31.00546875
-50.940820312499994 -30.90371093750005
-50.770166015624966 -30.813378906250023
-50.689306640625006 -30.70419921874999
-50.71630859375 -30.42597656249997
-50.68505859374994 -30.41347656250001
-50.614843750000034 -30.456835937500045
-50.581933593749994 -30.438867187500023
-50.546533203124966 -30.316894531250043
-50.56352539062496 -30.253613281250026
-50.646191406249926 -30.236816406249986
-50.93188476562497 -30.374316406250017
-51.02495117187502 -30.368652343750014
-51.040380859375034 -30.260644531250037
-51.179296875 -30.211035156249977
-51.233593749999955 -30.121386718750003
-51.249853515625006 -30.05996093750001
-51.298046874999955 -30.034863281250054
-51.29501953124995 -30.141015625
-51.28178710937502 -30.24414062499997
-51.15727539062496 -30.364257812500014
-51.18754882812499 -30.411914062500045
-51.24658203124994 -30.467578125000017
-51.28769531249998 -30.59121093749998
-51.283056640625006 -30.75156250000005
-51.31640624999997 -30.70273437500005
-51.359082031249955 -30.674511718749983
-51.37646484375003 -30.846875
-51.459130859374994 -30.912792968750026
-51.485253906249994 -30.977539062499986
-51.46367187499993 -31.05263671875001
-51.50629882812501 -31.1044921875
-51.716894531250006 -31.24375
-51.92680664062496 -31.33886718749997
-51.97246093749996 -31.38378906249997
-51.99487304687497 -31.48994140625001
-52.026953125000034 -31.599023437500037
-52.119824218749955 -31.694921875000034
-52.193554687499955 -31.88554687499996
-52.191552734374994 -31.967578124999974
-52.16708984374998 -32.088476562500006
-52.12739257812498 -32.1677734375
-52.19018554687497 -32.22080078124996
-52.274609374999955 -32.32373046874997
-52.341650390625034 -32.43974609374999
-52.50849609374998 -32.87529296874999
-52.652246093749966 -33.13779296874999
-52.762890624999955 -33.26640625
-52.92084960937498 -33.40195312499999
-53.37060546874994 -33.74218750000003
-53.39755859374992 -33.737304687500014
-53.46357421874998 -33.70986328125001
-53.51884765624996 -33.67724609375003
-53.53134765624992 -33.65546875000004
-53.53764648437496 -33.62285156249996
-53.53319215179084 -33.54781549010981
-53.526953125 -33.55273437499997
-53.50849609374998 -33.557226562500006
-53.49052734374996 -33.54677734375001
-53.45395507812498 -33.53173828124996
-53.437402343749966 -33.47275390625002
-53.45268554687496 -33.3505859375
-53.43652343749997 -33.23544921874999
-53.408593749999966 -33.158691406249986
-53.376953125 -33.11953125
-53.35175781250001 -33.09511718750001
-53.32558593750002 -33.085253906250045
-53.29160156249992 -33.08134765624996
-53.22758789062493 -33.05546875000002
-53.17333984375 -32.956445312499994
-53.13095703124998 -32.84560546874998
-53.06757812500004 -32.80820312499999
-53.01523437499995 -32.79873046875002
-52.975732421874966 -32.822265625000014
-52.93857421874995 -32.86113281250003
-52.89492187499994 -32.90976562499999
-52.84721679687499 -32.91708984374998
-52.80791015624999 -32.90693359375004
-52.772607421874966 -32.87578125
-52.73125 -32.81171875
-52.69355468750004 -32.756933593750034
-52.659326171874994 -32.69765625000004
-52.61699218749999 -32.63818359375
-52.59833984375001 -32.58535156249998
-52.5914062499999 -32.53984375000003
-52.59326171874994 -32.499121093750006
-52.62548828125003 -32.45361328124997
-52.65327148437501 -32.39404296875
-52.69003906249995 -32.34814453124997
-52.69003906249995 -32.23740234374998
-52.70126953124992 -32.20400390625001
-52.72031249999998 -32.19853515624996
-52.74472656249998 -32.21738281249998
-52.77963867187498 -32.26328125
-52.79218749999998 -32.3107421875
-52.80380859374995 -32.34765624999996
-52.81030273437503 -32.390625
-52.877148437499955 -32.43203125
-52.958837890625006 -32.468359375000034
-52.991113281249994 -32.533984375
-53.029541015625 -32.59804687499999
-53.09155273437503 -32.619921875
-53.13886718749998 -32.64902343749999
-53.168531923434244 -32.67175646378132
-53.23125 -32.625390624999966
-53.362744140624955 -32.58115234375002
-53.489404296874994 -32.50322265625003
-53.601708984374966 -32.40302734374997
-53.65361328124996 -32.29873046875004
-53.701123046874955 -32.18632812499996
-53.74658203124997 -32.097460937499974
-53.76171874999997 -32.05683593750004
-53.806103515624955 -32.03994140624998
-53.87651367187499 -31.994531249999966
-53.92060546875001 -31.952343749999983
-53.98515625000002 -31.928125
-54.10043945312495 -31.901562500000026
-54.220556640625006 -31.855175781249997
-54.36992187499996 -31.745019531250023
-54.477685546874994 -31.622753906249983
-54.530908203124994 -31.541992187499957
-54.587646484375 -31.485156250000017
-54.89599609375003 -31.391210937499977
-55.036035156249966 -31.279003906250026
-55.091162109375006 -31.313964843749957
-55.17353515624998 -31.279589843749974
-55.254638671875 -31.225585937499986
-55.278955078124966 -31.18417968749999
-55.31328125 -31.141699218750034
-55.34550781249993 -31.09296874999997
-55.36606445312495 -31.04619140625003
-55.449560546875006 -30.96445312499999
-55.557324218749926 -30.875976562499986
-55.60302734375 -30.85078125000001
-55.627148437499955 -30.858105468749997
-55.650488281250006 -30.892089843749986
-55.66523437499998 -30.924902343750006
-55.70595703125002 -30.94658203124999
-55.75634765624997 -30.98710937499999
-55.807763671874966 -31.036718749999963
-55.873681640624994 -31.069628906250003
-55.95200195312495 -31.08085937499999
-56.00468749999993 -31.079199218750006
-56.01552734375002 -31.05966796875002
-56.018457031249994 -30.991894531249983
-55.998974609374926 -30.837207031250003
-56.04482421874994 -30.77763671875003
-56.10585937499994 -30.71376953124998
-56.176171874999966 -30.62841796875
-56.40722656249997 -30.447460937499997
-56.7216796875 -30.186914062500037
-56.83271484374998 -30.10722656249996
-56.93725585937494 -30.101074218749957
-57.03271484374994 -30.10996093749999
-57.120507812499994 -30.144433593749994
-57.18691406250002 -30.26484375000001
-57.21445312499995 -30.28339843749997
-57.38383789062499 -30.280664062500037
-57.55229492187502 -30.261230468749986
-57.60888671875 -30.18779296875003
-57.563867187499966 -30.13994140624996
-57.40522460937498 -30.033886718750026
-57.31748046874998 -29.93945312499997
-57.300683593749994 -29.85654296875005
-57.22465820312496 -29.782128906249994
-57.08935546875003 -29.716210937499966
-56.938623046874966 -29.59482421875002
-56.77246093749994 -29.417871093750037
-56.671533203124994 -29.287304687499983
-56.635839843750006 -29.20302734375005
-56.570703124999966 -29.13808593750005
-56.47597656249994 -29.092480468749997
-56.39326171874998 -28.997265625000054
-56.322363281250006 -28.852441406250037
-56.22553710937498 -28.73720703125001
-56.10288085937498 -28.65175781250001
-56.03422851562502 -28.580859375000045
-56.01962890624998 -28.52460937500004
-55.98491210937499 -28.488574218749974
-55.93017578124994 -28.47285156249997
-55.90366210937498 -28.44326171874998
-55.905419921874966 -28.39960937499997
-55.890527343749966 -28.37001953124998
-55.85888671875 -28.354199218750054
-55.806054687499966 -28.359765625000023
-55.73198242187499 -28.386621093749994
-55.68725585937503 -28.381640625000045
-55.671972656250006 -28.344921875000026
-55.691503906250006 -28.302832031249977
-55.745996093749994 -28.25546875
-55.725488281249994 -28.20410156250003
-55.58237304687498 -28.120996093749966
-55.476660156250006 -28.08935546875
-55.409814453124994 -28.037792968749983
-55.34648437499996 -27.95595703125001
-55.24375 -27.898828125
-55.10151367187498 -27.86679687500005
-55.06386718749994 -27.835937499999986
-55.06899414062502 -27.79628906249998
-55.039941406249966 -27.76777343750004
-54.95590820312498 -27.74716796875002
-54.91020507812499 -27.708593749999977
-54.90278320312498 -27.651953124999977
-54.87573242187497 -27.599218749999977
-54.8291015625 -27.550585937500017
-54.77709960937497 -27.53251953124999
-54.7197265625 -27.54492187500003
-54.665869140625034 -27.52656250000001
-54.61542968749998 -27.477148437499977
-54.554931640625 -27.4541015625
-54.48432617187501 -27.45732421875003
-54.448144531249994 -27.44648437500004
-54.327001953125006 -27.423535156249983
-54.26015625 -27.382031250000054
-54.205224609374994 -27.289648437499977
-54.15644531249998 -27.25380859375005
-54.11381835937502 -27.274707031250045
-54.040136718750006 -27.24375
-53.93535156249999 -27.1611328125
-53.915625 -27.159570312500037
-53.83818359374999 -27.121093750000014
-53.75849609375001 -26.97832031249996
-53.71728515624997 -26.882812499999957
-53.727148437500034 -26.80468750000003
-53.75332031250002 -26.748632812499977
-53.744580078124926 -26.66650390625003
-53.718164062499966 -26.443164062500003
-53.7109375 -26.351855468749974
-53.66855468749998 -26.288183593749963
-53.67128906250002 -26.225097656249986
-53.74692382812498 -26.083691406250054
-53.82324218749997 -25.95957031249999
-53.864208984374955 -25.748828125000045
-53.89116210937496 -25.668847656249994
-53.954785156249955 -25.64765625000004
-54.012304687500034 -25.577929687500045
-54.08500976562502 -25.571875
-54.11923828124998 -25.54521484375003
-54.15458984374996 -25.52304687500005
-54.206152343750006 -25.52958984374996
-54.25009765624998 -25.57041015625002
-54.331884765625034 -25.571875
-54.38334960937496 -25.588671875
-54.443945312500034 -25.625
-54.50151367187496 -25.60830078125001
-54.53784179687497 -25.576464843750003
-54.615869140624966 -25.576074218750023
-54.610546874999955 -25.432714843750034
-54.47314453124994 -25.22021484375
-54.43623046874998 -25.121289062499997
-54.45410156249997 -25.065234375000045
-54.41298828124994 -24.86748046874999
-54.31293945312498 -24.528125
-54.28100585937497 -24.30605468750001
-54.317285156249994 -24.201269531249977
-54.31826171875002 -24.128125
-54.26689453124993 -24.06582031250001
-54.24179687499998 -24.047265625000037
-54.370800781249955 -23.97119140625
-54.44023437499999 -23.90175781249998
-54.52958984374999 -23.85214843749999
-54.62548828124997 -23.8125
-54.671777343749994 -23.82900390624998
-54.72138671874998 -23.85214843749999
-54.817285156249966 -23.888476562500017
-54.92646484375001 -23.95136718750004
-54.982666015625 -23.974511718749966
-55.08188476562498 -23.997656249999977
-55.19433593749997 -24.01748046875001
-55.28691406249999 -24.00429687499999
-55.366308593750006 -23.991015625000045
-55.415917968749994 -23.95136718750004
-55.44238281249997 -23.86533203125002
-55.44238281249997 -23.79257812500002
-55.45888671874994 -23.68671875000004
-55.518457031249994 -23.627246093750003
-55.538281249999955 -23.580957031249994
-55.54160156249992 -23.52470703124999
-55.53496093749999 -23.461914062499986
-55.518457031249994 -23.415625
-55.52836914062499 -23.359375
-55.554833984374966 -23.319628906250045
-55.54819335937495 -23.25019531250001
-55.561425781249966 -23.154296875000014
-55.60112304687496 -23.094726562499957
-55.62099609375002 -23.025292968750023
-55.62099609375002 -22.955859375
-55.65073242187495 -22.886425781249983
-55.654052734375 -22.81035156250003
-55.62758789062494 -22.740917968749997
-55.61767578124997 -22.671484374999977
-55.64741210937498 -22.621875
-55.70366210937499 -22.592089843749974
-55.74663085937496 -22.512695312499957
-55.75327148437498 -22.41015625000003
-55.799560546875 -22.353906250000023
-55.84916992187496 -22.307617187500014
-55.90537109374995 -22.307617187500014
-55.99140624999998 -22.281152343750037
-56.06748046874995 -22.284472656250003
-56.18984375 -22.281152343750037
-56.24604492187501 -22.264648437499957
-56.27578125000002 -22.228222656249997
-56.35185546874996 -22.178613281250023
-56.39487304687495 -22.09267578125001
-56.44780273437499 -22.07617187500003
-56.52382812500002 -22.10253906249997
-56.55029296875 -22.135644531249966
-56.58007812500003 -22.18193359374999
-56.633007812499955 -22.23486328125003
-56.70244140624999 -22.231542968749963
-56.77519531249999 -22.26132812499999
-56.84467773437501 -22.264648437499957
-56.93725585937494 -22.27128906249999
-57.029882812500006 -22.24482421875001
-57.142333984375 -22.215039062499983
-57.23823242187498 -22.195214843750023
-57.33085937499993 -22.215039062499983
-57.39365234374995 -22.19843749999997
-57.47636718750002 -22.188574218750006
-57.56894531249995 -22.18193359374999
-57.64169921874995 -22.129003906250034
-57.72109374999994 -22.09921875
-57.7640625 -22.109179687500003
-57.8203125 -22.142285156249997
-57.879833984374955 -22.135644531249966
-57.955908203125006 -22.109179687500003
-57.98569335937495 -22.04638671875
-57.97905273437502 -22.006640624999974
-57.9625 -21.966992187499983
-57.932763671874994 -21.910742187499977
-57.94931640624998 -21.85117187500002
-57.94267578124996 -21.79833984375
-57.92944335937503 -21.751953124999957
-57.91621093749998 -21.699121093750037
-57.92617187499999 -21.649511718749963
-57.92944335937503 -21.596582031250023
-57.93608398437496 -21.546972656250034
-57.945996093749926 -21.494042968749994
-57.90629882812502 -21.417968749999957
-57.873242187499955 -21.35507812500002
-57.89306640625 -21.30224609375
-57.88647460937497 -21.26582031250004
-57.860009765624994 -21.20625
-57.82695312500002 -21.133593750000017
-57.830224609374966 -20.99794921875001
-57.860009765624994 -20.91855468749999
-57.892236328124994 -20.897070312499977
-57.90048828124998 -20.873046874999957
-57.88481445312499 -20.841699218749966
-57.90190429687502 -20.809375
-57.90849609374993 -20.776367187499986
-57.89140625000002 -20.74746093750005
-57.91513671874995 -20.690332031250037
-57.9625 -20.67382812499997
-57.97905273437502 -20.657324218749977
-57.99560546875 -20.59443359375004
-58.00883789062496 -20.52167968749997
-58.00224609374993 -20.465429687499963
-58.02539062499994 -20.41582031249999
-58.05844726562492 -20.38613281249998
-58.09150390625001 -20.333203125000026
-58.124609375 -20.293457031250014
-58.13779296874992 -20.23730468750003
-58.15976562499998 -20.164648437499977
-58.09375 -20.151074218750054
-58.06762695312503 -20.110351562500014
-58.021142578124966 -20.055175781249957
-57.96015624999998 -20.04072265625004
-57.88759765624994 -20.02041015624998
-57.860742187499966 -19.97958984375002
-58.029931640624994 -19.832714843750026
-58.131494140624966 -19.74453125
-58.07202148437503 -19.62529296874996
-57.97167968750003 -19.424218750000023
-57.87451171875003 -19.22949218749997
-57.80039062499995 -19.080957031249994
-57.78144531249998 -19.053515625
-57.71679687499997 -19.04404296875002
-57.72861328124998 -18.967382812500034
-57.73085937499999 -18.917187500000026
-57.783105468749966 -18.914257812499955
-57.725 -18.733203125000017
-57.63916015624994 -18.475
-57.57402343750002 -18.279296875000014
-57.553125 -18.24648437499998
-57.50615234374993 -18.237304687499986
-57.49565429687493 -18.21464843749999
-57.55205078124996 -18.183105468749957
-57.58647460937496 -18.122265625
-57.66166992187502 -17.947363281249977
-57.780175781249994 -17.671777343749966
-57.78886718749999 -17.573046875000017
-57.83247070312498 -17.512109375000037
-57.90502929687503 -17.532324218749977
-57.990917968749926 -17.51289062500001
-58.20556640624997 -17.36308593749996
-58.34775390624998 -17.28212890624998
-58.39599609374994 -17.23427734375001
-58.417382812499966 -17.080566406249957
-58.45981445312498 -16.91074218749999
-58.478125 -16.700683593750014
-58.470605468749966 -16.65019531250003
-58.35039062499999 -16.490820312499977
-58.35078124999998 -16.41025390624999
-58.34057617187503 -16.339941406249977
-58.345605468749994 -16.284375
-58.37539062500002 -16.283593750000037
-58.423681640625006 -16.307910156250017
-58.49658203125003 -16.326660156250014
-58.537939453125006 -16.328222656249977
-58.957275390625 -16.313183593750026
-59.43427734375001 -16.29599609374999
-59.83115234374995 -16.281738281250014
-60.17558593749996 -16.269335937499974
-60.18720703125001 -16.132128906250003
-60.20664062499998 -15.901953125
-60.220410156249926 -15.738671875000051
-60.242333984374966 -15.47958984375002
-60.38046874999995 -15.318261718750023
-60.530468749999955 -15.143164062499963
-60.583203124999955 -15.098339843749983
-60.402001953124966 -15.0927734375
-60.273339843749966 -15.08876953124998
-60.29887695312502 -14.618554687500023
-60.338037109374994 -14.570507812499997
-60.372705078124966 -14.41875
-60.39624023437497 -14.332812499999989
-60.46015625000001 -14.263085937499994
-60.47465820312496 -14.184765625000026
-60.46298828124998 -14.13242187500002
-60.42807617187495 -14.1
-60.404980468749955 -14.019238281250054
-60.42236328124994 -13.937988281250014
-60.46015625000001 -13.862402343749977
-60.50659179687497 -13.789843750000031
-60.5953125 -13.745312500000026
-60.722363281249955 -13.66435546874996
-60.914501953124926 -13.561425781250037
-61.077001953125006 -13.48974609375
-61.12915039062497 -13.498535156250014
-61.41606445312499 -13.52656250000004
-61.51157226562498 -13.541210937500011
-61.57568359375 -13.524804687500037
-61.78994140624994 -13.525585937500026
-61.87412109374995 -13.470410156249969
-61.94472656249994 -13.40625
-62.09477539062496 -13.241992187499974
-62.11801757812498 -13.159765625
-62.17607421875002 -13.133691406250023
-62.26391601562497 -13.14365234375002
-62.35283203124996 -13.132421875000034
-62.525537109374966 -13.064257812500003
-62.68706054687502 -12.994335937499969
-62.765478515625006 -12.99726562500004
-62.83515624999998 -12.953710937500048
-62.95791015624994 -12.847070312499994
-63.01518554687499 -12.805566406249966
-63.04135742187498 -12.750390625
-63.06748046874998 -12.669140624999983
-63.11679687499998 -12.651660156249974
-63.18066406250003 -12.666210937499997
-63.24975585937497 -12.707910156249966
-63.3466796875 -12.68007812499998
-63.46523437499999 -12.605175781249997
-63.541894531249994 -12.546679687499989
-63.585644531249926 -12.518945312500023
-63.68857421874995 -12.478027343749943
-63.78808593749997 -12.469433593749969
-63.93857421874998 -12.5296875
-64.06162109375 -12.50507812500004
-64.25502929687497 -12.483300781249952
-64.42050781249995 -12.43974609374996
-64.48076171874996 -12.326171875
-64.51342773437494 -12.250976562499957
-64.61166992187498 -12.20390625
-64.69003906249995 -12.146484374999986
-64.78344726562497 -12.059375
-64.82988281249993 -12.030273437500028
-64.91435546875002 -12.005957031249963
-64.99252929687495 -11.975195312500006
-65.00122070312503 -11.920019531249949
-65.0302734375 -11.847363281249983
-65.03710937499997 -11.82939453124996
-65.09028320312495 -11.741210937500028
-65.11513671874997 -11.735058593750011
-65.14267578124998 -11.75234375
-65.16337890625002 -11.765136718750014
-65.18574218749995 -11.749511718750028
-65.18974609374999 -11.710058593749991
-65.17539062499998 -11.646875
-65.20620117187497 -11.580566406249986
-65.28227539062499 -11.511035156250031
-65.322021484375 -11.43916015625004
-65.32548828125002 -11.364746093749986
-65.34238281249998 -11.315039062499977
-65.37285156249999 -11.289941406250023
-65.38989257812497 -11.246289062500011
-65.39360351562493 -11.184277343749983
-65.37158203124997 -11.110351562500028
-65.32377929687502 -11.024804687500009
-65.33403320312496 -10.892773437500011
-65.40229492187493 -10.71474609374998
-65.43999023437499 -10.586230468750003
-65.447119140625 -10.50742187500002
-65.43691406249997 -10.449023437500031
-65.39545898437495 -10.392285156250011
-65.31308593749998 -10.253027343749977
-65.29858398437503 -10.146777343750003
-65.324560546875 -10.02695312500002
-65.328125 -9.935546874999957
-65.309326171875 -9.87265625000002
-65.33789062499997 -9.790234375000026
-65.39614257812502 -9.712402343749972
-65.43676757812503 -9.710449218750014
-65.49199218749999 -9.731738281250003
-65.55869140625 -9.797460937499977
-65.637109375 -9.809082031249957
-65.70678710937497 -9.768457031250023
-65.92470703124997 -9.785449218750017
-66.26357421875 -9.826074218750037
-66.39921874999999 -9.8681640625
-66.47890624999997 -9.886132812500023
-66.575341796875 -9.899902343749986
-66.72998046874997 -9.975488281250009
-67.11152343749998 -10.268945312500023
-67.19047851562499 -10.31142578124998
-67.28046874999995 -10.317285156250009
-67.33271484375001 -10.357910156250028
-67.41694335937495 -10.389843749999969
-67.582421875 -10.505957031249991
-67.66665039062502 -10.598925781250017
-67.72177734374998 -10.683105468750028
-67.78569335937502 -10.68603515625
-67.83500976562493 -10.662792968749969
-67.99169921874997 -10.674414062500034
-68.07167968750002 -10.703125
-68.15864257812498 -10.785058593750009
-68.26660156250003 -10.933105468749972
-68.31113281249995 -10.97519531250002
-68.39799804687496 -11.01875
-68.49833984374999 -11.054785156249977
-68.62265625 -11.10917968749996
-68.678369140625 -11.112792968749986
-68.72749023437495 -11.122460937500009
-68.769921875 -11.097656250000014
-68.78408203125002 -11.044628906249955
-68.84833984374998 -11.011132812499966
-69.00166015624995 -10.994335937500011
-69.22851562499997 -10.955664062499949
-69.46254882812497 -10.948144531250023
-69.57861328124997 -10.951757812499949
-69.67402343749995 -10.954101562499986
-69.83979492187498 -10.933398437500031
-69.96035156249994 -10.929882812500026
-70.06630859374994 -10.982421874999986
-70.220068359375 -11.047656249999946
-70.29038085937495 -11.06425781249996
-70.34199218749998 -11.066699218750017
-70.39228515625001 -11.058593749999957
-70.45087890624995 -11.024804687500009
-70.53325195312496 -10.946875
-70.59653320312498 -10.976855468750003
-70.64233398437497 -11.010253906249972
-70.64155273437498 -10.8408203125
-70.64033203125001 -10.586035156249963
-70.63935546874998 -10.361328125000014
-70.638525390625 -10.18154296874998
-70.63759765625 -9.971777343749963
-70.63691406250001 -9.82373046875
-70.59379882812493 -9.767480468750009
-70.56723632812495 -9.704589843749986
-70.59916992187496 -9.620507812499994
-70.59223632812498 -9.543457031250014
-70.570166015625 -9.48984375000002
-70.54111328124995 -9.4375
-70.60791015624997 -9.463671875000017
-70.63691406250001 -9.478222656249955
-70.67246093749998 -9.51796875
-70.75849609375001 -9.571679687499994
-70.81625976562498 -9.625292968749989
-70.88452148437503 -9.66904296875002
-70.97075195312499 -9.765722656250006
-71.04174804687497 -9.81875
-71.11528320312496 -9.852441406249994
-71.237939453125 -9.96601562500004
-71.33940429687496 -9.988574218750017
-71.60800781249998 -10.006054687500026
-71.88745117187497 -10.005566406250011
-72.14296874999997 -10.005175781250017
-72.18159179687495 -10.003710937499989
-72.17910156249997 -9.910156250000028
-72.17285156250003 -9.844042968749974
-72.25996093750001 -9.77431640624998
-72.26582031249995 -9.688476562499986
-72.28901367187498 -9.629199218749989
-72.31806640624995 -9.556640624999943
-72.37905273437502 -9.51015625
-72.46474609375 -9.492187499999957
-72.60546874999997 -9.452050781249952
-72.81425781249996 -9.410351562499983
-73.01376953124992 -9.407421875000011
-73.20942382812498 -9.411425781250031
-73.08984374999997 -9.265722656250006
-72.97036132812497 -9.120117187500014
-72.9740234375 -8.9931640625
-73.07050781249993 -8.882812499999986
-73.12255859374997 -8.8140625
-73.203125 -8.719335937499991
-73.30244140624993 -8.654003906249997
-73.35673828124999 -8.566992187500034
-73.35170898437494 -8.514160156250014
-73.36040039062493 -8.479296875000017
-73.39814453124998 -8.458984374999972
-73.43588867187495 -8.427050781249946
-73.48813476562492 -8.392187499999949
-73.54912109375002 -8.345800781250006
-73.54912109375002 -8.299316406249943
-73.57236328124995 -8.249902343750009
-73.610107421875 -8.19189453125
-73.610107421875 -8.145410156250037
-73.644921875 -8.072851562499991
-73.68266601562496 -8.020605468750006
-73.72041015625001 -7.985742187500009
-73.77558593749995 -7.936425781250009
-73.772705078125 -7.895703124999969
-73.73203124999998 -7.875390625
-73.71459960937497 -7.829003906249966
-73.72041015625001 -7.782519531250003
-73.76689453124996 -7.753515624999949
-73.82207031250002 -7.738964843750011
-73.89462890624998 -7.65478515625
-73.946875 -7.611230468750009
-73.98173828124996 -7.585058593750006
-74.00205078125 -7.556054687499966
-73.98173828124996 -7.535742187499991
-73.95849609375 -7.506640625000017
-73.95268554687499 -7.460253906249989
-73.96430664062495 -7.416699218749997
-73.96430664062495 -7.378906250000014
-73.92944335937494 -7.367285156249963
-73.891748046875 -7.373144531250006
-73.85400390624994 -7.349902343749974
-73.80463867187493 -7.34121093749998
-73.74946289062498 -7.335351562500023
-73.72041015625001 -7.309277343749955
-73.72333984374998 -7.262792968749991
-73.75820312499997 -7.172753906250037
-73.79301757812496 -7.135058593749989
-73.80463867187493 -7.079882812500031
-73.77626953125002 -6.973535156250037
-73.75810546874996 -6.90576171875
-73.69453124999998 -6.833789062499989
-73.49990234375002 -6.679492187499989
-73.32548828125002 -6.574707031249957
-73.24033203124998 -6.56406250000002
-73.17744140624995 -6.525195312500003
-73.13735351562497 -6.465820312499986
-73.12631835937495 -6.400878906249986
-73.1353515625 -6.34433593750002
-73.16772460937503 -6.260644531250023
-73.20649414062493 -6.156445312500011
-73.23554687499998 -6.098437500000017
-73.209375 -6.028710937500023
-73.16289062500002 -5.93339843749996
-73.06806640624998 -5.789550781249972
-72.97988281249994 -5.634863281249977
-72.97021484375003 -5.589648437500003
-72.95893554687495 -5.495214843749949
-72.91826171875002 -5.30253906249996
-72.89580078124996 -5.198242187500028
-72.90747070312503 -5.157714843750028
-72.88706054687495 -5.122753906250011
-72.83193359375 -5.09375
-72.69873046874997 -5.067187499999974
-72.60834960937501 -5.00957031249996
-72.46899414062497 -4.901269531250009
-72.35283203125002 -4.78603515624998
-72.25678710937498 -4.748925781249966
-72.08251953125 -4.642285156250011
-71.98242187499994 -4.57460937499998
-71.94316406249996 -4.553320312500006
-71.84472656249997 -4.504394531249986
-71.66835937500002 -4.487304687499957
-71.52133789062498 -4.469726562500028
-71.43828124999993 -4.437597656249963
-71.31679687499997 -4.424316406250014
-71.23500976562502 -4.388183593750014
-71.14423828124998 -4.38720703125
-70.97368164062496 -4.35048828124998
-70.915625 -4.295312500000023
-70.86601562499999 -4.229589843750034
-70.79951171875001 -4.173339843749943
-70.72158203124994 -4.158886718750026
-70.63457031249999 -4.168652343749969
-70.53066406249997 -4.16757812500002
-70.40463867187495 -4.150097656250011
-70.34365234374997 -4.193652343750003
-70.31689453125003 -4.246972656250023
-70.23916015625 -4.301171874999966
-70.18398437500002 -4.298144531249974
-70.12880859374997 -4.286621093750028
-70.05332031249998 -4.333105468749991
-70.00395507812493 -4.327246093750034
-69.972021484375 -4.301171874999966
-69.96591796875 -4.2359375
-69.94819335937495 -4.200585937499994
-69.91103515625002 -3.99658203125
-69.84975585937497 -3.659863281249969
-69.79414062500001 -3.354589843750034
-69.73261718750001 -3.016699218750034
-69.66904296875 -2.667675781249983
-69.60468749999995 -2.314257812500017
-69.55185546875003 -2.024218749999989
-69.5064453125 -1.77490234375
-69.47861328125003 -1.621972656250023
-69.434912109375 -1.421679687499974
-69.41787109375 -1.245703125
-69.40024414062498 -1.194921874999963
-69.41142578125002 -1.15224609374998
-69.44912109374997 -1.091601562499974
-69.44873046874997 -1.064941406249957
-69.44433593749997 -1.029589843750031
-69.44873046874997 -0.998730468749969
-69.488427734375 -0.965722656249994
-69.51928710937497 -0.945800781250014
-69.54355468750003 -0.917187500000054
-69.55458984374997 -0.877441406250043
-69.57441406250001 -0.837792968750037
-69.58325195312503 -0.795898437500028
-69.6119140625 -0.762792968750034
-69.62070312500003 -0.720898437500026
-69.60087890624999 -0.68125
-69.59204101562497 -0.639355468750026
-69.60087890624999 -0.599609375000014
-69.6119140625 -0.553320312499991
-69.63398437499998 -0.50927734375
-69.66748046874997 -0.482421875000028
-69.7474609375 -0.45253906249998
-69.82792968749996 -0.381347656249957
-69.92275390625002 -0.317480468750006
-70.04404296875003 -0.19619140624998
-70.07050781250001 -0.138867187500026
-70.070947265625 0.018554687499986
-70.06572265625002 0.189355468749966
-70.05791015625002 0.447363281250034
-70.05390624999998 0.578613281250043
-69.98544921875 0.585839843749994
-69.92509765624996 0.589404296875017
-69.862060546875 0.598486328125006
-69.80712890625 0.60747070312496
-69.75673828125002 0.626367187499994
-69.71889648437497 0.64980468749998
-69.673828125 0.665087890624974
-69.63872070312496 0.659667968750028
-69.60361328125 0.680371093749983
-69.56484375000002 0.700195312500028
-69.52705078124995 0.716406249999949
-69.47211914062495 0.729931640624955
-69.42080078124997 0.698388671875009
-69.39199218749997 0.666894531249994
-69.35864257812503 0.651562499999983
-69.3271484375 0.655175781250009
-69.30551757812503 0.652441406249977
-69.28300781249996 0.627246093750003
-69.25419921874996 0.625439453124983
-69.21279296874997 0.629931640625017
-69.17407226562497 0.635351562499963
-69.15605468749996 0.642529296874997
-69.15332031250003 0.658789062500034
-69.163232421875 0.686669921875023
-69.1767578125 0.712841796875026
-69.16596679687501 0.753320312500009
-69.1650390625 0.801953124999969
-69.163232421875 0.864062500000017
-69.19384765625003 0.898291015624977
-69.22446289062503 0.963134765625043
-69.25869140625 1.015380859375028
-69.31181640624999 1.050488281249983
-69.36137695312496 1.064013671874989
-69.40278320312495 1.042382812500023
-69.44150390625003 1.038818359375
-69.47031250000003 1.058593750000028
-69.51713867187499 1.059472656250037
-69.56757812499995 1.065771484374991
-69.62089843749999 1.0732421875
-69.71699218750001 1.059082031250043
-69.75131835937498 1.076611328124969
-69.79814453125002 1.078417968749989
-69.8521484375 1.059521484374955
-69.85078125000001 1.308789062500026
-69.849462890625 1.543896484374955
-69.84858398437501 1.708740234374972
-69.79995117187494 1.705175781249949
-69.739599609375 1.734863281249957
-69.65004882812497 1.739453125000011
-69.58125 1.770751953124986
-69.54291992187498 1.77324218749996
-69.47016601562501 1.757910156249949
-69.39433593750002 1.725781249999983
-69.3197265625 1.721240234375031
-69.12426757812497 1.721289062499949
-68.91318359375003 1.721386718749969
-68.678466796875 1.721484374999989
-68.44345703125 1.721582031250009
-68.23955078125002 1.721679687500028
-68.17656249999999 1.719824218750006
-68.21328125 1.774560546874966
-68.25595703124998 1.845507812500031
-68.23945312500001 1.901367187500043
-68.21835937499998 1.957617187499963
-68.19379882812493 1.987011718749997
-68.13027343749997 1.955761718750026
-68.07705078124997 1.860107421874986
-68.03286132812502 1.788037109374955
-67.98974609375003 1.752539062500006
-67.93623046874995 1.748486328124983
-67.87553710937502 1.760595703124963
-67.81508789062497 1.790087890625017
-67.71186523437498 1.922119140625014
-67.60922851562503 2.035058593750009
-67.55605468749997 2.072998046875014
-67.49965820312502 2.107910156250028
-67.457763671875 2.12114257812496
-67.40043945312496 2.116699218750043
-67.35195312500002 2.085839843749966
-67.32060546874996 2.032080078125034
-67.205810546875 1.844824218749977
-67.11923828124995 1.703613281249986
-67.09013671874999 1.615576171874991
-67.08828124999997 1.400585937499983
-67.09365234375 1.210009765624974
-67.08227539062497 1.18540039062502
-67.06523437499996 1.178369140625009
-66.87602539062496 1.223046874999966
-66.61904296875002 0.992138671874997
-66.42924804687499 0.821679687499994
-66.34711914062495 0.7671875
-66.30166015625002 0.751953125
-66.19121093749999 0.76328125
-66.06005859375 0.785351562499969
-65.996337890625 0.809765624999969
-65.92587890625003 0.863134765625006
-65.81132812499996 0.937255859375
-65.71811523437498 0.978027343749957
-65.68144531249996 0.983447265625003
-65.64467773437502 0.970361328124994
-65.56601562499998 0.926074218749946
-65.52299804687502 0.84340820312498
-65.56269531250001 0.747509765624983
-65.5560546875 0.687988281250028
-65.47338867187503 0.691259765624977
-65.40722656249997 0.79047851562504
-65.36083984375003 0.868652343749972
-65.26396484374999 0.931884765624972
-65.16962890624995 1.022216796875
-65.10375976562494 1.108105468749997
-65.02656249999995 1.158447265625043
-64.91010742187493 1.2197265625
-64.81796875 1.257128906249974
-64.73154296874998 1.253320312500009
-64.66743164062498 1.293847656249994
-64.584375 1.369873046875028
-64.52626953125 1.431005859374963
-64.48603515624995 1.452783203124966
-64.405126953125 1.446875
-64.30419921874994 1.455273437500026
-64.20502929687501 1.529492187499955
-64.11484375 1.619287109374952
-64.06704101562497 1.770507812500028
-64.03544921875002 1.904443359374966
-64.00849609375001 1.931591796874983
-63.97578125000001 1.953027343749994
-63.937158203124966 1.966992187499997
-63.844482421875 1.976708984375023
-63.68212890624997 2.048144531250017
-63.57026367187501 2.120507812500009
-63.46391601562502 2.136035156249974
-63.432519531249994 2.15556640624996
-63.393945312499966 2.222509765625006
-63.37485351562498 2.340429687499963
-63.38925781249998 2.41191406249996
-63.584619140624994 2.433935546875006
-63.71254882812494 2.434033203125026
-63.92416992187498 2.45244140624996
-64.02490234375 2.481884765625011
-64.04658203124995 2.502392578125011
-64.04882812499997 2.525097656250011
-64.02871093749997 2.576074218750009
-64.00903320312494 2.671875
-64.03779296874995 2.801513671875014
-64.1435546875 3.004882812499972
-64.21884765624998 3.2046875
-64.22875976562494 3.343994140624957
-64.22705078124997 3.491210937500014
-64.22109375 3.587402343749986
-64.27529296875002 3.662695312499963
-64.56791992187496 3.899804687500037
-64.66899414062502 4.011816406250034
-64.70258789062493 4.089306640625011
-64.81787109374997 4.232275390625006
-64.78867187499998 4.276025390625037
-64.72226562500003 4.274414062499972
-64.66552734375003 4.237109375000017
-64.61367187500002 4.15771484375
-64.57636718749998 4.139892578125014
-64.52553710937502 4.139990234375034
-64.25566406250002 4.140332031250011
-64.19248046875003 4.126855468750023
-64.15429687499997 4.100146484375003
-64.121728515625 4.066992187499991
-64.073388671875 3.97441406249996
-64.021484375 3.929101562499966
-63.914648437500006 3.930664062500028
-63.74697265625002 3.932568359374969
-63.65292968749998 3.940820312499966
-63.596630859374955 3.915039062500043
-63.526806640624926 3.893701171875037
-63.379785156249994 3.942871093750028
-63.33867187499999 3.94389648437496
-63.29472656249999 3.92226562499999
-63.13623046874994 3.756445312499963
-63.0453125 3.686474609375011
-62.968652343749994 3.593945312499983
-62.85698242187499 3.593457031249983
-62.76459960937501 3.672949218750006
-62.739941406249955 3.940332031250037
-62.712109374999955 4.017919921875034
-62.66533203124993 4.03964843750002
-62.60976562499999 4.042285156250031
-62.5439453125 4.084326171874977
-62.47255859375002 4.138525390625006
-62.41064453125 4.156738281249986
-62.153125 4.098388671875
-62.08159179687493 4.126318359375006
-61.82084960937502 4.197021484375014
-61.55424804687499 4.28779296875004
-61.479394531249994 4.402246093749994
-61.367529296875034 4.433007812499952
-61.28007812499999 4.516894531249989
-61.20942382812498 4.508056640624972
-61.10244140624994 4.504687499999989
-61.036279296874966 4.51933593749996
-61.002832031249994 4.535253906250006
-60.966406250000034 4.574707031250043
-60.90625 4.686816406249974
-60.83339843750002 4.729199218749997
-60.74174804687502 4.774121093749997
-60.679150390624955 4.82709960937504
-60.62758789062502 4.892529296874955
-60.60385742187498 4.949365234374994
-60.60449218750003 4.994580078124969
-60.63500976562503 5.081982421875011
-60.671972656250006 5.164355468750003
-60.71196289062499 5.191552734375037
-60.74213867187498 5.202050781249952
-60.65136718749997 5.221142578125026
-60.57641601562497 5.192480468749963
-60.45952148437496 5.188085937500048
-60.40878906249995 5.210156250000011
-60.33520507812497 5.19931640625002
-60.24165039062498 5.25795898437498

