72.46875 -7.4171875
72.42910156250002 -7.435351562499974
72.40761718750008 -7.334472656250028
72.34970703125009 -7.263378906250026
72.37285156249999 -7.263378906250026
72.42744140625001 -7.299804687499986
72.447265625 -7.395703124999983
72.46718750000002 -7.367578125000023
72.46220703124999 -7.337792968749994
72.47373046875003 -7.309667968750034
72.46542968750003 -7.278222656250023
72.43574218750001 -7.230273437500031
72.44560546874999 -7.220410156249969
72.49355468750008 -7.261718749999943
72.49853515625006 -7.294824218750037
72.49199218750005 -7.377441406249986

