-64.67182617187498 18.399121093749955
-64.69511718750002 18.411669921875017
-64.6509765625 18.442529296874994
-64.56914062500002 18.44628906249997
-64.54516601562503 18.438134765624994
-64.59365234374994 18.40283203125

-64.42114257812497 18.457421875000023
-64.43803710937496 18.45898437499997
-64.44375 18.47338867187497
-64.42607421875002 18.513085937499994
-64.32465820312495 18.517480468749994
-64.39521484374993 18.46459960937497

-64.27358398437502 18.707128906250006
-64.28232421875003 18.70771484375001
-64.33945312500003 18.730712890625
-64.3833984375 18.732617187499955
-64.40146484374998 18.738574218750017
-64.41142578124996 18.751171874999983
-64.32309570312498 18.75268554687503
-64.28789062500002 18.740576171874977

