28.56181640624999 43.50131835937498
28.465429687500006 43.389306640624994
28.319628906250045 43.426855468750006
28.133691406249994 43.395605468750034
28.03515625 43.26826171875004
27.979296875000074 43.23051757812499
27.92890625000001 43.186132812500006
27.896484375 43.020703124999955
27.88886718750004 42.74970703124998
27.818359375000057 42.716650390625006
27.753710937500045 42.70654296875
27.48476562500005 42.46806640624999
27.63955078125005 42.400976562500006
27.70820312500001 42.349951171875006
27.821386718750063 42.20800781250003
27.982714843750074 42.04741210937499
28.014453125000045 41.96904296875002
27.879199218750017 41.98662109374996
27.83193359375008 41.981298828125034
27.801660156250023 41.95654296875006
27.738867187500034 41.961523437500006
27.6611328125 41.96132812500005
27.579882812500074 41.93291015625002
27.53486328125004 41.920800781249966
27.474804687500068 41.946875
27.362890625 42.025048828124966
27.294921875 42.07954101562498
27.24433593750001 42.09326171875
27.193359375 42.07709960937501
27.01171875000003 42.05864257812499
26.96875 42.02685546874997
26.884863281250034 41.99184570312505
26.800390625000063 41.97514648437502
26.67919921874997 41.96333007812501
26.615332031250034 41.96489257812496
26.579687500000034 41.94794921874998
26.54970703125005 41.89672851562503
26.529296875 41.84667968750006
26.511425781249983 41.82636718749998
26.36035156250003 41.80156250000002
26.327246093750034 41.772802734375006
26.31796875 41.74467773437496
26.320898437499977 41.716552734375
26.20058593750008 41.743798828124966
26.10742187500003 41.725683593750006
26.085546875 41.70415039062496
26.066015625000034 41.673242187499966
26.076953125000017 41.64018554687499
26.11123046875008 41.60820312499996
26.1435546875 41.52153320312499
26.15517578125008 41.43486328124999
26.135351562500034 41.38574218750003
26.06640625 41.35068359374998
25.92333984375 41.311914062499994
25.784960937500045 41.330419921875034
25.723925781250045 41.315039062500006
25.62148437500005 41.31010742187499
25.52705078125001 41.2998046875
25.381933593750006 41.26435546874998
25.25117187500001 41.24355468750002
25.133398437500006 41.31577148437498
24.993554687500023 41.36499023437497
24.846875 41.39423828124998
24.79580078125005 41.37290039062498
24.773730468750017 41.35610351562502
24.651074218750068 41.41997070312499
24.595996093750045 41.442724609375006
24.56933593750003 41.467382812500034
24.51826171875001 41.55253906249999
24.487890625000034 41.55522460937499
24.38671875000003 41.523535156250034
24.289453125000023 41.525048828124994
24.23037109375005 41.53081054687499
24.05605468750008 41.527246093749994
24.032910156250068 41.469091796875034
24.011328125000034 41.46005859374998
23.97353515625005 41.452294921874994
23.880859375 41.45595703125002
23.762304687500006 41.412988281249966
23.63515625000005 41.38676757812496
23.535839843750068 41.38603515624999
23.433398437500045 41.39873046875002
23.3720703125 41.38964843750003
23.239843750000063 41.384960937499955
23.15595703125001 41.32207031250002
23.02558593750001 41.32563476562504
22.916015625 41.33627929687498
22.92968750000003 41.35610351562502
22.951464843750017 41.605615234374966
23.005664062500045 41.716943359374994
23.003613281250068 41.739843750000034
22.991992187500017 41.757177734375034
22.943945312500006 41.77509765625004
22.90917968750003 41.83520507812503
22.836816406250023 41.993603515624955
22.796093750000068 42.02568359375002
22.682324218750068 42.05913085937499
22.58271484375004 42.10483398437498
22.498242187500068 42.16508789062499
22.344042968750074 42.31396484375003
22.422070312499983 42.32885742187506
22.445703125000023 42.359130859375
22.523535156250063 42.44096679687496
22.53242187500001 42.481201171875
22.524218750000017 42.50390625
22.47207031250005 42.543310546875034
22.43623046875004 42.62910156250001
22.46328125000005 42.70947265625006
22.465625 42.75078125000002
22.439257812500017 42.791650390624994
22.466796875000057 42.84248046874998
22.522753906250074 42.870312499999955
22.55810546875 42.87846679687502
22.706152343750034 42.883935546874966
22.799902343750063 42.98574218750002
22.856835937500023 43.01826171874998
22.91523437500001 43.07597656250002
22.942285156250023 43.097070312499966
22.96796875000001 43.14204101562498
22.976855468750045 43.18798828125003
22.85957031250004 43.25234375
22.819726562499994 43.30073242187498
22.76757812500003 43.35415039062502
22.69697265625004 43.39106445312501
22.55458984375008 43.45449218750005
22.499121093750063 43.51884765625002
22.47412109375003 43.60224609375004
22.436328125000045 43.665478515624955
22.394824218750045 43.70664062499998
22.38691406250001 43.740136718749966
22.369628906250057 43.78129882812502
22.36542968750001 43.862109375000045
22.399023437500006 43.96953124999999
22.42080078125008 44.00742187499998
22.469042968750045 44.01801757812501
22.597460937500017 44.075292968750034
22.60341796875008 44.148583984374966
22.6265625 44.194091796875
22.66748046874997 44.22021484375
22.705078125 44.23779296875003
22.775195312500074 44.19521484375005
22.945410156250034 44.12729492187498
23.028515624999983 44.07797851562506
23.024414062500057 44.047216796875006
22.9853515625 44.016992187499966
22.91132812500001 43.98720703125002
22.868261718750034 43.94790039062502
22.85644531250003 43.899023437500006
22.86767578125 43.86455078125002
22.919042968749977 43.83447265625
23.224609375000057 43.873876953125034
23.53457031250005 43.85356445312499
23.950781250000034 43.786669921875045
24.22675781250004 43.76347656250002
24.43056640625008 43.79438476562501
24.808203125 43.738427734374966
25.15966796875003 43.68632812500002
25.49707031250003 43.670800781249966
25.686132812499977 43.71176757812506
25.81884765625003 43.766845703125
25.933398437500017 43.87055664062498
26.2158203125 44.007275390624955
26.4892578125 44.08398437500003
26.847753906250034 44.14619140625001
27.0869140625 44.167382812499966
27.120703125000034 44.146142578124994
27.425390625000034 44.02050781249997
27.56103515625003 44.02006835937499
27.67089843750003 43.99780273437497
27.710742187500074 43.96459960937506
27.738574218750074 43.95629882812506
27.88427734375 43.98735351562499
27.94892578125001 43.918603515624994
28.05 43.82241210937502
28.221972656250045 43.772851562499966
28.375195312499983 43.74477539062502
28.423437500000063 43.74047851562503
28.585351562499994 43.74223632812496

