0.20380859375004 14.865039062500003
0.202734375 14.782812500000048
0.185058593750057 14.652929687499963
0.163867187500074 14.497216796875037
0.250585937499977 14.396435546875026
0.354589843750034 14.288037109375054
0.38251953125004 14.245800781249969
0.354882812499994 14.139013671874977
0.3740234375 14.076367187500011
0.429199218750057 13.972119140624997
0.522363281250023 13.839746093750023
0.6181640625 13.70341796875006
0.684570312500028 13.68540039062502
0.747753906250011 13.674511718750026
0.786035156249994 13.650048828125023
0.84228515625 13.626416015624997
0.897949218750057 13.610937500000048
0.946582031250017 13.58115234375002
0.977734375000068 13.551953125000011
1.017871093750074 13.467871093750034
1.125976562499972 13.412353515625
1.201171875000028 13.35751953125002
1.170898437499972 13.329589843750014
1.076855468750011 13.340771484374983
0.98847656250004 13.36484375
0.97675781250004 13.324511718750045
0.97304687500008 13.170361328124997
0.987304687500057 13.041894531250023
1.007910156250006 13.024804687500009
1.096777343750063 13.00112304687498
1.308691406249977 12.834277343750003
1.500488281249972 12.676464843749997
1.564941406250057 12.63540039062498
1.671093750000011 12.619824218750011
1.789843750000045 12.613281250000014
1.840917968750063 12.627880859375054
1.956152343750006 12.707421875
2.017382812500045 12.716210937500023
2.073828124999977 12.713964843750006
2.104589843750034 12.701269531249991
2.159765625 12.636425781250011
2.211523437500063 12.538427734375034
2.22626953125004 12.466064453125043
2.22138671875004 12.427246093750028
2.203808593750011 12.412597656249986
2.109375 12.393847656249974
2.068554687500068 12.379150390625
2.058398437500045 12.357958984375045
2.072949218749983 12.309375
2.09140625 12.277978515624994
2.194433593750034 12.136474609375043
2.343359375 11.94599609375004
2.389160156250028 11.89707031250002
2.363281249999972 11.840087890625057
2.287207031250034 11.69125976562502
2.23085937499999 11.629150390624972
1.980371093750051 11.418408203125026
1.857617187499983 11.443359375000057
1.6 11.400634765625057
1.561425781250051 11.44912109374998
1.50136718750008 11.455566406250057
1.426757812500057 11.44711914062502
1.399707031250045 11.4287109375
1.39150390625008 11.408007812500045
1.364843750000063 11.378906249999972
1.317382812499972 11.295263671874991
1.280468750000011 11.273974609375003
1.234667968750017 11.261035156250031
1.178710937500057 11.262744140625031
1.145800781250017 11.25190429687504
1.145507812500057 11.210400390625026
1.135546875000074 11.17436523437496
1.097558593750051 11.15634765625002
1.081542968749972 11.116015624999974
1.084570312500063 11.076367187499983
1.062304687500074 11.058203125
1.01386718750004 11.068115234374986
0.98505859375004 11.07900390624998
0.958007812500028 11.027783203125026
0.924609375000074 10.992822265625009
0.900488281250034 10.99326171875002
0.64296875000008 10.98305664062498
0.549121093750045 10.955419921875034
0.49267578125 10.954980468750037
0.490722656250057 10.978173828125051
0.484179687500045 10.991992187500017
0.159277343750034 11.069628906250031
-0.068603515624943 11.115625
-0.299462890624994 11.166894531250037
-0.312548828124989 11.118896484375028
-0.345751953125017 11.087939453125031
-0.395605468749949 11.085693359375014
-0.430322265624994 11.093261718750043
-0.453515624999937 11.05629882812498
-0.491699218749972 11.007617187500003
-0.54521484374996 10.983691406250017
-0.59765625 10.953662109375031
-0.627148437499955 10.927392578125009
-0.648535156249949 10.926757812500057
-0.701416015625 10.988964843750026
-0.771582031249977 10.99526367187498
-0.90292968749992 10.984716796874963
-0.961816406250023 11.001708984375043
-1.042480468750028 11.010058593749974
-1.232617187499926 10.997216796875023
-1.536767578124994 11.022656250000054
-1.586474609374989 11.008886718750006
-1.599658203124932 10.99765625000002
-1.900634765624972 10.994677734375031
-2.231933593749943 10.99140625
-2.509179687499937 10.988720703124983
-2.751660156249955 10.986376953125031
-2.752099609374966 10.996972656249966
-2.82993164062492 10.998388671874991
-2.838574218750011 10.977490234374997
-2.907324218749977 10.727978515624969
-2.91489257812492 10.59233398437496
-2.878417968749943 10.507958984374994
-2.837207031249989 10.454638671874974
-2.791162109374937 10.432421874999974
-2.786621093749972 10.401904296874974
-2.823437499999926 10.362939453125037
-2.8203125 10.322851562500034
-2.777099609375 10.281591796874977
-2.766503906249966 10.238183593750023
-2.788476562499994 10.192578125000054
-2.783203125 10.083105468750048
-2.750732421874943 9.909667968749972
-2.749804687499932 9.797216796874977
-2.780517578124972 9.745849609374986
-2.765966796874949 9.658056640625048
-2.706201171874937 9.533935546874986
-2.69584960937496 9.481347656250023
-2.717187499999966 9.457128906249963
-2.7666015625 9.424707031250023
-2.816748046875006 9.425830078124989
-2.875146484374994 9.500927734375011
-2.90087890625 9.53461914062504
-2.948144531249937 9.610742187499994
-2.988281249999943 9.687353515624977
-3.042626953124994 9.720898437499969
-3.09580078124992 9.752099609375023
-3.160693359374989 9.849169921874989
-3.223535156249994 9.895458984375011
-3.289697265624966 9.88222656249998
-3.386279296874932 9.900292968750009
-3.581152343749949 9.924316406250028
-3.790625 9.9171875
-3.877636718749955 9.89492187499998
-3.96347656249992 9.859619140624986
-4.181152343749972 9.781738281250014
-4.267187499999977 9.743261718749991
-4.332226562499926 9.645703125000011
-4.406201171874983 9.647998046875045
-4.48027343749996 9.679248046875017
-4.526611328125 9.723486328124963
-4.625830078124949 9.713574218749983
-4.721777343749977 9.75654296875004
-4.814453125000028 9.841162109375048
-4.882714843749966 9.868945312500017
-4.969921874999983 9.930078125000037
-4.994042968750023 10.046484375000048
-5.04931640625 10.128320312500023
-5.099853515624972 10.241601562500009
-5.17529296875 10.292626953125009
-5.262304687499949 10.319677734375006
-5.382275390624955 10.314013671875017
-5.461279296874977 10.359570312499969
-5.523535156249977 10.426025390625
-5.507031249999983 10.483447265624974
-5.479003906249943 10.565087890625009
-5.475683593749977 10.643945312499994
-5.457080078124932 10.771386718750023
-5.46855468749996 10.931054687500037
-5.490478515624972 11.04238281249998
-5.42421875 11.088720703125006
-5.347412109374972 11.130273437500037
-5.29985351562496 11.205957031250009
-5.250244140624972 11.37578125
-5.229394531249994 11.5224609375
-5.244775390624937 11.576757812499963
-5.270312499999989 11.619873046875043
-5.290527343750028 11.683300781249997
-5.302001953124943 11.760449218749997
-5.28813476562496 11.827929687499974
-5.230175781249983 11.89028320312498
-5.157519531250017 11.942382812500014
-5.105908203124983 11.967529296874986
-4.968994140624972 11.993310546875009
-4.797949218749949 12.032128906250009
-4.69931640624992 12.076171875000014
-4.627246093749989 12.120214843750006
-4.586914062499943 12.155029296875
-4.546044921874966 12.22646484374998
-4.479882812499966 12.281787109374974
-4.428710937499943 12.337597656249983
-4.421582031250011 12.493066406250037
-4.421923828124989 12.581591796875031
-4.459863281249994 12.630371093750028
-4.480615234374937 12.67221679687502
-4.227099609374989 12.793701171875
-4.225244140624966 12.879492187499977
-4.260644531249994 12.975341796875057
-4.310253906249983 13.052490234375043
-4.32871093749992 13.119042968750023
-4.258691406249937 13.197314453124974
-4.196191406249994 13.256152343749974
-4.151025390624937 13.306201171875045
-4.051171874999937 13.382421875000034
-3.947314453124932 13.402197265624977
-3.853466796874983 13.37353515625
-3.57578125 13.194189453124963
-3.52763671874996 13.18271484375002
-3.469921874999926 13.196386718749963
-3.396728515624943 13.243701171875017
-3.301757812499943 13.280761718750014
-3.266748046875023 13.400781250000037
-3.270166015624994 13.57744140625006
-3.248632812499949 13.658349609375023
-3.198437499999955 13.672851562500043
-3.038671875 13.639111328125011
-2.997216796874994 13.637109375000051
-2.950830078124966 13.648437500000043
-2.91708984374992 13.679492187499974
-2.918505859374932 13.736376953125017
-2.92587890624992 13.78676757812498
-2.873925781249994 13.950732421874989
-2.778857421874989 14.07373046875
-2.586718749999932 14.227587890624989
-2.526904296875017 14.258300781250028
-2.457226562499926 14.274121093749969
-2.113232421874926 14.168457031250028
-2.057128906249972 14.194628906250031
-1.973046874999966 14.456542968750014
-1.879785156249966 14.481494140625031
-1.767773437499983 14.486035156249983
-1.695068359375 14.508496093750026
-1.657324218749949 14.526806640625026
-1.49365234375 14.626074218749991
-1.204980468749994 14.76152343750006
-1.049560546874943 14.819531249999969
-1.019189453124966 14.841357421874974
-0.907958984374972 14.937402343750009
-0.760449218749926 15.047753906250023
-0.666455078124983 15.069775390624969
-0.536523437499966 15.077880859375028
-0.454492187499966 15.059667968750048
-0.432275390624966 15.028515625000011
-0.405419921874994 15.0125
-0.235888671875017 15.059423828124991
0.007324218749972 14.984814453124983
0.217480468749983 14.911474609374963

