30.533691406250114 -2.42626953125
30.44199218750009 -2.61347656250004
30.42421875000008 -2.6416015625
30.434375 -2.658886718749969
30.473339843750068 -2.6943359375
30.450488281250045 -2.753222656250003
30.441308593750023 -2.769042968750028
30.424023437500068 -2.824023437500031
30.433496093750136 -2.874511718750014
30.45556640625 -2.893164062500006
30.515039062500136 -2.917578125
30.60429687499999 -2.935253906249955
30.709472656250114 -2.977246093749983
30.780273437500057 -2.984863281250028
30.796875 -3.015136718749986
30.79355468750009 -3.069335937500014
30.811132812500034 -3.116406250000011
30.811425781250023 -3.200585937500009
30.790234375000068 -3.274609375
30.681835937500182 -3.309375
30.62607421875009 -3.347363281249983
30.610937500000034 -3.36640625000004
30.624609375000034 -3.388671874999957
30.631933593750034 -3.418652343750026
30.529882812500034 -3.492480468749974
30.425000000000182 -3.588867187499986
30.4 -3.65390625
30.379101562500068 -3.730761718750017
30.34843749999999 -3.779785156249972
30.2685546875 -3.850488281249994
30.18710937500009 -3.99287109375004
30.147167968750068 -4.085351562499966
29.947265625 -4.307324218749983
29.769531250000114 -4.418066406249977
29.717773437500057 -4.455859374999946
29.647036429022478 -4.454387974947835
29.65253906250001 -4.42011718750004
29.629199218750045 -4.365917968750011
29.57890624999999 -4.299511718749983
29.523242187500045 -4.203027343749952
29.43281250000001 -4.00087890624998
29.43408203125 -3.97695312499999
29.364257812500057 -3.856152343749983
29.34609375000008 -3.793945312500014
29.334960937500057 -3.662597656249986
29.331054687500057 -3.462304687500037
29.331835937500045 -3.38994140624996
29.298437500000034 -3.355175781249983
29.210672263593665 -3.340868960062679
29.212304687500023 -3.28125
29.226074218750057 -3.138671875000014
29.22441406249999 -3.053515624999989
29.15322265625005 -2.95527343750004
29.064746093750045 -2.850781249999983
29.01660156250003 -2.799609375000031
29.014160156250057 -2.758300781249972
29.01435546875001 -2.720214843750028
29.028613281250074 -2.664550781249972
29.06318359375001 -2.602539062500028
29.10205078125003 -2.595703124999972
29.197558593750017 -2.620312500000011
29.297070312500068 -2.673046875000011
29.349804687500068 -2.791503906249986
29.390234375000034 -2.80859375
29.46367187499999 -2.80839843749996
29.6513671875 -2.792773437499974
29.698046875000045 -2.794726562500017
29.78339843750001 -2.766406250000017
29.868164062500057 -2.716406249999963
29.892578125000057 -2.664648437499991
29.91240234374999 -2.548632812499974
29.930175781250057 -2.339550781250011
29.97343749999999 -2.337109374999955
30.091894531250034 -2.411523437500023
30.11728515625009 -2.416601562499991
30.14228515625001 -2.41396484374998
30.18330078125001 -2.37705078125002
30.233789062500023 -2.347070312500037
30.270996093750057 -2.347851562500011
30.40849609374999 -2.312988281250014
30.48222656249999 -2.376074218749991
30.52890625000009 -2.395605468749977
30.55361328125008 -2.400097656249997

