-24.386132812499994 14.818212890624977
-24.440527343749977 14.834814453124977
-24.49218750000003 14.874218750000011
-24.517089843749943 14.93125
-24.496875 14.980273437500031
-24.391992187499937 15.03828125000004
-24.329492187499994 15.019482421875026
-24.295800781249966 14.929541015625006
-24.308251953124937 14.856298828125006

-23.2099609375 15.133105468750003
-23.25180664062492 15.178125
-23.24248046874996 15.240527343750031
-23.24716796874995 15.256982421875009
-23.21025390624999 15.323535156249974
-23.13774414062496 15.317724609375034
-23.119335937499926 15.268408203125034
-23.115869140624937 15.166650390624994
-23.18212890625003 15.136767578125031

-23.504687500000017 14.91611328125002
-23.63720703125 14.923486328125009
-23.70537109374996 14.96132812499999
-23.78500976562492 15.076904296875
-23.78251953124996 15.166113281249977
-23.75449218749992 15.243554687500023
-23.759375 15.310791015625043
-23.74809570312496 15.328515625000023
-23.707226562499983 15.316894531250043
-23.700634765624955 15.27163085937498
-23.579980468749994 15.160888671874972
-23.53525390624992 15.139257812500006
-23.444238281249966 15.007958984374994

-22.83432617187495 16.21899414062497
-22.802636718749994 16.225537109374983
-22.749414062499966 16.221533203125063
-22.692626953124943 16.169042968750006
-22.68188476562497 16.11328125000003
-22.710107421874966 16.04335937499999
-22.820507812499983 15.986035156249955
-22.88408203124996 15.992724609375074
-22.959277343750017 16.045117187499983
-22.91611328124992 16.1484375
-22.91772460937497 16.237255859374955

-24.04638671874997 16.59306640624999
-24.032714843749943 16.572021484375057
-24.094140625000023 16.56103515625003
-24.243066406249994 16.599414062500017
-24.2828125 16.57592773437503
-24.322363281249977 16.493115234374955
-24.398095703124937 16.618408203125
-24.39291992187495 16.664453124999966
-24.376708984374943 16.677783203125017
-24.2710937499999 16.644873046875063
-24.08769531249996 16.62250976562504

-22.920263671874977 16.60791015624997
-22.959423828124955 16.68305664062501
-22.980615234374994 16.70087890625001
-22.990917968749983 16.80883789062497
-22.93291015624996 16.841015624999955
-22.90473632812501 16.84375
-22.9039062499999 16.732128906249983
-22.888330078124937 16.659082031250023

-24.969140624999937 16.794189453125
-25.019970703124983 16.797216796875006
-25.09306640624996 16.83251953125
-25.07011718749999 16.870703125000063
-24.99101562499996 16.913232421875023
-24.936474609374926 16.922119140625057
-24.891894531250017 16.846484375000017
-24.887060546875006 16.818115234375

-25.267236328124994 16.925927734375023
-25.308300781249926 16.93583984374999
-25.321923828124937 17.01538085937503
-25.341552734374943 17.067724609375034
-25.337109374999926 17.091015624999983
-25.113476562499926 17.193652343750045
-25.03466796874997 17.176464843749983
-24.979687499999955 17.09472656250003
-25.01708984375003 17.04931640625003
-25.169824218749966 16.946484374999955

