103.28125 10.679687499999986
103.22294921875016 10.759570312500017
103.22343749999999 10.781982421875043
103.31777343750014 10.718505859375

103.02734375000011 11.275488281249963
103.01054687500016 11.275781250000023
102.99335937500001 11.29042968749998
102.99501953125002 11.348095703125011
103.00751953125018 11.383300781249986
103.03681640625018 11.389941406250003
103.04511718750018 11.285058593750037

107.4931640625 14.545751953124977
107.44843750000018 14.451220703124989
107.36445312500007 14.36870117187496
107.36035156250011 14.307861328125
107.33144531249997 14.126611328125023
107.34257812500005 14.068896484374989
107.36210937499999 14.019482421874969
107.38945312500016 13.993017578124991
107.46230468750002 13.815625
107.52861328124999 13.65419921874998
107.59394531250018 13.521679687499983
107.60546875000011 13.437792968750031
107.54550781250009 13.22543945312502
107.47539062499999 13.030371093749977
107.4815429687502 12.933105468749972
107.51152343750016 12.835742187500031
107.5435546875002 12.705908203124963
107.55546875000016 12.539990234374997
107.5380859375 12.43178710937498
107.5064453125002 12.36455078124996
107.44599609375007 12.295703124999974
107.39335937500016 12.260498046874986
107.33007812499994 12.319042968750011
107.27968750000002 12.321582031250003
107.21210937500018 12.304003906249974
107.15898437500005 12.277050781249983
107.05068359374997 12.175878906249977
106.93066406249994 12.077490234375006
106.7646484375 12.052343750000034
106.70009765625014 11.979296874999989
106.6309570312502 11.969189453124969
106.49960937500009 11.965527343750026
106.41386718749999 11.948437500000011
106.41777343749999 11.91171875
106.41074218750009 11.73837890625002
106.4125 11.697802734375017
106.39921875000016 11.687011718750043
106.33984375000011 11.681835937499969
106.23916015625014 11.708349609375034
106.10292968749997 11.751269531249989
106.00605468750007 11.758007812500026
105.95625 11.682470703125006
105.92656250000005 11.65292968750002
105.88984375000018 11.648388671874983
105.85146484375002 11.635009765625014
105.8384765625002 11.601318359374986
105.83535156250002 11.559130859375017
105.85400390625 11.487060546874986
105.86093750000009 11.372412109374991
105.85605468750003 11.294287109374963
105.89160156250011 11.244824218750011
106.09951171875002 11.078662109375003
106.16093749999999 11.037109374999972
106.16796875000011 11.012304687499991
106.13154296875007 10.921972656249963
106.16396484374997 10.794921875000014
106.09882812500007 10.797265624999966
105.99013671875002 10.851806640624972
105.93818359375018 10.885156250000023
105.87519531250007 10.858496093750006
105.85332031250005 10.863574218749974
105.81074218750007 10.926074218750003
105.75507812500018 10.989990234374972
105.69775390624994 10.994042968749994
105.57656250000014 10.968896484375023
105.45273437500003 10.951416015625014
105.40576171875 10.951611328124969
105.38652343750016 10.940087890625023
105.31464843750018 10.84516601562504
105.2842773437502 10.861474609374994
105.15947265625016 10.897558593749963
105.04570312500016 10.911376953125028
105.02226562499999 10.886865234375009
105.0361328125 10.809375
105.0611328125002 10.733789062499994
105.04638671874994 10.701660156250028
104.98388671875011 10.661914062500017
104.90126953125014 10.59023437499998
104.85058593750011 10.534472656249989
104.81542968749994 10.520800781249946
104.68964843750018 10.523242187500003
104.56425781250016 10.515966796875034
104.51406250000014 10.463330078124969
104.46699218750001 10.422363281249972
104.4263671875002 10.411230468750006
104.26240234375018 10.541259765625028
103.9371093750002 10.58662109375004
103.90175781249997 10.643945312499994
103.87050781250014 10.655126953124963
103.84052734375007 10.580566406250043
103.66191406250016 10.508935546875023
103.58710937500001 10.55219726562504
103.53222656250011 10.60463867187498
103.54042968750002 10.668701171874972
103.59208984375016 10.721044921874977
103.68085937500001 10.758593749999989
103.721875 10.890136718749972
103.65429687500011 11.05869140625002
103.59501953125005 11.107763671874977
103.53242187500018 11.146679687500011
103.46669921875002 11.083984375000028
103.41132812500018 10.976757812500026
103.35361328125003 10.921582031249983
103.27216796875018 10.909277343749963
103.15283203125011 10.91372070312498
103.10644531249994 11.073779296874989
103.09111328125016 11.21108398437498
103.107421875 11.36777343750002
103.12548828125011 11.460644531250026
103.01054687500016 11.588671874999989
103.00419921874999 11.710595703124966
102.94863281249997 11.773486328124989
102.93232421875001 11.741699218749986
102.93388671875016 11.706689453124966
102.91806640625003 11.73208007812498
102.73662109375005 12.089794921875026
102.70625 12.255664062499989
102.7374023437502 12.383398437499977
102.75566406249999 12.426269531250014
102.70332031250018 12.493505859375034
102.62968749999999 12.569921874999963
102.49960937500009 12.669970703125017
102.49072265625011 12.828320312500026
102.46171875000016 13.015039062499966
102.42265625000005 13.077978515625006
102.36298828125001 13.192968749999977
102.33076171875001 13.288232421875023
102.31972656250002 13.539990234374983
102.33632812500002 13.560302734375028
102.42851562500016 13.567578125
102.54687500000011 13.585693359374957
102.56552734375009 13.626367187499994
102.54472656250005 13.659960937499989
102.62041015625016 13.716943359374966
102.72890624999997 13.84189453125002
102.81279296874999 13.972460937499974
102.87324218750018 14.054882812499983
102.9092773437502 14.136718750000043
103.03105468750016 14.25253906250002
103.19941406250018 14.332617187499991
103.31347656249994 14.351318359374972
103.43242187500005 14.378613281250026
103.54638671875 14.41743164062504
103.60039062500016 14.421093749999983
103.74189453125001 14.374169921875009
103.81835937499994 14.362158203124963
103.89863281250018 14.36279296875
103.98183593750014 14.357910156249986
104.05429687500009 14.362744140624997
104.22773437500007 14.395507812500014
104.41162109374994 14.369580078124969
104.57578125000009 14.390039062499966
104.77900390625018 14.42783203125002
104.87880859375002 14.404003906249969
104.96972656249994 14.366113281249966
104.982421875 14.28945312499998
105.00341796875 14.254443359375045
105.03369140625011 14.227392578124949
105.07412109375002 14.227441406249966
105.12597656250011 14.280957031250026
105.16914062500018 14.33608398437498
105.18330078125007 14.346240234375003
105.18554687499994 14.319091796874986
105.20703125000006 14.259375
105.24570312500015 14.200537109374991
105.28486328125013 14.16147460937502
105.3501953125002 14.10957031250011
105.39267578125009 14.107080078125051
105.5315429687501 14.156152343750009
105.73974609375006 14.084960937500071
105.76406250000014 14.049072265625043
105.83144531250008 13.976611328125017
105.90449218750007 13.924511718750068
106.06679687500008 13.921191406250102
106.12470703125007 14.049121093750045
106.09667968750006 14.127099609375122
106.00410156250013 14.262890625000082
105.97890625000014 14.343017578125057
106.0083984375002 14.3571777343751
106.16523437500018 14.372363281250003
106.1907226562501 14.388134765625011
106.22539062500016 14.476220703125023
106.26796875000014 14.466210937500108
106.35498046875011 14.454785156250097
106.44697265625018 14.515039062500108
106.50146484375011 14.57822265625002
106.53115234375002 14.549414062500006
106.56367187500007 14.50507812500004
106.59921875000009 14.479394531250051
106.66542968750002 14.441308593750009
106.73818359375008 14.387744140625117
106.7834960937501 14.335107421875051
106.81992187500003 14.314697265624972
106.91318359375015 14.329394531250045
106.93808593750015 14.327343750000068
106.99218749999994 14.391015625000065
107.03017578125008 14.425683593750023
107.06240234375008 14.415771484374957
107.109375 14.416699218749969
107.20664062500015 14.497900390624991
107.2623046875002 14.57211914062502
107.29267578125018 14.592382812500063
107.37988281250006 14.555322265625065
107.41474609375018 14.562890625000094
107.46513671875005 14.66499023437511
107.51943359375002 14.705078125000014
107.5352539062502 14.649951171874974

