15.379101562500011 7.358154296875014
15.245898437500045 7.263574218750009
15.206738281250068 7.206152343750034
15.185839843750074 7.134912109375009
15.15712890625008 7.063574218750034
15.086328125000051 6.909912109375
15.03457031250008 6.784423828125014
14.982714843750074 6.74531250000004
14.861914062500063 6.555712890625045
14.780371093750063 6.365722656249972
14.764062500000023 6.31635742187504
14.739257812500028 6.279785156250057
14.699511718750017 6.250244140624986
14.559375 6.191210937500031
14.512109375000023 6.161914062500017
14.475 6.126806640624977
14.440722656250045 6.086718749999974
14.431152343750057 6.038720703124966
14.463867187500057 5.970703125000057
14.503125 5.916894531250023
14.54248046875 5.913574218750057
14.577246093750063 5.916015625000014
14.598828125000011 5.883984374999969
14.616894531250068 5.865136718750037
14.616894531250068 5.495507812499966
14.583593750000034 5.43964843750004
14.584375 5.41474609375004
14.568066406250068 5.351074218750028
14.56298828125 5.279931640625009
14.573535156250017 5.251708984375043
14.601757812500011 5.228808593749989
14.640625 5.179052734374977
14.661718750000034 5.065527343750034
14.708984375 4.665576171875003
14.73125 4.602392578125006
14.77041015625008 4.558105468750043
14.893554687500028 4.471875
15.022753906250045 4.35854492187498
15.063574218750034 4.284863281249969
15.0875 4.163964843750037
15.13691406250004 4.069140624999989
15.135839843750006 4.036914062500003
15.115429687500011 4.024462890625031
15.0673828125 4.02294921875
15.03486328125004 4.016357421874986
15.062109375 3.947216796875026
15.128710937500074 3.826904296875028
15.239843750000063 3.7021484375
15.360156250000045 3.567138671875028
15.45839843750008 3.456835937500031
15.580859375000074 3.329296874999983
15.676562500000017 3.229687500000026
15.775 3.127197265625028
15.84931640625004 3.103076171874989
15.904882812500006 3.095849609375037
15.928710937500057 3.075781250000034
15.9580078125 3.028710937500037
16.00820312499999 2.976660156249991
16.06347656249997 2.90859375
16.082421875000023 2.839111328125043
16.05927734375001 2.772998046874989
16.082128906250063 2.678173828125026
16.083496093750057 2.670019531249963
16.101855468750074 2.632666015624991
16.095507812500017 2.59921875000002
16.106738281250017 2.473486328124977
16.13613281250005 2.363769531250014
16.183398437500074 2.270068359375017
16.1826171875 2.262451171874972
16.176562500000017 2.20478515625004
16.115722656250057 2.167822265624977
16.080078125 2.106787109374977
16.069628906250074 2.02167968750004
16.08789062499997 1.918066406249977
16.134960937500068 1.795947265624974
16.13613281250005 1.72421875000002
16.119531250000023 1.714111328125
16.09033203125003 1.691259765624963
16.059375 1.676220703125011
15.975195312500034 1.760009765625028
15.881640625000074 1.816601562500011
15.741601562500051 1.914990234374983
15.60029296875004 1.950390625
15.41748046875 1.95673828125004
15.338769531250051 1.944726562499994
15.282421875000011 1.981738281249989
15.203515625000023 2.024462890624989
15.160058593750051 2.03559570312504
15.099609375 2.00234375
15.057812500000011 2.00087890624998
15.006445312500034 2.013769531250034
14.902441406250063 2.012304687499991
14.89277343750004 2.069335937499986
14.875 2.080468750000023
14.76289062500004 2.075195312500014
14.728320312500017 2.122412109374963
14.71328125000008 2.11713867187504
14.66914062500004 2.132080078124972
14.578906250000045 2.199121093750037
14.484082031250011 2.154736328124969
14.287011718749994 2.160351562500054
14.034375 2.158886718750011
13.772753906250045 2.157421874999983
13.533496093750045 2.159521484374963
13.293554687500034 2.161572265625026
13.26992187499999 2.22421875
13.220312500000034 2.256445312499991
13.130859375 2.25942382812498
12.867480468749989 2.246777343749983
12.665722656250011 2.256787109374983
12.601367187500045 2.265039062499966
12.529785156250028 2.281347656250006
12.361328125 2.295996093749977
12.153417968750006 2.284375
12.106152343750068 2.2875
11.939746093749989 2.285156249999986
11.558984375000051 2.302197265624997
11.348437500000045 2.299707031250023
11.353320312500074 2.26142578125004
11.339941406250006 2.233837890625011
11.328710937500034 2.167431640624983
11.09658203125008 2.167480468749986
10.79091796875008 2.167578125
10.502246093750074 2.167626953125023
10.30703125000008 2.167724609375043
9.979882812500051 2.16777343749996
9.870117187500057 2.21328125
9.836914062500057 2.242382812499969
9.830371093750045 2.275488281249963
9.826171875 2.297802734374983
9.800781250000057 2.304443359375
9.82177734375 2.539257812499969
9.86757812500008 2.734960937499963
9.885449218749983 2.916552734375003
9.94843750000004 3.079052734374983
9.915039062499972 3.239648437500023
9.876171875000068 3.309765625
9.67207031250004 3.537597656249972
9.765722656250034 3.623828125000031
9.642382812500045 3.611767578124983
9.615917968750068 3.696484375000011
9.556152343750057 3.798046875000011
9.592773437500057 3.814306640625034
9.628125 3.870019531250009
9.739648437500051 3.852929687499994
9.736132812500045 3.880126953125028
9.639941406250074 3.965332031249986
9.649218750000017 4.008349609375045
9.68886718750008 4.056396484374972
9.669531250000063 4.076660156250014
9.600390625000017 4.026904296875003
9.550585937500074 4.028417968750048
9.511816406249977 4.060644531250034
9.483691406250045 4.066113281249997
9.500781250000045 4.000732421875
9.462011718750063 3.942529296875037
9.425292968750028 3.922314453125011
9.3623046875 3.925732421874997
9.310937500000023 3.940380859375054
9.29736328125 3.972949218750017
9.249121093750034 3.997851562500031
9.113867187500006 4.041064453125045
9.000097656250006 4.091601562500031
8.977050781250028 4.230419921874983
8.93203125000008 4.290234375
8.913574218750057 4.3578125
8.90283203125 4.435156250000034
8.918261718750045 4.553759765625045
8.889453125000017 4.57275390625
8.856445312500057 4.579248046874994
8.807128906250057 4.573437499999969
8.761914062500068 4.580029296874983
8.70791015625008 4.64570312500004
8.660351562500068 4.670996093750034
8.689648437500011 4.55024414062504
8.65625 4.516357421874972
8.574414062500068 4.526220703125034
8.539550781250057 4.571875
8.532812500000034 4.60585937499999
8.570507812500068 4.752099609375037
8.555859375000011 4.755224609374963
8.58515625000004 4.8328125
8.640527343750023 4.927001953125057
8.715625 5.046875
8.80097656250004 5.197460937499997
8.859179687500074 5.46376953124998
8.89882812500008 5.629687500000031
8.93505859375 5.781005859375043
8.997167968750034 5.917724609375014
9.060156249999977 6.009082031249974
9.238769531250057 6.186132812499977
9.373339843750017 6.319628906250003
9.442187500000017 6.37338867187502
9.490234375000028 6.418652343750011
9.574023437500045 6.470410156249983
9.659960937500074 6.531982421875
9.725585937500028 6.65
9.779882812500063 6.760156250000037
9.820703125000023 6.783935546875
9.874218750000011 6.803271484375031
10.038867187500074 6.921386718750028
10.1435546875 6.996435546875034
10.167773437500045 6.959179687499997
10.185546875000028 6.912792968750054
10.20546875000008 6.8916015625
10.293066406249977 6.876757812499989
10.413183593750034 6.877734375000017
10.48232421875008 6.891259765625009
10.519042968750028 6.93046875
10.556347656250068 7.037451171875048
10.578125 7.057714843749991
10.60625 7.06308593750002
10.737597656250045 6.988281249999972
10.846484375000017 6.88178710937504
10.954199218750034 6.776562500000011
11.008691406250023 6.73911132812502
11.032519531249989 6.697900390624966
11.0796875 6.505517578125037
11.106445312500057 6.457714843749969
11.1533203125 6.437939453125026
11.237304687500057 6.45053710937502
11.32460937500008 6.48466796874996
11.40175781250008 6.533935546875043
11.477539062499972 6.597412109375014
11.529101562500017 6.655029296875028
11.55166015625008 6.697265625000014
11.562988281249972 6.854638671875009
11.580078125 6.888867187499969
11.657519531250045 6.951562500000037
11.787011718750051 7.056201171875045
11.861425781250034 7.116406250000054
11.854785156250017 7.137988281250003
11.80859375 7.201953124999989
11.767382812500045 7.272265625
11.809179687500034 7.345068359375006
11.852441406250051 7.400732421874977
12.01601562500008 7.589746093750023
12.016601562500028 7.652001953125009
12.025195312499989 7.727783203125
12.155957031249983 7.942480468750034
12.23115234375004 8.227392578124991
12.233398437500057 8.282324218749991
12.311328125000017 8.419726562500003
12.403515625000068 8.595556640625034
12.582714843750068 8.624121093749991
12.651562500000068 8.667773437500003
12.731152343750011 8.745654296874974
12.782226562500028 8.817871093750028
12.806542968750023 8.886621093750009
12.824414062500011 9.019433593749966
12.855957031250057 9.170751953124977
12.875683593750068 9.303515625000031
12.929492187500017 9.426269531249986
13.019433593750051 9.488330078125017
13.17548828125004 9.539648437499991
13.198730468749972 9.563769531250017
13.221191406250028 9.645166015624994
13.238769531250057 9.814013671875017
13.24375 9.915917968749994
13.249804687500074 9.96005859375002
13.26992187499999 10.036181640624989
13.414550781249972 10.171435546875003
13.478515625000057 10.383251953124997
13.535351562499983 10.605078124999977
13.69990234375004 10.873144531249963
13.892089843750028 11.140087890624997
13.9814453125 11.211865234375054
14.056738281249977 11.245019531249966
14.14326171875004 11.248535156249972
14.202343750000068 11.268164062499977
14.409472656250074 11.401171874999989
14.496093750000057 11.446142578124991
14.559765625000068 11.492285156249977
14.57539062500004 11.532421874999983
14.581640624999977 11.591162109374963
14.561816406250045 11.728710937500011
14.597363281249983 11.829833984375
14.618164062500057 11.986621093749974
14.627148437500011 12.108691406249974
14.619726562500006 12.150976562499977
14.587011718750006 12.209423828124983
14.580957031250023 12.22207031249998
14.518945312499994 12.298242187500037
14.415429687500051 12.34414062499998
14.272851562500051 12.356494140625003
14.197460937500068 12.383789062499972
14.184863281250074 12.447216796875011
14.177636718750023 12.484082031249983
14.170312500000023 12.524072265625037
14.16005859375008 12.61279296875
14.063964843750028 13.078515625000023
14.244824218750011 13.077343750000054
14.461718750000074 13.021777343750003
14.516210937500063 12.979736328124972
14.544726562500017 12.82021484374998
14.623242187500011 12.729931640624969
14.761230468749972 12.65561523437502
14.847070312500051 12.502099609375009
14.880664062500074 12.26938476562502
14.956738281250011 12.130371093750043
14.97382812500004 12.108349609374997
15.059863281250074 11.907128906250037
15.08125 11.845507812500003
15.087695312500045 11.724365234375014
15.078027343750051 11.642578125000043
15.121972656250023 11.541259765625014
15.055468750000074 11.368554687499994
15.035742187500034 11.2625
15.029882812500006 11.113671875000037
15.068652343750074 10.85107421875
15.13222656250008 10.648486328125031
15.200976562500045 10.484521484375023
15.276074218750068 10.357373046875054
15.399902343750057 10.216894531250034
15.53193359375004 10.088476562499977
15.654882812500063 10.007812499999986
15.540917968750023 9.960302734374977
15.32001953125004 9.954296875
15.193164062500045 9.981494140625031
15.13271484375008 9.982861328125054
15.071582031250045 9.96596679687498
14.83583984375008 9.941699218750017
14.597949218750017 9.953076171875026
14.377246093749989 9.985058593750054
14.243261718750063 9.979736328125028
14.139746093750034 9.901806640624969
14.055957031250017 9.784375
13.97724609375004 9.691552734375037
14.004980468750006 9.588720703125048
14.064160156250068 9.531738281249986
14.177929687500068 9.406494140625043
14.280078125000017 9.285058593749994
14.332324218749989 9.20351562499999
14.536132812500028 9.025244140625006
14.732812500000051 8.865673828124997
14.771289062500074 8.839160156250017
14.826269531250006 8.810302734375
14.860742187499994 8.798632812500017
14.967968750000011 8.707275390624972
15.1162109375 8.557324218749969
15.252343750000023 8.322363281249977
15.349023437499994 8.083837890624963
15.442968750000034 7.85185546874996
15.484472656250063 7.812744140624986
15.549804687500057 7.787890624999989
15.557812499999983 7.738037109375043
15.552636718749994 7.664501953124983
15.532421875000068 7.604394531249994
15.480078125000063 7.523779296875006

