-81.33725585937503 19.329492187499966
-81.29648437499998 19.341357421875074
-81.284814453125 19.36254882812503
-81.13046875 19.346777343750006
-81.10712890624995 19.30517578124997
-81.224609375 19.304101562500023
-81.27729492187498 19.27739257812499
-81.30371093750003 19.271875
-81.40478515625 19.278417968750034
-81.419091796875 19.37475585937503
-81.39101562499997 19.384912109374966
-81.36953125000002 19.348876953125

-79.98876953125 19.702539062500023
-80.02075195312494 19.70683593749999
-80.09418945312498 19.665917968750023
-80.12587890624997 19.668359374999966
-80.11611328125002 19.682666015625045
-80.10092773437503 19.696093750000045
-80.08364257812497 19.706103515625017
-80.06757812499998 19.70996093750003
-80.0162109375 19.71826171875003
-79.99184570312502 19.719287109375045
-79.97509765624997 19.70996093750003
-79.97900390624997 19.70820312500001

-79.87006835937498 19.696679687499966
-79.90620117187498 19.702539062500023
-79.82421874999997 19.744091796874955
-79.803125 19.758105468750045
-79.78515625 19.765625
-79.766357421875 19.765722656250006
-79.74228515624998 19.757128906250045
-79.74228515624998 19.750878906249994
-79.823388671875 19.71191406249997

