22.930761718750063 10.7953125
22.96435546874997 10.751806640625034
23.25585937500003 10.4578125
23.312304687500074 10.387939453124972
23.456640625 10.174267578125054
23.545019531250063 10.030078124999989
23.64628906249999 9.822900390624966
23.65625 9.710351562500037
23.642773437499983 9.613916015625023
23.622656250000063 9.340625
23.59609375000008 9.261914062499983
23.468261718750057 9.114746093750028
23.462792968749994 9.048486328125023
23.489062500000017 8.99331054687498
23.528027343750068 8.970605468749966
23.551855468750034 8.943212890624991
23.53730468750001 8.815820312499966
23.58320312500001 8.765820312499997
23.679296875000063 8.732470703125045
23.921972656250034 8.709716796875028
24.048144531250074 8.691308593750009
24.147363281250023 8.665625
24.19482421875003 8.653369140625003
24.22089843750001 8.608251953125048
24.179980468750017 8.461132812500011
24.208398437500023 8.369140625
24.29140625000005 8.29140625
24.375488281250057 8.258447265625009
24.45605468750003 8.239453125000054
24.736718750000023 8.19155273437498
24.853320312500045 8.137548828124991
25.00722656250005 7.964843749999972
25.200390625000068 7.807910156249974
25.247363281250045 7.724560546875054
25.23867187500005 7.648974609375017
25.18134765625001 7.557226562499977
25.19013671875001 7.519335937499989
25.278906249999977 7.427490234375014
25.380664062500017 7.333398437500023
25.566601562500068 7.228710937500011
25.888964843750017 7.064941406250043
26.03652343750005 6.955224609374994
26.08691406250003 6.872119140625017
26.169335937500023 6.78173828125
26.28457031250005 6.699023437500017
26.36181640624997 6.635302734375003
26.308593750000057 6.455322265625014
26.324609375000023 6.396240234374972
26.353320312500017 6.344921875
26.420507812500034 6.274169921874972
26.44746093750001 6.183007812499966
26.514257812500034 6.069238281249966
26.59365234375005 6.017529296874997
26.72636718749999 5.998242187499983
26.796484375000063 5.945507812499983
26.942285156250023 5.854931640625011
27.08339843750008 5.77685546875
27.14394531250008 5.722949218750031
27.18125 5.675146484374977
27.21337890625 5.618798828125037
27.229101562500006 5.5625
27.232519531250006 5.440771484375006
27.25673828125005 5.289648437500034
27.33242187499999 5.186328125000045
27.403320312500057 5.109179687500045
27.11494140625001 5.197851562499991
27.071875 5.199755859375017
27.020605468749977 5.184375
26.870117187500057 5.075683593749972
26.822070312500045 5.062402343750023
26.76757812500003 5.071923828125009
26.632617187500074 5.085205078125043
26.173535156249983 5.171142578125057
25.819921875000063 5.253710937500003
25.713867187500057 5.283691406249986
25.52509765625004 5.31210937499999
25.40019531249999 5.255908203125003
25.28310546875005 5.062695312499983
25.24931640624999 5.024560546875037
25.065234375000074 4.967431640625037
24.97841796875005 4.982958984375003
24.765527343750023 4.930078124999966
24.437109375 5.009960937499997
24.31982421875 4.994140625000057
24.227734375000068 4.953857421875014
23.99169921875003 4.866259765625031
23.848437500000045 4.816357421874983
23.68183593750004 4.770800781250031
23.523632812500068 4.701269531249991
23.41718750000004 4.663134765625031
23.312890625000023 4.663525390625026
23.218847656250034 4.702978515624977
23.11591796875004 4.736914062499963
22.99287109375001 4.74384765625004
22.864550781250074 4.723876953124972
22.755761718750023 4.646679687499969
22.711718750000017 4.591748046874969
22.61718750000003 4.445556640625028
22.505664062500045 4.207666015624966
22.461816406249994 4.159765624999977
22.44970703125003 4.155126953125006
22.422167968750017 4.134960937499983
21.90820312500003 4.253906249999972
21.68701171875 4.28139648437498
21.53759765625 4.244824218749983
21.350195312500034 4.311376953125048
21.268359375000045 4.323095703125034
21.229785156250017 4.30219726562504
21.125585937500006 4.332177734375023
20.95576171875004 4.413134765624989
20.79296875 4.447314453125031
20.64746093750003 4.435644531249963
20.55810546875003 4.46269531249996
20.48652343750001 4.541552734375045
20.3935546875 4.686181640625023
20.226367187500045 4.829638671875031
20.00234375000005 4.944726562500023
19.8625 5.031298828124989
19.80654296875005 5.089306640624997
19.68603515625 5.121386718750045
19.500976562500057 5.127490234375045
19.32343750000004 5.070751953125026
19.068554687500068 4.89140625
18.83173828125004 4.5234375
18.69990234375001 4.382617187499989
18.59414062500005 4.346240234375045
18.567480468750034 4.257568359375014
18.619921875000074 4.11660156249998
18.633691406250023 3.95429687500004
18.59667968750003 3.678710937500028
18.610351562500057 3.478417968749994
18.553808593750006 3.510205078124983
18.499804687500017 3.60410156250002
18.474414062500074 3.62299804687504
18.318164062500045 3.580810546874972
18.237109375000045 3.542675781250026
18.193945312500063 3.505419921874989
18.160937500000074 3.499804687499989
18.111328125 3.55107421874996
18.072265625000057 3.560302734374972
18.01074218750003 3.550830078125003
17.94794921875004 3.551757812500014
17.90712890625005 3.558398437500031
17.88037109375003 3.553857421874994
17.80664062500003 3.58417968750004
17.537695312500034 3.661621093750014
17.49160156250005 3.687304687500003
17.437988281250057 3.684619140624989
17.298437500000034 3.617187500000014
17.224707031250034 3.598437500000017
17.002539062500063 3.556689453125031
16.76435546875004 3.536279296874966
16.673339843750057 3.535205078125017
16.610742187500023 3.505371093749972
16.570410156250063 3.463085937499969
16.543066406249977 3.36953125
16.49628906250004 3.208837890624963
16.476757812500068 3.16513671875002
16.480078125000034 3.100976562500009
16.46621093750005 2.993212890624989
16.459570312500034 2.896533203125017
16.46855468749999 2.831738281250054
16.40126953125005 2.701025390624977
16.319628906250045 2.542773437499974
16.251757812500074 2.406787109374989
16.183398437500074 2.270068359375017
16.13613281250005 2.363769531250014
16.106738281250017 2.473486328124977
16.095507812500017 2.59921875000002
16.101855468750074 2.632666015624991
16.083496093750057 2.670019531249963
16.082128906250063 2.678173828125026
16.05927734375001 2.772998046874989
16.082421875000023 2.839111328125043
16.06347656249997 2.90859375
16.00820312499999 2.976660156249991
15.9580078125 3.028710937500037
15.928710937500057 3.075781250000034
15.904882812500006 3.095849609375037
15.84931640625004 3.103076171874989
15.775 3.127197265625028
15.676562500000017 3.229687500000026
15.580859375000074 3.329296874999983
15.45839843750008 3.456835937500031
15.360156250000045 3.567138671875028
15.239843750000063 3.7021484375
15.128710937500074 3.826904296875028
15.062109375 3.947216796875026
15.03486328125004 4.016357421874986
15.0673828125 4.02294921875
15.115429687500011 4.024462890625031
15.135839843750006 4.036914062500003
15.13691406250004 4.069140624999989
15.0875 4.163964843750037
15.063574218750034 4.284863281249969
15.022753906250045 4.35854492187498
14.893554687500028 4.471875
14.77041015625008 4.558105468750043
14.73125 4.602392578125006
14.708984375 4.665576171875003
14.661718750000034 5.065527343750034
14.640625 5.179052734374977
14.601757812500011 5.228808593749989
14.573535156250017 5.251708984375043
14.56298828125 5.279931640625009
14.568066406250068 5.351074218750028
14.584375 5.41474609375004
14.583593750000034 5.43964843750004
14.616894531250068 5.495507812499966
14.616894531250068 5.865136718750037
14.598828125000011 5.883984374999969
14.577246093750063 5.916015625000014
14.54248046875 5.913574218750057
14.503125 5.916894531250023
14.463867187500057 5.970703125000057
14.431152343750057 6.038720703124966
14.440722656250045 6.086718749999974
14.475 6.126806640624977
14.512109375000023 6.161914062500017
14.559375 6.191210937500031
14.699511718750017 6.250244140624986
14.739257812500028 6.279785156250057
14.764062500000023 6.31635742187504
14.780371093750063 6.365722656249972
14.861914062500063 6.555712890625045
14.982714843750074 6.74531250000004
15.03457031250008 6.784423828125014
15.086328125000051 6.909912109375
15.15712890625008 7.063574218750034
15.185839843750074 7.134912109375009
15.206738281250068 7.206152343750034
15.245898437500045 7.263574218750009
15.379101562500011 7.358154296875014
15.480078125000063 7.523779296875006
15.589257812499994 7.515039062499994
15.701269531250006 7.488427734374994
15.845019531250074 7.475292968749983
15.957617187500006 7.507568359374986
16.03066406250005 7.572119140624991
16.19111328125004 7.623437499999966
16.37890625000003 7.68354492187504
16.404394531250063 7.772363281250023
16.459375 7.818994140625009
16.523242187500045 7.859960937500006
16.5453125 7.865478515624986
16.550195312500023 7.835888671874997
16.588964843750006 7.743359374999969
16.668359375000023 7.651757812500051
16.784765625000034 7.55097656250004
16.818164062500074 7.557324218749997
16.89033203125004 7.633691406250009
17.07197265625001 7.680810546875023
17.117968750000045 7.701904296875057
17.24697265625005 7.812988281250028
17.402148437500045 7.88457031249996
17.436425781249994 7.890917968750017
17.49267578125 7.909814453125037
17.649414062500057 7.983593749999969
17.760839843750006 7.973828125000026
17.94013671875004 7.985449218749991
18.238867187500063 8.020361328125006
18.455078125000057 8.032031249999989
18.564160156250068 8.045898437500057
18.591601562500074 8.060791015624986
18.633593750000017 8.167724609375
18.666210937500068 8.197705078124983
18.747460937500023 8.243798828125051
18.906445312499983 8.405078125000045
19.010839843750034 8.541210937499983
19.039843750000074 8.586914062500057
19.04238281250005 8.590283203125026
19.06386718750008 8.598828125
19.108691406250074 8.656152343750037
19.064160156250068 8.715429687500034
18.886035156250017 8.836035156250006
18.88857421875008 8.852490234374983
18.878320312500023 8.873193359375023
18.888281250000034 8.88974609375002
18.95625 8.938867187499994
19.04785156250003 8.995019531249966
19.14550781250003 9.015966796874977
19.40029296875005 9.01162109374998
19.617480468750074 9.023583984375023
19.66835937500005 9.020898437500009
19.83769531249999 9.049365234375031
19.95351562500005 9.07514648437504
20.07265625000008 9.133203124999966
20.342089843750074 9.127099609374966
20.566894531250057 9.274951171874974
20.631445312500063 9.301367187500034
20.65966796875003 9.324511718750045
20.668164062500068 9.347119140625026
20.773242187500074 9.405664062499966
20.89101562499999 9.527148437500017
20.984179687500074 9.63627929687496
21.009472656250068 9.713232421875006
21.26386718750001 9.974609375000057
21.35244140625005 9.969140625
21.39599609375003 10.001367187499994
21.496875 10.17568359374998
21.52802734375001 10.2078125
21.575781250000063 10.218554687500017
21.632714843750023 10.238281250000043
21.682714843750006 10.289843749999974
21.725781250000068 10.366552734374963
21.726171875000063 10.461621093749969
21.706542968750057 10.537890624999974
21.706542968750057 10.574804687500034
21.73066406250001 10.608691406250003
21.771484375000057 10.642822265625028
21.96484375 10.736669921874963
22.013769531250034 10.782031249999974
22.043164062500068 10.822705078124997
22.097167968750057 10.830078124999986
22.15625 10.826074218749966
22.19365234374999 10.851367187499974
22.2359375 10.894140624999977
22.36982421875001 10.951513671875034
22.49384765625004 10.996240234374994
22.6240234375 10.977343749999974
22.730175781250068 10.954052734375026
22.817382812500057 10.927197265624969
22.86005859375004 10.919677734375028

