23.980664062499983 19.050585937500074
23.981054687499977 18.604541015625045
23.98144531249997 18.158496093750045
23.98183593750005 17.71240234375003
23.982226562500045 17.266357421875
23.982519531250006 16.820263671874983
23.98291015625 16.374218749999983
23.983300781249994 15.928125
23.98339843750003 15.780175781250023
23.970800781250034 15.721533203125063
23.96523437500005 15.713427734375017
23.94599609375004 15.703515625000023
23.70820312500001 15.744970703125034
23.60400390625 15.745996093749994
23.4580078125 15.713964843750034
23.24345703124999 15.697216796874983
23.105175781250068 15.702539062500023
23.00917968750005 15.625830078125006
22.933886718750074 15.533105468750051
22.969531250000045 15.311328124999974
22.96132812500008 15.238134765624991
22.93232421875004 15.162109375000043
22.8671875 15.096630859375026
22.80214843750005 15.044433593750057
22.763281250000063 14.998681640624966
22.714941406250063 14.898388671875054
22.679199218750057 14.851464843749994
22.682421875000017 14.788623046874989
22.670898437500057 14.722460937500003
22.6318359375 14.68808593750002
22.532031250000017 14.662744140625009
22.467773437500057 14.63334960937506
22.41621093750004 14.585205078125014
22.381542968749983 14.550488281250054
22.399707031250045 14.504199218750031
22.425 14.441210937499989
22.43935546875005 14.342138671874977
22.449316406250034 14.284228515624989
22.498339843750074 14.237060546874972
22.528222656250023 14.203222656250006
22.53857421875 14.161865234375014
22.50996093750004 14.127441406250014
22.38818359375003 14.05551757812502
22.33935546875003 14.028857421875003
22.283496093750017 13.992333984375023
22.26210937500008 13.978710937500011
22.173144531250074 13.910595703124983
22.128222656250074 13.850146484375017
22.1064453125 13.799804687499972
22.107617187500068 13.730322265625034
22.152929687500063 13.626416015624997
22.202343749999983 13.538085937500028
22.22138671875004 13.471630859374997
22.23261718750004 13.398779296874991
22.228125 13.329589843750014
22.202636718750057 13.269335937499989
22.158007812500017 13.21503906250004
21.99023437500003 13.11308593749996
21.90771484375 13.000976562500028
21.841796875 12.864746093749986
21.825292968750006 12.790527343749972
21.843359375000034 12.741210937500043
21.878125 12.699365234375051
21.928125 12.678125
22.00068359375004 12.671875
22.121191406250063 12.694580078125057
22.2333984375 12.709472656249972
22.35234374999999 12.660449218750031
22.41445312500005 12.546386718749972
22.390234374999977 12.462988281250034
22.43525390625001 12.31191406249998
22.47548828125005 12.129248046874991
22.472460937500045 12.06777343749998
22.489843750000034 12.044726562500003
22.564355468750023 12.032958984375
22.580957031250023 11.99013671874998
22.556347656249983 11.669531250000034
22.591113281250045 11.579882812499974
22.641015625000023 11.515917968750003
22.697363281250034 11.482666015624972
22.754003906250034 11.439843750000051
22.783398437500068 11.409960937500003
22.849023437500023 11.403271484374969
22.922656250000017 11.344873046874966
22.942773437500023 11.267187500000048
22.937695312500068 11.192041015625009
22.894824218750017 11.029003906250011
22.86005859375004 10.919677734375028
22.817382812500057 10.927197265624969
22.730175781250068 10.954052734375026
22.6240234375 10.977343749999974
22.49384765625004 10.996240234374994
22.36982421875001 10.951513671875034
22.2359375 10.894140624999977
22.19365234374999 10.851367187499974
22.15625 10.826074218749966
22.097167968750057 10.830078124999986
22.043164062500068 10.822705078124997
22.013769531250034 10.782031249999974
21.96484375 10.736669921874963
21.771484375000057 10.642822265625028
21.73066406250001 10.608691406250003
21.706542968750057 10.574804687500034
21.706542968750057 10.537890624999974
21.726171875000063 10.461621093749969
21.725781250000068 10.366552734374963
21.682714843750006 10.289843749999974
21.632714843750023 10.238281250000043
21.575781250000063 10.218554687500017
21.52802734375001 10.2078125
21.496875 10.17568359374998
21.39599609375003 10.001367187499994
21.35244140625005 9.969140625
21.26386718750001 9.974609375000057
21.009472656250068 9.713232421875006
20.984179687500074 9.63627929687496
20.89101562499999 9.527148437500017
20.773242187500074 9.405664062499966
20.668164062500068 9.347119140625026
20.65966796875003 9.324511718750045
20.631445312500063 9.301367187500034
20.566894531250057 9.274951171874974
20.342089843750074 9.127099609374966
20.07265625000008 9.133203124999966
19.95351562500005 9.07514648437504
19.83769531249999 9.049365234375031
19.66835937500005 9.020898437500009
19.617480468750074 9.023583984375023
19.40029296875005 9.01162109374998
19.14550781250003 9.015966796874977
19.04785156250003 8.995019531249966
18.95625 8.938867187499994
18.888281250000034 8.88974609375002
18.878320312500023 8.873193359375023
18.88857421875008 8.852490234374983
18.886035156250017 8.836035156250006
19.064160156250068 8.715429687500034
19.108691406250074 8.656152343750037
19.06386718750008 8.598828125
19.04238281250005 8.590283203125026
19.039843750000074 8.586914062500057
19.010839843750034 8.541210937499983
18.906445312499983 8.405078125000045
18.747460937500023 8.243798828125051
18.666210937500068 8.197705078124983
18.633593750000017 8.167724609375
18.591601562500074 8.060791015624986
18.564160156250068 8.045898437500057
18.455078125000057 8.032031249999989
18.238867187500063 8.020361328125006
17.94013671875004 7.985449218749991
17.760839843750006 7.973828125000026
17.649414062500057 7.983593749999969
17.49267578125 7.909814453125037
17.436425781249994 7.890917968750017
17.402148437500045 7.88457031249996
17.24697265625005 7.812988281250028
17.117968750000045 7.701904296875057
17.07197265625001 7.680810546875023
16.89033203125004 7.633691406250009
16.818164062500074 7.557324218749997
16.784765625000034 7.55097656250004
16.668359375000023 7.651757812500051
16.588964843750006 7.743359374999969
16.550195312500023 7.835888671874997
16.5453125 7.865478515624986
16.523242187500045 7.859960937500006
16.459375 7.818994140625009
16.404394531250063 7.772363281250023
16.37890625000003 7.68354492187504
16.19111328125004 7.623437499999966
16.03066406250005 7.572119140624991
15.957617187500006 7.507568359374986
15.845019531250074 7.475292968749983
15.701269531250006 7.488427734374994
15.589257812499994 7.515039062499994
15.480078125000063 7.523779296875006
15.532421875000068 7.604394531249994
15.552636718749994 7.664501953124983
15.557812499999983 7.738037109375043
15.549804687500057 7.787890624999989
15.484472656250063 7.812744140624986
15.442968750000034 7.85185546874996
15.349023437499994 8.083837890624963
15.252343750000023 8.322363281249977
15.1162109375 8.557324218749969
14.967968750000011 8.707275390624972
14.860742187499994 8.798632812500017
14.826269531250006 8.810302734375
14.771289062500074 8.839160156250017
14.732812500000051 8.865673828124997
14.536132812500028 9.025244140625006
14.332324218749989 9.20351562499999
14.280078125000017 9.285058593749994
14.177929687500068 9.406494140625043
14.064160156250068 9.531738281249986
14.004980468750006 9.588720703125048
13.97724609375004 9.691552734375037
14.055957031250017 9.784375
14.139746093750034 9.901806640624969
14.243261718750063 9.979736328125028
14.377246093749989 9.985058593750054
14.597949218750017 9.953076171875026
14.83583984375008 9.941699218750017
15.071582031250045 9.96596679687498
15.13271484375008 9.982861328125054
15.193164062500045 9.981494140625031
15.32001953125004 9.954296875
15.540917968750023 9.960302734374977
15.654882812500063 10.007812499999986
15.53193359375004 10.088476562499977
15.399902343750057 10.216894531250034
15.276074218750068 10.357373046875054
15.200976562500045 10.484521484375023
15.13222656250008 10.648486328125031
15.068652343750074 10.85107421875
15.029882812500006 11.113671875000037
15.035742187500034 11.2625
15.055468750000074 11.368554687499994
15.121972656250023 11.541259765625014
15.078027343750051 11.642578125000043
15.087695312500045 11.724365234375014
15.08125 11.845507812500003
15.059863281250074 11.907128906250037
14.97382812500004 12.108349609374997
14.956738281250011 12.130371093750043
14.880664062500074 12.26938476562502
14.847070312500051 12.502099609375009
14.761230468749972 12.65561523437502
14.623242187500011 12.729931640624969
14.544726562500017 12.82021484374998
14.516210937500063 12.979736328124972
14.461718750000074 13.021777343750003
14.244824218750011 13.077343750000054
14.063964843750028 13.078515625000023
13.93232421875004 13.258496093750011
13.763476562500017 13.489550781250003
13.60634765625008 13.704589843750028
13.505761718749994 14.134423828125023
13.4482421875 14.380664062500003
13.513671875000028 14.455517578124983
13.642382812500045 14.63076171874998
13.807128906250028 14.966113281249989
14.178222656250057 15.484765624999966
14.367968750000074 15.750146484375023
14.746679687500034 16.146630859374966
15.212109375000011 16.633886718750034
15.47431640625004 16.90839843750001
15.516699218750063 17.408496093750017
15.561523437500028 17.937255859375
15.595507812500045 18.337060546874994
15.63759765625008 18.81083984374999
15.672949218750006 19.206787109375
15.69863281250008 19.495214843750063
15.73505859375004 19.90405273437503
15.766210937500006 19.98256835937505
15.948828124999977 20.303173828124983
15.963183593750074 20.346191406250057
15.929296875 20.399853515624955
15.668457031250057 20.67236328124997
15.587109375000011 20.73330078125005
15.540332031250074 20.874902343750023
15.607324218750051 20.954394531250045
15.293652343750011 21.411523437500023
15.215820312500057 21.467431640625023
15.18183593750004 21.523388671874983
15.177832031250034 21.605810546874977
15.172265625000051 21.92207031250001
15.088964843750034 22.418359374999966
14.979003906250028 22.996191406250006
15.347460937500045 23.160693359375017
15.627148437500011 23.285742187500006
15.984082031250068 23.445214843749994
16.315039062499977 23.281835937500006
16.794140625000068 23.045263671875063
17.273242187500074 22.808691406250006
17.752246093750045 22.572119140625034
18.231347656250023 22.335546875000063
18.71044921875003 22.098974609375006
19.189453125 21.862402343750034
19.668554687500006 21.625830078124977
20.147656249999983 21.389257812500006
20.626757812500074 21.152636718750017
21.10585937500008 20.916113281249977
21.58496093749997 20.679492187500017
22.064062500000063 20.442919921875045
22.543066406250034 20.206347656250074
23.02216796875004 19.969775390625017
23.501269531250017 19.733203125000045
23.980273437500017 19.49663085937499

