-67.61142578125003 -55.89169921875
-67.69951171874996 -55.87314453125004
-67.83154296875003 -55.864843750000034
-67.84643554687497 -55.857226562499996
-67.84970703125 -55.84257812500003
-67.83408203125 -55.82753906249999
-67.762060546875 -55.816113281250054
-67.54482421874997 -55.825976562500024
-67.51728515624995 -55.8328125
-67.50981445312496 -55.844335937500034
-67.54526367187498 -55.87744140625003
-67.57519531250003 -55.88964843750003

-67.32529296875 -55.78476562499998
-67.35224609375001 -55.76601562499997
-67.39335937500002 -55.752734375000024
-67.55996093749994 -55.72480468750002
-67.56347656249994 -55.70781250000002
-67.54614257812497 -55.68369140624999
-67.51279296875003 -55.662011718750016
-67.44882812499995 -55.640625
-67.39736328124997 -55.58515625
-67.37407226562502 -55.58935546875004
-67.35058593750003 -55.61210937500006
-67.31044921875002 -55.688671875000026
-67.262451171875 -55.74375
-67.26728515625001 -55.76279296875003
-67.28886718749996 -55.776855468749964

-66.55170898437498 -55.27285156249996
-66.61113281250002 -55.26992187499998
-66.63017578124999 -55.25410156250005
-66.63662109374997 -55.234375
-66.62475585937503 -55.21308593750004
-66.59970703124998 -55.19365234374999
-66.54155273437496 -55.16943359375003
-66.52314453125001 -55.16552734375003
-66.435791015625 -55.18974609374999
-66.47211914062501 -55.22910156250001

-67.10947265625 -55.192089843750026
-67.17255859374998 -55.242578125
-67.25742187500003 -55.28183593750001
-67.339697265625 -55.29257812499998
-67.39926757812498 -55.27226562500002
-67.42939453124998 -55.23652343750002
-67.44326171874997 -55.201171875
-67.4634765625 -55.18173828125005
-67.49472656249998 -55.17744140624997
-67.53525390624998 -55.17851562500001
-67.58520507812503 -55.191992187500006
-67.69145507812502 -55.24296875
-67.73696289062494 -55.25644531249999
-67.76777343750001 -55.2595703125
-68.07001953124995 -55.22109375
-68.09951171875 -55.20683593750001
-68.13510742187498 -55.17265625000006
-68.17431640624997 -55.071289062500014
-68.3013671875 -54.980664062500026
-68.10693359375 -54.929394531249976
-67.87412109375 -54.929687500000036
-67.424560546875 -54.96894531250004
-67.24526367187497 -54.977636718750034
-67.10732421875002 -55.06357421875004
-67.08549804687502 -55.115234375
-67.07993164062503 -55.15380859375004

-68.90078125 -55.01777343750004
-68.65351562499998 -54.95791015625001
-68.45800781250003 -54.95966796875001
-68.3998046875 -55.0419921875
-68.59809570312498 -55.1283203125
-68.61328124999994 -55.155566406250045
-68.58554687499998 -55.17773437500003
-68.38173828124994 -55.19160156250001
-68.330078125 -55.21943359375
-68.28266601562501 -55.255175781249996
-68.32275390625 -55.30820312499996
-68.3265625 -55.33271484374998
-68.30541992187503 -55.356640624999976
-68.15258789062497 -55.43691406249999
-68.08989257812499 -55.47832031249998
-68.05830078124995 -55.51796875
-68.04555664062502 -55.5875
-68.04833984374997 -55.64316406249999
-68.08266601562494 -55.6505859375
-68.157080078125 -55.633691406250016
-68.22963867187497 -55.60156250000004
-68.29335937499997 -55.521386718749966
-68.33803710937502 -55.505273437499966
-68.46669921875002 -55.48906250000004
-68.59418945312498 -55.45
-68.69355468749995 -55.45224609375
-68.78500976562503 -55.43564453124999
-68.86704101562495 -55.45019531250003
-68.89614257812502 -55.423828124999986
-68.931298828125 -55.37060546874998
-68.93208007812498 -55.34736328125004
-68.88896484374999 -55.26328125000005
-68.89008789062495 -55.24121093749999
-68.91264648437502 -55.23857421874999
-69.00820312500002 -55.25576171875003
-69.04682617187498 -55.24433593750001
-69.15078124999994 -55.18339843750003
-69.19262695312503 -55.171875
-69.29707031249998 -55.1658203125
-69.35615234374995 -55.27392578125
-69.35922851562495 -55.30068359375003
-69.29902343749995 -55.36933593749998
-69.18085937499995 -55.474804687499976
-69.2408203125 -55.47675781250002
-69.41181640625001 -55.444238281249966
-69.455712890625 -55.424023437500026
-69.50869140625002 -55.37089843750004
-69.61025390625002 -55.339941406250034
-69.6458984375 -55.32089843749998
-69.65629882812499 -55.29843750000002
-69.65737304687494 -55.22900390624999
-69.679833984375 -55.21894531249999
-69.82402343749996 -55.23652343750002
-69.85371093749998 -55.21982421874999
-69.86577148437496 -55.190625
-69.88676757812496 -55.17412109375
-69.97978515624999 -55.14746093749999
-69.98798828124998 -55.130761718749966
-69.94653320312497 -55.11103515625003
-69.92084960937498 -55.06113281249999
-69.88442382812502 -54.88203125
-69.702978515625 -54.91904296875

-70.94511718750002 -54.93134765625002
-70.92792968749998 -54.942968749999984
-70.80483398437494 -54.96767578124996
-70.74931640625002 -54.95273437500002
-70.61528320312496 -54.94560546874999
-70.534765625 -54.92128906250001
-70.41752929687499 -54.90888671874997
-70.28305664062495 -55.065917968749986
-70.29785156249994 -55.113769531249964
-70.40415039062503 -55.165625
-70.47558593750003 -55.17705078124998
-70.54345703125 -55.161328124999976
-70.538720703125 -55.13496093750002
-70.55107421874993 -55.111914062500034
-70.59746093749999 -55.082031249999986
-70.64091796874996 -55.08486328125003
-70.71098632812502 -55.10693359374999
-70.74443359374999 -55.10419921874997
-70.81547851562499 -55.07988281249999
-70.93984375 -55.06191406249997
-70.96450195312497 -55.03964843749996
-70.96728515625 -55.00683593750003
-70.99072265624997 -54.990429687499976
-71.120361328125 -54.937792968749996
-71.20332031249995 -54.892968750000016
-71.27363281249998 -54.886914062500026
-71.29931640624997 -54.892285156250054
-71.32534179687502 -54.91376953124999
-71.38857421875002 -54.93427734374999
-71.406640625 -54.930859375
-71.42690429687502 -54.91376953124999
-71.43720703124998 -54.88925781249997
-71.41054687499997 -54.839355468750014
-71.37426757812497 -54.83457031250002
-71.19707031250002 -54.84443359374998
-71.08862304687503 -54.86748046875006
-70.9916015625 -54.86796874999998

-71.16875 -54.11259765625002
-71.02192382812495 -54.111816406250036
-71.02285156249997 -54.161718749999984
-71.00488281250003 -54.24667968749998
-71.02802734374995 -54.28115234374998
-71.08295898437495 -54.31630859375004
-71.11752929687498 -54.36630859375001
-71.14326171874998 -54.374023437499986
-71.30463867187498 -54.31357421875001
-71.47329101562497 -54.23115234375001
-71.55810546875003 -54.24560546875002
-71.67060546874993 -54.22539062499999
-71.76123046875 -54.229785156249996
-71.81757812499995 -54.276464843750006
-71.94853515624999 -54.300878906250006
-71.97236328124995 -54.20722656250002
-72.09155273437497 -54.11875
-72.21044921874997 -54.04775390625004
-72.14604492187499 -53.93886718749997
-72.0689453125 -53.92128906250003
-71.99648437499997 -53.884863281249984
-71.70512695312496 -53.92333984375001
-71.55415039062501 -53.95605468750001
-71.39047851562498 -54.03281250000001

-72.89628906249996 -53.56279296875
-72.88222656249994 -53.57832031249997
-72.809375 -53.56533203124999
-72.68549804687501 -53.55791015624999
-72.482275390625 -53.588085937500004
-72.45922851562503 -53.598828124999976
-72.372900390625 -53.6875
-72.30668945312502 -53.725390625
-72.205419921875 -53.80742187500002
-72.30625 -53.86210937500005
-72.36596679687503 -53.940820312500016
-72.36914062499997 -53.98076171874998
-72.408544921875 -54.003808593749966
-72.47050781250002 -54.02773437499996
-72.562890625 -54.07373046875
-72.6765625 -54.07890624999999
-72.78862304687499 -54.103125
-72.84038085937496 -54.125097656249984
-72.87099609374997 -54.12656250000002
-72.90727539062499 -54.11464843749999
-72.94609374999999 -54.09208984375001
-72.95859374999998 -54.06591796875001
-72.88173828125002 -54.04160156250003
-72.78168945312498 -53.95478515625002
-72.76376953124998 -53.86484375
-72.87172851562494 -53.84853515624995
-72.9361328125 -53.86083984374997
-72.98422851562503 -53.860546875
-73.039453125 -53.83281250000004
-73.07304687500002 -53.87529296874999
-73.08554687499998 -53.91591796875
-73.07084960937502 -53.97802734375004
-73.08076171874998 -53.998046875000036
-73.11997070312498 -54.009375
-73.21064453124998 -53.985839843750036
-73.30473632812496 -53.94394531250003
-73.31215820312497 -53.91962890625005
-73.29287109374994 -53.83583984375003
-73.294921875 -53.79208984375
-73.31435546874997 -53.729199218749976
-73.32480468749998 -53.72265624999998
-73.36010742187497 -53.72402343749999
-73.47094726562497 -53.73613281250006
-73.58164062499998 -53.655468750000054
-73.64150390625 -53.57031250000003
-73.845458984375 -53.54580078125001
-73.68652343750003 -53.42685546875002
-73.44707031250002 -53.41005859374997
-73.365869140625 -53.47021484374997
-73.09936523437494 -53.51191406250003
-73.11533203125 -53.44804687499999
-73.11088867187499 -53.42519531250004
-73.07431640625 -53.396777343750024
-73.05361328124997 -53.39443359374999
-73.0220703125 -53.41455078125
-72.970947265625 -53.42304687500005
-72.94726562499997 -53.442480468750006
-72.92324218749997 -53.48164062499999

-74.36933593749995 -52.93144531249999
-74.32998046875002 -52.929296875
-74.27460937499993 -52.94550781250001
-74.06596679687496 -52.965332031249964
-73.87919921875002 -53.012207031250014
-73.78178710937499 -53.05605468749997
-73.65400390624998 -53.06982421875003
-73.54926757812495 -53.12568359375004
-73.504541015625 -53.14003906250003
-73.45058593750002 -53.14433593750002
-73.31035156249996 -53.24765625000002
-73.30249023437494 -53.259472656250026
-73.14335937499996 -53.34091796875001
-73.13520507812498 -53.35390625
-73.22573242187494 -53.35839843750002
-73.409375 -53.320507812500026
-73.50102539062499 -53.31845703124996
-73.56728515625 -53.3068359375
-73.5828125 -53.30019531249997
-73.59594726562497 -53.25292968750003
-73.61708984375 -53.2296875
-73.79350585937496 -53.120703125
-73.866943359375 -53.096875
-73.99399414062495 -53.07578125
-74.13857421875002 -53.09052734374998
-74.23637695312496 -53.076464843750045
-74.27021484375001 -53.081542968750014
-74.41440429687498 -52.994921875000045
-74.55830078124998 -52.921875
-74.61992187499993 -52.83476562500001
-74.71152343750003 -52.768164062500034
-74.71201171874995 -52.74873046874998
-74.66997070312502 -52.73388671874998
-74.57153320312503 -52.771289062500045
-74.47456054687498 -52.83564453125001
-74.422265625 -52.86005859375001
-74.3857421875 -52.92236328125001

-69.07993164062498 -52.67431640625001
-68.78979492187503 -52.57675781250003
-68.75751953124995 -52.582031250000036
-68.65922851562499 -52.63154296875
-68.62993164062496 -52.65263671875003
-68.63168945312498 -52.94951171875003
-68.63344726562497 -53.24189453125
-68.63505859374996 -53.51542968750004
-68.63666992187501 -53.78886718750005
-68.63823242187499 -54.052929687500026
-68.63979492187502 -54.32402343750001
-68.64750976562499 -54.62783203125
-68.65322265625002 -54.85361328124999
-68.80385742187497 -54.85361328124999
-68.84355468749996 -54.876757812499996
-69.08164062499998 -54.90986328124999
-69.48627929687498 -54.85888671875
-69.58754882812502 -54.812792968750024
-69.72343749999999 -54.712109375000026
-69.771826171875 -54.73916015625003
-69.89946289062496 -54.78183593750002
-70.03051757812503 -54.81552734375005
-70.1380859375 -54.81923828125
-70.23779296874997 -54.77753906250003
-70.25908203124996 -54.75634765624998
-70.28173828124997 -54.751757812500024
-70.49716796874998 -54.809570312499986
-70.73515625 -54.75058593750005
-70.92470703125002 -54.71435546875004
-71.229248046875 -54.69414062500001
-71.44091796875003 -54.619628906250014
-71.83154296875003 -54.62617187500002
-71.90156250000001 -54.60156249999998
-71.927734375 -54.528710937499966
-71.90698242187494 -54.49482421874999
-71.82343749999998 -54.47441406250001
-71.80014648437503 -54.43398437500003
-71.7158203125 -54.443652343750045
-71.60629882812498 -54.49716796875003
-71.57275390624997 -54.4953125
-71.500390625 -54.44492187500004
-71.39340820312503 -54.40019531249999
-71.355224609375 -54.39541015624999
-71.15883789062494 -54.45058593750004
-71.07993164062503 -54.44423828124999
-70.96645507812502 -54.41953125000002
-70.94619140624997 -54.39804687499999
-70.92817382812493 -54.36005859374998
-70.89824218749996 -54.33789062499999
-70.797265625 -54.32724609375005
-70.69882812500003 -54.348828125
-70.68754882812493 -54.41474609375002
-70.70112304687495 -54.485449218750034
-70.57299804687497 -54.504394531249986
-70.41791992187498 -54.502246093749996
-70.31098632812495 -54.52851562500002
-70.29765625000002 -54.485546875000054
-70.46831054687496 -54.373242187500004
-70.53999023437498 -54.30341796874999
-70.63613281249994 -54.26230468750005
-70.75986328125003 -54.241308593750034
-70.86308593749999 -54.11044921875002
-70.85673828124996 -53.995800781250026
-70.86772460937496 -53.88417968750002
-70.64448242187495 -53.82285156250005
-70.69560546874999 -53.72744140624997
-70.61875 -53.655078124999974
-70.53129882812499 -53.62734375
-70.44316406249999 -53.89345703124996
-70.37973632812503 -53.98671875000004
-70.46054687499998 -54.00566406249999
-70.62983398437501 -54.00556640624997
-70.53530273437502 -54.136132812500016
-70.37998046874998 -54.18066406250003
-70.24609374999997 -54.27744140625003
-70.24335937499995 -54.34765625000003
-70.16899414062499 -54.37929687499999
-69.99013671874997 -54.381347656249964
-69.86699218750002 -54.36748046874998
-69.80908203125003 -54.32080078124998
-69.74184570312502 -54.30585937500004
-69.62167968749995 -54.3640625
-69.41928710937503 -54.40712890624998
-69.36479492187502 -54.43759765624997
-69.32509765625002 -54.48818359374997
-69.32246093750001 -54.54267578124997
-69.31206054687493 -54.571484374999976
-69.25317382812503 -54.557421875000045
-69.16918945312497 -54.48330078124995
-69.12788085937498 -54.45761718750005
-69.07724609374998 -54.44501953124997
-69.04521484375002 -54.428417968750054
-69.04433593750002 -54.406738281249986
-69.19565429687503 -54.35439453124998
-69.988134765625 -54.10908203125001
-70.08559570312497 -54.01113281250004
-70.151123046875 -53.888085937500016
-70.14882812499997 -53.7611328125
-70.09111328125002 -53.72177734374998
-69.94970703125 -53.671582031250054
-69.68974609374996 -53.60087890625004
-69.38994140624999 -53.49941406249997
-69.35244140625 -53.47998046875001
-69.35595703125 -53.41630859375
-69.39355468750003 -53.37343749999997
-69.512548828125 -53.341992187500054
-69.63701171874996 -53.33408203125004
-69.75561523437497 -53.33720703125005
-69.87412109374995 -53.35048828125001
-70.09038085937496 -53.418164062500026
-70.21284179687495 -53.41396484374997
-70.32929687499995 -53.37763671875003
-70.41567382812497 -53.30478515625002
-70.46025390624999 -53.20625
-70.45996093750003 -53.143359375
-70.44335937500003 -53.085546875000034
-70.39067382812496 -53.026464843749984
-70.32001953124995 -53.000683593749976
-70.25634765625003 -53.00410156250005
-70.19648437500001 -52.99023437499998
-70.16088867187503 -52.96992187500001
-70.130615234375 -52.94277343749999
-70.13955078124994 -52.91933593750001
-70.16274414062497 -52.89902343750005
-70.2591796875 -52.85722656250006
-70.29736328125003 -52.816992187500034
-70.38012695312503 -52.751953125000014
-70.33491210937495 -52.73378906249996
-70.18964843749993 -52.72363281250002
-70.08823242187498 -52.76855468750002
-69.99355468749997 -52.82128906250002
-69.93544921875002 -52.82109374999998
-69.88320312499994 -52.79902343750001
-69.76357421875 -52.731347656249994
-69.66328124999998 -52.64628906249998
-69.571875 -52.549316406250036
-69.49838867187498 -52.49140625000005
-69.41406250000003 -52.48623046874997
-69.16704101562496 -52.66757812499997

-74.17207031250001 -51.94208984375005
-74.28310546874997 -51.91875
-74.33867187500002 -51.89794921875003
-74.42363281250002 -51.84511718750001
-74.437109375 -51.790625
-74.47539062499999 -51.72568359375001
-74.45078125000003 -51.72490234375003
-74.36210937499999 -51.75068359375005
-74.32568359375003 -51.770214843750026
-74.27705078124998 -51.81162109375003
-74.13339843750003 -51.870898437500024
-74.11542968750001 -51.88847656250005
-74.118896484375 -51.91113281249996
-74.14218749999995 -51.93105468750002

-74.78012695312498 -51.82470703125003
-74.74951171874997 -51.85185546875005
-74.64746093749994 -51.86621093750004
-74.53681640624998 -51.96513671875004
-74.53183593750003 -51.9919921875
-74.66596679687498 -52.16005859374996
-74.69448242187502 -52.27919921874998
-74.85180664062503 -52.270703125000026
-74.91772460937503 -52.152246093749966
-75.01713867187496 -52.037890625000024
-75.05068359374994 -51.90390625
-75.10537109375 -51.78886718750001
-75.00810546874996 -51.72373046874997
-74.91518554687497 -51.73828125
-74.90966796875 -51.65
-74.82294921875001 -51.63017578125001

-74.56088867187498 -51.36083984375003
-74.59257812499996 -51.3875
-74.62036132812503 -51.395703125000026
-74.69072265624996 -51.370214843749984
-74.73090820312498 -51.367382812500026
-74.79736328125003 -51.41171875
-74.85332031249996 -51.43417968750005
-74.936669921875 -51.428320312500006
-75.04736328124997 -51.39833984375003
-75.14628906249996 -51.52431640625002
-75.19243164062496 -51.566699218750045
-75.28911132812502 -51.625390625
-75.30004882812503 -51.556445312499996
-75.23847656250001 -51.45351562499999
-75.21000976562499 -51.383300781249986
-75.15366210937495 -51.278808593750014
-75.04033203124996 -51.31816406250004
-74.8814453125 -51.279492187499976
-74.736669921875 -51.207617187499984
-74.611572265625 -51.20712890624998
-74.57050781249998 -51.245410156250045
-74.55864257812499 -51.27705078125001

-75.33046875000002 -50.77236328124995
-75.41137695312497 -50.76435546875001
-75.43852539062499 -50.74111328124998
-75.45263671875003 -50.68251953125004
-75.477392578125 -50.65419921875004
-75.44267578124996 -50.59550781249998
-75.419775390625 -50.530371093750034
-75.42763671875 -50.48056640625001
-75.30371093749997 -50.483984375
-75.15615234375002 -50.49677734375003
-75.11533203124998 -50.510449218749976
-75.16044921875002 -50.55439453125005
-75.20341796874996 -50.58066406249998
-75.29233398437498 -50.596875
-75.30200195312497 -50.67998046875005

-75.25039062499994 -50.376269531249996
-75.30786132812503 -50.34306640624998
-75.44912109375002 -50.34335937500004
-75.41210937500003 -50.256640625000045
-75.39785156249997 -50.19267578124998
-75.37670898437503 -50.167968750000014
-75.36884765625001 -50.11269531250003
-75.32666015625003 -50.01181640625
-75.20966796875001 -50.04541015625
-75.12255859375003 -50.05527343749997
-75.00424804687498 -50.088671875000024
-74.87597656249997 -50.109960937500006
-74.83857421874998 -50.19726562500003
-74.96337890625 -50.237304687500014
-75.05478515624998 -50.29609375

-75.115087890625 -48.91601562500004
-75.26269531249997 -49.06894531250002
-75.38994140624996 -49.15917968750002
-75.506103515625 -49.23066406250002
-75.58037109374993 -49.229980468749964
-75.64116210937499 -49.19541015625003
-75.5728515625 -49.138867187500054
-75.48764648437498 -49.082421875000016
-75.51455078124994 -49.0095703125
-75.54013671875 -48.98847656249997
-75.57617187499997 -48.980761718749996
-75.63784179687502 -48.94257812500003
-75.61914062500003 -48.88593750000004
-75.58310546874998 -48.858886718750036
-75.53525390624998 -48.838183593749996
-75.490478515625 -48.850488281250016
-75.297265625 -48.81064453124998
-75.23618164062498 -48.778613281250024
-75.11860351562501 -48.77294921875003
-75.10668945312497 -48.83652343750001

-74.466796875 -49.29453125
-74.48359374999995 -49.44189453124997
-74.52207031249998 -49.62294921875
-74.51577148437494 -49.6595703125
-74.47084960937494 -49.66855468749996
-74.45883789062498 -49.69111328125003
-74.47197265624999 -49.78623046875005
-74.49609375000003 -49.85947265625005
-74.54257812499998 -49.91914062500003
-74.56982421875003 -49.990722656249964
-74.59472656249994 -50.00664062500001
-74.70336914062497 -50.01923828125
-74.76298828124996 -50.011425781250004
-74.81083984375002 -49.929687499999964
-74.82470703125 -49.87949218750004
-74.82192382812497 -49.813867187499994
-74.88041992187499 -49.72587890625001
-74.8822265625 -49.69218749999998
-74.85932617187495 -49.63417968749998
-74.81201171875 -49.60527343750004
-74.80483398437494 -49.51601562499997
-74.78100585937497 -49.48925781250003
-74.72705078125 -49.45234374999997
-74.71884765625 -49.43701171875004
-74.72382812499995 -49.42382812500002
-74.74384765624995 -49.42246093750001
-74.96010742187497 -49.53300781250006
-74.981298828125 -49.56416015625001
-74.9908203125 -49.60566406250003
-74.993505859375 -49.75175781250004
-75.03154296874996 -49.83623046875002
-75.06601562499995 -49.85234375000002
-75.16694335937501 -49.85595703125004
-75.30009765624996 -49.847460937499996
-75.451171875 -49.769921875
-75.54980468750003 -49.79130859375002
-75.57011718749999 -49.6970703125
-75.52075195312497 -49.621679687500006
-75.33706054687502 -49.62822265625001
-75.30585937499998 -49.49404296875003
-75.36420898437495 -49.4625
-75.428857421875 -49.40839843749999
-75.46748046874995 -49.35888671875003
-75.43315429687496 -49.32207031249999
-75.32666015625003 -49.26865234375003
-75.26962890624995 -49.26289062500001
-75.21684570312496 -49.29277343750006
-75.08603515625003 -49.27021484374999
-75.09370117187501 -49.185351562500024
-75.21015625000001 -49.14804687499997
-75.18422851562497 -49.083593749999984
-75.03710937500003 -49.02207031249998
-74.94921874999997 -48.960156249999976
-74.94521484374994 -48.889453125000045
-74.98076171874999 -48.818847656249964
-74.96953125000002 -48.79130859375004
-74.896240234375 -48.73320312500001
-74.79345703125003 -48.705078124999964
-74.7466796875 -48.70888671875003
-74.65156249999998 -48.74990234375004
-74.56660156250001 -48.754785156249966
-74.54609374999998 -48.76689453125004
-74.53066406249997 -48.81259765625002
-74.47617187499995 -49.14785156250002

-75.62285156249999 -48.76464843750002
-75.65092773437502 -48.58632812500002
-75.51845703125002 -48.328808593750054
-75.50903320312497 -48.23066406250004
-75.55351562499999 -48.156738281249986
-75.57148437499998 -48.095898437500026
-75.56069335937502 -48.07089843749999
-75.39140624999999 -48.019726562500054
-75.33837890625003 -48.07402343750002
-75.27548828125 -48.21845703125004
-75.15551757812497 -48.425195312499966
-75.15849609374996 -48.62265625000005
-75.22509765624994 -48.67138671875003
-75.43398437499997 -48.721191406249964
-75.51025390624994 -48.76347656250005

-74.586279296875 -48.61572265624997
-74.7095703125 -48.60117187500003
-74.92304687499995 -48.62646484375003
-75.01284179687497 -48.53574218750002
-75.05214843749997 -48.39140625000002
-75.07890625000002 -48.361523437500054
-75.13193359374998 -48.279296875
-75.15849609374996 -48.22529296875001
-75.21289062499994 -48.141699218750034
-75.23388671874997 -48.05341796874998
-75.24726562499993 -48.02675781249998
-75.19829101562499 -47.974609375000014
-74.97509765625 -47.92285156250003
-74.89565429687497 -47.839355468749986
-74.82744140624993 -47.85039062500002
-74.84619140625003 -48.02080078125
-74.80522460937493 -48.07822265624998
-74.72929687500002 -48.12587890625001
-74.715234375 -48.145507812500014
-74.70239257812494 -48.205859375000045
-74.66435546875002 -48.299316406249986
-74.61513671875002 -48.34306640625002
-74.60244140625002 -48.37031249999998
-74.60014648437499 -48.39306640625
-74.61821289062493 -48.425195312499966
-74.56728515624997 -48.59199218750002

-75.18583984374993 -47.85068359374999
-75.1943359375 -47.81806640625
-75.26103515624999 -47.76386718749997
-75.203125 -47.72802734375004
-75.08984375000003 -47.690625
-75.00395507812502 -47.69472656250001
-74.92646484374995 -47.72314453125003
-74.91601562499994 -47.75664062500002
-75.05126953124997 -47.80048828124997
-75.08447265625 -47.82451171874999
-75.11220703124997 -47.8376953125

-74.36845703124996 -45.735839843749986
-74.46552734375001 -45.757226562499994
-74.56162109374995 -45.72246093750002
-74.677734375 -45.73857421875002
-74.68984374999997 -45.662597656249986
-74.64643554687501 -45.6
-74.55839843750002 -45.525585937500054
-74.49467773437499 -45.42587890624999
-74.50234374999997 -45.285156250000014
-74.45 -45.252929687500014
-74.421875 -45.20322265625002
-74.31054687499997 -45.17265625
-74.285400390625 -45.277246093749994
-74.3154296875 -45.46406250000004
-74.24003906249999 -45.57451171874999
-74.22919921875001 -45.61132812500003
-74.24389648437497 -45.65361328125003
-74.312890625 -45.69150390625002

-75.06748046874998 -44.90654296875006
-75.09873046874995 -44.90175781249998
-75.12421875000001 -44.86992187500006
-75.14213867187502 -44.815625
-75.10742187499994 -44.79511718750001
-75.07949218749994 -44.79511718750001
-75.0484375 -44.82392578125001
-75.0322265625 -44.87050781250001
-75.04248046874997 -44.89013671875

-73.66484375 -44.83291015624998
-73.69458007812497 -44.83115234374998
-73.724755859375 -44.796875
-73.73486328125003 -44.75166015625004
-73.800146484375 -44.68408203125004
-73.81845703125 -44.65214843750002
-73.81699218749995 -44.613964843750054
-73.77949218749995 -44.55917968749999
-73.72392578125002 -44.54423828125006
-73.68647460937501 -44.54628906250004
-73.64121093750003 -44.61083984375004
-73.62822265624996 -44.68076171874998
-73.6166015625 -44.75292968750003
-73.63217773437498 -44.821484375000054

-73.22846679687495 -44.85996093749999
-73.35 -44.83320312500004
-73.39707031250003 -44.77431640625004
-73.42006835937502 -44.72480468749998
-73.44506835937494 -44.641015624999966
-73.40366210937495 -44.596093749999966
-73.31494140625 -44.531347656250006
-73.28198242187503 -44.48955078125002
-73.26601562499997 -44.440234375
-73.27158203124995 -44.394140625000034
-73.260009765625 -44.35029296874998
-73.20771484375001 -44.33496093749997
-73.02841796874998 -44.38408203125003
-72.84243164062502 -44.45771484375001
-72.77636718749997 -44.50859374999999
-72.76406249999994 -44.549023437500054
-72.84531249999998 -44.63847656249999
-72.89716796874998 -44.71201171875005
-72.98613281249999 -44.78007812500006

-73.78457031250002 -44.4375
-73.86230468749994 -44.44511718750003
-73.98330078125 -44.494824218750026
-73.99604492187493 -44.53798828125002
-74.00205078125 -44.59091796874998
-73.91855468749995 -44.6546875
-73.87739257812501 -44.72880859375
-73.82788085937497 -44.83984374999997
-73.79213867187497 -44.94580078124997
-73.79536132812498 -44.978613281250006
-73.78647460937495 -45.03359375
-73.72714843749995 -45.11904296875001
-73.7216796875 -45.157617187499966
-73.728173828125 -45.195898437500034
-73.75209960937497 -45.266796875
-73.77099609375 -45.27656250000004
-73.82988281250002 -45.28349609375003
-73.83447265624997 -45.3265625
-73.848974609375 -45.340625
-74.01625976562497 -45.344921875000026
-74.09907226562495 -45.32539062500004
-74.0892578125 -45.19570312499999
-74.19521484375002 -45.14482421875002
-74.26796875 -45.05898437500004
-74.34990234374999 -44.910839843750054
-74.41875 -44.865234375
-74.49882812499996 -44.748144531250034
-74.61777343750003 -44.64794921874996
-74.48051757812496 -44.58457031250002
-74.50180664062503 -44.47353515624995
-74.42167968749996 -44.43544921875001
-74.30122070312493 -44.395703125
-74.2125 -44.426953125000054
-74.1328125 -44.41591796875002
-74.09721679687493 -44.38935546875004
-74.10810546874993 -44.275878906250014
-74.08281249999993 -44.186425781249994
-73.99492187499996 -44.14023437499999
-73.90019531249996 -44.13486328124996
-73.86455078124996 -44.185351562500045
-73.81777343749994 -44.23496093750002
-73.70322265624998 -44.27412109375001
-73.70371093749998 -44.32539062499997
-73.73535156250003 -44.39453125000003

-73.78964843749998 -43.87646484375
-73.83364257812497 -43.88320312500004
-73.90415039062495 -43.87539062499995
-73.93828124999999 -43.914257812500054
-73.95566406249998 -43.921972656250034
-74.11777343749995 -43.8875
-74.14296875000002 -43.872167968750006
-74.13994140624993 -43.82099609374997
-73.9671875 -43.816503906250034
-73.85693359375003 -43.783789062500034
-73.84140624999995 -43.78896484375002
-73.81064453125 -43.827246093750006

-74.81044921875002 -43.625390625
-74.84267578125002 -43.595507812500045
-74.84199218749998 -43.57031249999997
-74.81767578124999 -43.54941406249998
-74.74501953125002 -43.53593749999999
-74.69746093750001 -43.55302734375
-74.67265625000002 -43.57744140625
-74.66479492187503 -43.599609374999986
-74.66875 -43.6078125

-73.84858398437501 -43.36679687499999
-73.918701171875 -43.37197265624998
-73.98994140624993 -43.356640625000054
-74.11440429687497 -43.35791015625004
-74.23857421874996 -43.318847656249986
-74.35493164062495 -43.26357421875001
-74.387353515625 -43.23164062499998
-74.37314453125003 -43.185742187500054
-74.28935546875002 -43.079492187499994
-74.20947265624997 -42.87871093750003
-74.15629882812499 -42.590527343750026
-74.19882812500003 -42.48134765624998
-74.19355468749993 -42.436035156249986
-74.17407226562497 -42.38154296875
-74.16435546874993 -42.32548828125003
-74.1703125 -42.268945312499966
-74.16020507812499 -42.21640625
-74.07231445312502 -42.105859374999966
-74.059375 -42.05625
-74.05683593749998 -42.00234375
-74.01879882812494 -41.890917968750045
-74.03051757812503 -41.854003906249986
-74.06303710937499 -41.822753906250014
-74.03666992187496 -41.79550781249998
-73.73095703125003 -41.87724609375002
-73.52783203125003 -41.89628906249999
-73.51694335937503 -41.98085937499998
-73.47778320312494 -42.04716796874999
-73.4544921875 -42.16591796875002
-73.42290039062496 -42.192871093750014
-73.43925781250002 -42.27783203125
-73.53281249999998 -42.314453125
-73.524560546875 -42.392578125000014
-73.47080078124995 -42.46630859375003
-73.54926757812495 -42.492578124999966
-73.63388671874995 -42.50820312499995
-73.65346679687497 -42.52871093749995
-73.71474609375 -42.54472656250002
-73.78925781249998 -42.58574218750003
-73.76684570312497 -42.621875
-73.67304687499995 -42.704394531250045
-73.56826171875 -42.76162109374998
-73.5107421875 -42.84716796875
-73.43632812499996 -42.9365234375
-73.47265624999997 -42.993261718750006
-73.54082031250002 -43.07373046874997
-73.64960937499995 -43.12714843750001
-73.74965820312502 -43.15908203125004
-73.737890625 -43.29140625
-73.77338867187495 -43.3458984375

-78.98334960937498 -33.66777343749996
-78.98945312499998 -33.66171874999998
-78.97929687499996 -33.644140625000034
-78.93813476562502 -33.61357421875003
-78.88828124999998 -33.5763671875
-78.87744140625 -33.57519531250003
-78.859033203125 -33.578125
-78.83818359374999 -33.58505859374999
-78.78466796875003 -33.610156250000045
-78.76894531250002 -33.62734375
-78.77470703124993 -33.64160156249996
-78.80415039062498 -33.646484374999986

-109.43413085937497 -27.171289062500023
-109.42915039062503 -27.116210937499986
-109.39047851562496 -27.068359375000014
-109.27646484375 -27.095898437500026
-109.22285156250001 -27.101074218750014
-109.27998046875001 -27.140429687500045

-67.57993164062492 -22.89169921874999
-67.36225585937498 -22.85517578125001
-67.19487304687499 -22.821679687500023
-67.00878906250003 -23.001367187500037
-67.08974609375 -23.245117187499957
-67.21914062499997 -23.63398437500004
-67.31914062500002 -23.93466796875002
-67.335595703125 -23.974804687500026
-67.356201171875 -24.03378906250005
-67.57177734374997 -24.11894531249999
-67.88623046874997 -24.243359375000026
-68.04736328125003 -24.308300781250026
-68.25029296874999 -24.391992187500023
-68.29951171874998 -24.460351562499994
-68.35810546875001 -24.49726562499997
-68.42255859375001 -24.54511718750004
-68.44711914062503 -24.59697265625003
-68.50727539062495 -24.629785156249966
-68.56201171875 -24.74736328125003
-68.56201171875 -24.837695312500045
-68.52705078124998 -24.899218749999974
-68.46630859375003 -24.925195312500023
-68.44711914062503 -24.998925781250037
-68.42802734374996 -25.050976562499983
-68.38422851562501 -25.091894531249963
-68.39521484374993 -25.124707031249983
-68.43071289062499 -25.149316406250023
-68.49633789062503 -25.162988281249966
-68.54082031250002 -25.23671875
-68.59208984374999 -25.42001953125002
-68.60029296874998 -25.485644531249974
-68.54189453124997 -25.651562500000026
-68.51083984374995 -25.741015625000045
-68.42675781249997 -26.06542968749997
-68.41450195312495 -26.15371093750001
-68.52983398437502 -26.27695312499999
-68.57578125000003 -26.35195312499999
-68.59218750000002 -26.41806640625005
-68.59160156249999 -26.470410156250054
-68.58115234374998 -26.51835937499996
-68.48510742187494 -26.6703125
-68.37333984375002 -26.80644531250003
-68.31865234374996 -26.877539062500034
-68.31865234374996 -26.97324218749999
-68.34599609374996 -27.027929687500034
-68.40537109374998 -27.048144531249974
-68.53735351562503 -27.08535156250001
-68.59208984374999 -27.14003906250005
-68.65219726562498 -27.14833984375005
-68.70961914062497 -27.1044921875
-68.76977539062494 -27.11542968750001
-68.846337890625 -27.153710937499994
-68.87509765625 -27.24667968750002
-68.94199218750003 -27.40517578124998
-68.99941406250002 -27.44902343750003
-69.04218749999993 -27.570019531249983
-69.11850585937503 -27.743554687499994
-69.15527343749997 -27.848144531249986
-69.17441406249998 -27.924707031250037
-69.25122070312497 -27.97363281249997
-69.34072265625 -28.070800781250043
-69.4095703125 -28.16533203125003
-69.43691406249997 -28.192675781250003
-69.48886718749998 -28.200878906249983
-69.52714843749996 -28.28564453125003
-69.65693359374995 -28.41357421874997
-69.68789062499994 -28.562011718750014
-69.73491210937502 -28.64111328124997
-69.74316406250003 -28.78388671875001
-69.81484374999997 -29.04550781250002
-69.82788085937494 -29.103222656250054
-69.90034179687498 -29.148828125000023
-69.99560546875003 -29.25
-70.02680664062498 -29.324023437500003
-69.98261718749995 -29.545410156249986
-69.92763671875002 -29.769140625
-69.92412109375002 -29.87402343749997
-69.94545898437502 -30.016406250000017
-69.95996093749994 -30.078320312500026
-69.92353515624998 -30.10390625
-69.86337890625 -30.120312500000054
-69.84428710937502 -30.175
-69.88803710937503 -30.21328125
-69.90712890625002 -30.281640624999966
-69.95634765625002 -30.358203125000017
-70.10200195312493 -30.38828125000002
-70.15322265624997 -30.36093750000005
-70.16962890624995 -30.385546875
-70.16142578124996 -30.44023437500003
-70.1939453125 -30.504687500000017
-70.269384765625 -30.67724609375
-70.31923828124997 -30.833984374999957
-70.34814453125 -30.90234375000003
-70.33642578125 -30.959765625
-70.31181640624996 -30.992578125000037
-70.30908203125003 -31.022656250000026
-70.35058593749994 -31.06044921875001
-70.38837890625001 -31.121093750000014
-70.42939453125001 -31.12929687499999
-70.47309570312495 -31.112792968750014
-70.51958007812502 -31.148437499999986
-70.52905273437497 -31.222851562500054
-70.55468749999997 -31.31738281250003
-70.56640624999994 -31.427929687499997
-70.58520507812497 -31.56943359375005
-70.525634765625 -31.66640625
-70.45014648437498 -31.84189453125005
-70.39384765624996 -31.883789062499957
-70.33095703124994 -31.881054687500026
-70.28173828124997 -31.91660156249999
-70.25439453124997 -31.95771484375001
-70.29091796874997 -32.03105468750003
-70.35556640624998 -32.04238281250004
-70.36376953124997 -32.08349609374997
-70.34462890625 -32.17646484375
-70.32001953124995 -32.26669921874999
-70.25781249999997 -32.30996093750001
-70.22978515624993 -32.4306640625
-70.16962890624995 -32.4716796875
-70.17695312500001 -32.62607421875002
-70.11616210937498 -32.80742187500002
-70.05205078124996 -32.85996093749998
-70.02197265624997 -32.88457031250002
-70.042138671875 -32.96367187499996
-70.09306640624999 -33.02675781250002
-70.10400390625 -33.12792968750003
-70.08486328125 -33.20175781249998
-70.01982421874999 -33.27148437499997
-69.96904296875002 -33.27939453124998
-69.89619140625001 -33.25097656249996
-69.81962890624996 -33.28378906249999
-69.80869140625003 -33.34394531249998
-69.79775390624994 -33.398632812500026
-69.83876953124997 -33.46972656250003
-69.882568359375 -33.60097656250004
-69.89433593749999 -33.73134765625004
-69.88149414062497 -33.92978515624996
-69.86152343749998 -34.083593750000034
-69.85737304687501 -34.18046875
-69.85244140625 -34.22431640625001
-69.87978515624997 -34.254394531250014
-69.94633789062502 -34.26992187499998
-70.00283203125 -34.27626953125004
-70.05205078124996 -34.30078124999996
-70.06298828124997 -34.35
-70.10146484375 -34.432031249999966
-70.14125976562502 -34.49287109375001
-70.21069335937497 -34.58125
-70.2546875 -34.67265625
-70.28994140625002 -34.73281250000005
-70.286767578125 -34.77451171875002
-70.312109375 -34.854980468749986
-70.338134765625 -34.921777343749994
-70.3931640625 -35.146875
-70.46660156249996 -35.19365234374996
-70.52509765624998 -35.21679687499997
-70.55517578124997 -35.246875
-70.53232421875003 -35.307910156249974
-70.47041015624993 -35.32617187499996
-70.44853515625002 -35.37539062500004
-70.45673828124998 -35.451953125
-70.41572265624998 -35.52304687500002
-70.41972656250002 -35.609179687499974
-70.38017578124993 -35.771875
-70.41572265624998 -35.87851562500005
-70.403662109375 -35.970507812500045
-70.40478515624997 -36.06171874999998
-70.45673828124998 -36.13271484375005
-70.56337890624997 -36.146386718749994
-70.621875 -36.21191406250003
-70.72192382812503 -36.283203124999986
-70.73286132812493 -36.340625
-70.749267578125 -36.39257812499997
-70.790283203125 -36.41171875000005
-70.85317382812502 -36.41171875000005
-70.90512695312503 -36.41992187500003
-70.97792968749994 -36.4873046875
-71.05551757812503 -36.523730468750045
-71.0732421875 -36.57802734375001
-71.06640625000003 -36.64404296875004
-71.10742187499994 -36.68505859374996
-71.159375 -36.76162109375001
-71.19218749999999 -36.84365234375002
-71.159375 -36.92021484374999
-71.12382812500002 -37.056933593750045
-71.11840820312497 -37.11435546875002
-71.1634765625 -37.227441406249966
-71.20039062499998 -37.30029296874997
-71.16489257812503 -37.39326171875
-71.13481445312502 -37.44511718749999
-71.16284179687497 -37.55917968750005
-71.18671874999995 -37.63105468750004
-71.16757812500003 -37.76230468750005
-71.09619140624997 -37.90996093750002
-71.02817382812498 -38.041210937500026
-71.01816406249998 -38.19394531250005
-71.00048828125003 -38.31484375
-70.96796874999995 -38.44589843750005
-70.899658203125 -38.49785156250006
-70.84765624999997 -38.541601562500006
-70.85864257812497 -38.60449218750003
-70.89692382812495 -38.681054687499994
-70.95161132812501 -38.738476562500054
-71.08710937499998 -38.757519531250026
-71.19726562499997 -38.809375
-71.28574218750003 -38.84541015624998
-71.35317382812502 -38.888867187500054
-71.40156250000001 -38.93505859375004
-71.42558593750002 -38.985644531250045
-71.409375 -39.205957031249994
-71.42001953125003 -39.28720703125002
-71.46538085937496 -39.40234375000003
-71.50776367187498 -39.495214843750034
-71.52578125 -39.52314453125004
-71.53125 -39.56416015625004
-71.53945312499994 -39.60244140625002
-71.58701171874995 -39.61113281250002
-71.654296875 -39.59423828125004
-71.69257812499998 -39.605175781250054
-71.71992187499995 -39.63525390624996
-71.69682617187496 -39.707031250000014
-71.67207031249995 -39.83330078124999
-71.63789062500001 -39.88681640624996
-71.64711914062494 -39.929199218749986
-71.65976562500003 -40.02080078124999
-71.70439453124999 -40.094921875
-71.76367187499997 -40.09462890625002
-71.80195312499995 -40.124707031250026
-71.81831054687501 -40.17666015625004
-71.80058593749996 -40.24433593749997
-71.72265624999997 -40.299707031249966
-71.6953125 -40.33525390625002
-71.70898437500003 -40.38173828124998
-71.76914062500003 -40.40087890624997
-71.80463867187498 -40.439160156250054
-71.83852539062494 -40.524414062500014
-71.88378906250003 -40.62060546874997
-71.93212890625 -40.69169921874999
-71.94135742187493 -40.789160156250034
-71.87304687499997 -40.89296874999995
-71.880712890625 -40.99462890624997
-71.88559570312503 -41.292382812499966
-71.89218749999995 -41.39335937500002
-71.87114257812502 -41.56054687499997
-71.897607421875 -41.60664062500004
-71.91127929687502 -41.650390624999986
-71.844482421875 -41.77197265624997
-71.77001953125003 -41.96855468750006
-71.75 -42.04677734375001
-71.76093749999995 -42.10146484374995
-71.86079101562495 -42.147851562499994
-71.94409179687497 -42.167089843750006
-71.99331054687497 -42.13427734374997
-72.02612304687497 -42.147949218750014
-72.06440429687495 -42.20537109374999
-72.10820312499999 -42.25185546874995
-72.12460937499998 -42.29833984375
-72.078125 -42.358496093750006
-72.05346679687494 -42.47324218750002
-72.10541992187495 -42.522460937500014
-72.14370117187494 -42.57714843749996
-72.130029296875 -42.64824218750006
-72.11362304687503 -42.77675781249995
-72.14643554687498 -42.99003906250006
-72.10239257812498 -43.065625
-72.05468750000003 -43.10195312500004
-71.89858398437502 -43.14531249999999
-71.78149414062497 -43.16679687500002
-71.750634765625 -43.237304687499986
-71.76386718750001 -43.294628906250026
-71.82021484374994 -43.322949218750026
-71.90498046874998 -43.34755859374998
-71.90498046874998 -43.44013671875001
-71.83242187499994 -43.52714843750006
-71.750634765625 -43.59013671875002
-71.73276367187498 -43.64677734375
-71.73740234375003 -43.7046875
-71.79472656249999 -43.75322265625002
-71.71596679687502 -43.85839843750004
-71.680078125 -43.92958984374998
-71.71616210937498 -43.98447265624998
-71.76718749999998 -44.06669921875003
-71.81235351562503 -44.10605468750005
-71.81210937499998 -44.15078125
-71.83076171874995 -44.24140625
-71.83505859375003 -44.33017578124996
-71.82001953125001 -44.38310546875
-71.32573242187502 -44.42490234374999
-71.21259765624998 -44.44121093750003
-71.15087890625 -44.49404296874995
-71.15971679687496 -44.56025390625004
-71.22148437500002 -44.63076171875001
-71.2611328125 -44.763085937499966
-71.35815429687497 -44.78515625000003
-71.45517578125 -44.74980468750002
-71.56040039062503 -44.76201171875002
-71.65166015624999 -44.77041015625004
-71.78281249999998 -44.77441406249997
-71.95703125000003 -44.791503906249986
-72.063720703125 -44.771875
-72.072509765625 -44.820410156250006
-72.04169921874995 -44.90419921875002
-71.81235351562503 -44.9306640625
-71.59628906249998 -44.979199218750026
-71.53129882812499 -45.06787109374997
-71.44345703125003 -45.16826171875
-71.35375976562494 -45.23046874999997
-71.34931640624993 -45.33193359375004
-71.49042968750001 -45.4376953125
-71.50810546874996 -45.5126953125
-71.69331054687495 -45.53476562499998
-71.74619140624998 -45.57890624999999
-71.77265624999995 -45.72441406250006
-71.750634765625 -45.83906249999997
-71.680078125 -45.87871093750006
-71.63154296874998 -45.95371093749996
-71.68447265625 -46.041894531249994
-71.80927734374995 -46.10273437500004
-71.87568359374998 -46.160546875
-71.83413085937502 -46.20673828125
-71.77763671874999 -46.27998046875
-71.76210937500002 -46.31982421875004
-71.73129882812503 -46.42783203125002
-71.69521484374997 -46.578417968750045
-71.69965820312498 -46.651367187499986
-71.73271484374999 -46.70585937499999
-71.85644531249997 -46.79160156250005
-71.94023437499999 -46.83125
-71.95664062500003 -46.93681640625006
-71.96298828125 -47.01601562500002
-71.954248046875 -47.0875
-71.90053710937497 -47.14433593750006
-71.90498046874998 -47.201660156250014
-71.97851562499997 -47.213867187500014
-72.04169921874995 -47.241406250000026
-72.10341796875 -47.342773437499986
-72.28291015624998 -47.44628906250003
-72.34594726562503 -47.49267578124997
-72.34150390625001 -47.572070312499974
-72.41259765625003 -47.685546875
-72.47221679687499 -47.78417968750003
-72.51791992187498 -47.87636718749998
-72.50908203124996 -47.97333984375001
-72.40791015624995 -48.01591796874999
-72.32832031249998 -48.11005859374998
-72.29301757812499 -48.22910156249999
-72.35473632812494 -48.365820312500034
-72.49814453125003 -48.41738281249998
-72.58286132812498 -48.475390624999974
-72.60839843750003 -48.519335937500045
-72.58593749999997 -48.6625
-72.59174804687501 -48.7296875
-72.61440429687502 -48.79287109375
-72.65126953124997 -48.84160156249998
-72.72846679687498 -48.89628906250002
-72.86542968749998 -48.94394531250005
-72.98173828124996 -48.97675781249998
-73.03364257812498 -49.014355468750004
-73.09458007812495 -49.096875
-73.14887695312501 -49.18798828125003
-73.13525390624997 -49.30068359374998
-73.46157226562502 -49.3138671875
-73.483642578125 -49.39765625000002
-73.55419921874997 -49.46386718750001
-73.57626953125003 -49.582910156250016
-73.504541015625 -49.698046875000024
-73.47041015624995 -49.79453125000005
-73.52890624999998 -49.91093750000005
-73.50771484375002 -50.03027343750003
-73.50126953124993 -50.125292968750024
-73.38662109374994 -50.231152343750004
-73.31171874999995 -50.3619140625
-73.27416992187494 -50.47255859374998
-73.25161132812497 -50.558496093749994
-73.22163085937498 -50.61074218749998
-73.17451171874998 -50.67001953124998
-73.15292968750003 -50.73828125000003
-73.08237304687495 -50.76035156249999
-72.95556640624997 -50.69648437500004
-72.86591796875001 -50.653125
-72.80361328125002 -50.637695312499964
-72.62041015624999 -50.64765625000004
-72.50981445312502 -50.607519531250034
-72.46015624999993 -50.61171875
-72.39257812500003 -50.63427734374998
-72.34023437500002 -50.68183593749998
-72.30063476562503 -50.78955078124999
-72.27631835937495 -50.91025390624998
-72.307373046875 -51.03339843750002
-72.35917968749996 -51.06015624999996
-72.376806640625 -51.09541015625004
-72.35917968749996 -51.17041015625004
-72.30185546875 -51.22333984374999
-72.30322265625003 -51.29892578125003
-72.36640624999993 -51.470312500000034
-72.40766601562498 -51.54082031250001
-72.33452148437502 -51.62031250000004
-72.26899414062498 -51.69111328124999
-72.136962890625 -51.74404296875002
-72.02841796875 -51.81865234375004
-71.953466796875 -51.88037109375
-71.97109374999997 -51.96416015625002
-71.91865234375001 -51.98955078125004
-71.71660156249999 -51.99130859375004
-71.41474609374995 -51.993945312500045
-70.94316406249996 -51.99814453125001
-70.48286132812498 -52.002246093750045
-69.96025390625002 -52.008203125000016
-69.71259765625001 -52.075390625000026
-69.488427734375 -52.136132812499966
-69.20620117187497 -52.136132812499966
-68.92456054687494 -52.20810546874998
-68.71518554687503 -52.255468750000034
-68.58979492187495 -52.27333984375003
-68.46098632812502 -52.29042968749996
-68.44335937499997 -52.35664062500004
-69.00722656250002 -52.26269531249999
-69.13378906250003 -52.21142578125003
-69.24101562499993 -52.20546874999997
-69.446875 -52.26943359375004
-69.56059570312496 -52.42158203125003
-69.62031249999995 -52.46474609375004
-69.76333007812494 -52.505566406250004
-69.90722656249994 -52.51357421875004
-70.390966796875 -52.66083984375002
-70.56293945312495 -52.6734375
-70.680322265625 -52.7125
-70.79511718750001 -52.76875
-70.83906249999998 -52.88955078124998
-70.82119140625 -52.96308593750004
-70.95205078125 -53.22695312499997
-70.98432617187501 -53.37363281250001
-70.985107421875 -53.44833984375005
-70.94780273437493 -53.57041015625005
-70.99584960937497 -53.77929687499997
-71.08281249999999 -53.825
-71.29775390625 -53.88339843750004
-71.44389648437502 -53.84091796875
-71.69379882812495 -53.803125
-71.871875 -53.72265624999998
-72.10092773437503 -53.66582031250003
-72.17441406249998 -53.63232421874996
-72.376806640625 -53.47119140624999
-72.39824218750002 -53.41777343750004
-72.41289062499999 -53.350195312500034
-72.3060546875 -53.25371093750001
-72.2486328125 -53.2466796875
-72.08115234375 -53.24960937499997
-71.94169921875002 -53.234082031250004
-71.85273437500001 -53.28574218750005
-71.82822265624998 -53.39833984374999
-71.86733398437497 -53.458398437499966
-71.90278320312498 -53.49550781249997
-71.89169921875003 -53.52353515625
-71.79145507812495 -53.484570312500054
-71.74052734374996 -53.232617187499976
-71.40034179687495 -53.10703125
-71.28896484375 -53.033691406250036
-71.18022460937496 -52.920507812499984
-71.16328124999995 -52.88808593750004
-71.15507812499999 -52.84560546875
-71.2271484375 -52.810644531249984
-71.38774414062496 -52.764257812500034
-71.89799804687499 -53.00175781250002
-72.12910156249998 -53.06435546874998
-72.27802734374995 -53.13232421874997
-72.45830078125002 -53.25449218749999
-72.49257812499997 -53.290625
-72.53081054687493 -53.37167968749997
-72.54892578125 -53.460742187499996
-72.726806640625 -53.42001953125005
-72.99838867187498 -53.29072265625
-73.05273437499997 -53.24345703125005
-72.99824218749995 -53.17724609374997
-72.91552734374997 -53.121972656249994
-72.909912109375 -52.93652343749996
-72.88916015625003 -52.871582031249964
-72.831884765625 -52.81953125000002
-72.727685546875 -52.76230468749999
-72.67597656249995 -52.74902343750004
-72.63208007812497 -52.77382812500003
-72.62661132812502 -52.817578124999976
-72.453466796875 -52.81445312499996
-72.11757812499997 -52.65
-71.97929687499993 -52.646093750000034
-71.79707031249995 -52.682812500000054
-71.59121093750002 -52.6607421875
-71.55415039062501 -52.64394531250004
-71.51127929687499 -52.605371093749994
-71.66474609374998 -52.56005859375
-71.81191406249994 -52.537011718750016
-72.22568359375003 -52.520996093750036
-72.31538085937501 -52.53857421874998
-72.43769531249998 -52.62578124999998
-72.478271484375 -52.604003906249986
-72.50439453124997 -52.56005859375
-72.64482421874999 -52.5291015625
-72.71210937499993 -52.53554687499998
-72.77656250000001 -52.57744140624999
-72.766015625 -52.64257812500003
-72.80190429687502 -52.71240234375004
-72.93188476562503 -52.78164062500002
-73.020263671875 -52.891796875
-73.01611328124997 -52.97744140625004
-73.02299804687493 -53.02207031249998
-73.05546874999999 -53.045605468749976
-73.12246093749997 -53.073925781249976
-73.33818359374993 -53.054687499999964
-73.45986328124994 -52.96484375000004
-73.50751953124998 -52.90351562499998
-73.64521484374995 -52.83701171875003
-73.345947265625 -52.75429687499996
-73.2408203125 -52.707128906250034
-73.14482421874999 -52.601953125
-73.07319335937495 -52.53505859374997
-73.12392578125 -52.487988281249976
-73.18378906250001 -52.48789062500004
-73.17817382812493 -52.562695312500004
-73.24414062499997 -52.62402343749998
-73.38212890625002 -52.59511718750004
-73.585693359375 -52.685742187500026
-73.71083984375 -52.66152343749998
-73.91469726562497 -52.68818359374999
-74.01445312499996 -52.63935546874999
-74.03583984374995 -52.57724609375004
-73.99990234375002 -52.512597656250016
-74.037353515625 -52.40292968749996
-74.09350585937497 -52.37626953125004
-74.15083007812493 -52.38251953124998
-74.17656249999993 -52.3171875
-74.23847656249995 -52.20234375000005
-74.26596679687503 -52.17128906250002
-74.29565429687494 -52.117871093749976
-74.26494140625002 -52.104882812499994
-74.19492187500003 -52.12021484375001
-74.13354492187497 -52.154785156250036
-74.04023437499995 -52.15917968750004
-73.83447265624997 -52.233984375
-73.74912109374998 -52.21601562499999
-73.70278320312497 -52.19882812500004
-73.68540039062498 -52.13671875
-73.68432617187503 -52.07773437499997
-73.64902343750003 -52.07773437499997
-73.53222656250003 -52.153125
-73.45795898437501 -52.14599609375002
-73.3267578125 -52.165917968749994
-73.26044921875001 -52.157812500000034
-73.13735351562497 -52.12968749999999
-72.94370117187503 -52.046875
-72.84321289062498 -51.96113281250002
-72.79501953125003 -51.94951171875005
-72.73540039062496 -51.96054687499999
-72.695458984375 -51.98515625000003
-72.69482421874997 -52.044726562499996
-72.64956054687497 -52.099902343750045
-72.58798828124995 -52.14511718750002
-72.57084960937502 -52.20009765625003
-72.58344726562501 -52.25419921875004
-72.69360351562497 -52.3302734375
-72.71401367187497 -52.35673828125006
-72.67705078124999 -52.38466796874997
-72.63149414062502 -52.37158203124997
-72.56870117187503 -52.33398437500004
-72.53291015625001 -52.28232421875
-72.52333984375002 -52.255468750000034
-72.51933593750002 -52.21708984375003
-72.52412109375001 -52.1703125
-72.61357421875002 -52.03701171875002
-72.624755859375 -52.00693359375003
-72.62460937499995 -51.946484375000054
-72.52285156250002 -51.89091796875002
-72.49414062500003 -51.84755859374997
-72.4896484375 -51.76367187500003
-72.54252929687502 -51.706152343750034
-72.76123046875 -51.57324218750004
-73.12675781249993 -51.43994140624998
-73.16875 -51.45390624999998
-73.19702148437494 -51.47802734375001
-73.16337890624993 -51.495605468750036
-73.11499023437503 -51.504492187499984
-72.78935546874996 -51.614257812499964
-72.70458984375 -51.677929687500054
-72.64907226562497 -51.69501953124998
-72.58330078124999 -51.737304687499986
-72.60004882812501 -51.79912109375005
-72.92836914062502 -51.85986328124999
-73.18867187499995 -51.990625
-73.38325195312498 -52.07001953125
-73.5181640625 -52.04101562500004
-73.58232421874993 -51.96035156250004
-73.65029296875002 -51.85625
-73.75263671874998 -51.79550781250003
-73.81064453125 -51.80117187500003
-73.85756835937497 -51.78994140624996
-73.89443359375002 -51.757812499999986
-73.9732421875 -51.78447265625
-74.14643554687493 -51.712109375
-74.19667968749997 -51.68056640624997
-74.069580078125 -51.578710937500006
-73.92978515625003 -51.61787109374999
-73.89589843749997 -51.33144531249999
-73.93950195312496 -51.26630859375004
-74.12124023437494 -51.195410156249984
-74.21049804687502 -51.20458984374999
-74.33232421874996 -51.19501953125
-74.41435546874999 -51.1625
-74.50786132812502 -51.14960937499998
-74.58686523437495 -51.13066406250003
-74.69008789062502 -51.086523437500006
-74.81474609375002 -51.06289062499999
-74.98310546874995 -50.88105468749998
-75.055322265625 -50.78554687499997
-75.09467773437493 -50.68125
-74.83662109374995 -50.67890625000001
-74.68574218749993 -50.66201171875003
-74.64892578124997 -50.61845703125004
-74.70205078124997 -50.53535156249998
-74.77587890625 -50.469921874999976
-74.72167968749997 -50.40849609374999
-74.64448242187495 -50.36093749999998
-74.56411132812502 -50.38203125000001
-74.36557617187498 -50.487890625
-74.33144531249997 -50.559570312500036
-74.19018554687497 -50.77802734375004
-74.15610351562503 -50.797460937500006
-74.139404296875 -50.817773437499966
-73.84746093749996 -50.940039062500006
-73.80654296874997 -50.93837890625002
-73.824609375 -50.83583984375001
-73.74057617187503 -50.69667968749999
-73.65903320312503 -50.65068359375003
-73.61816406249994 -50.651171875000045
-73.61396484374998 -50.627929687500014
-73.69326171874997 -50.57001953125003
-73.65444335937497 -50.49267578124999
-73.67993164062503 -50.49023437500003
-73.75019531249995 -50.53984375000001
-73.89150390624997 -50.78271484375002
-73.97802734375 -50.827050781249994
-74.09672851562502 -50.71708984375006
-74.16411132812499 -50.637890625
-74.19721679687498 -50.60976562499996
-74.18559570312502 -50.485351562500014
-73.95034179687494 -50.510546875
-74.03105468749996 -50.46982421875005
-74.30556640625002 -50.39804687499999
-74.37412109374995 -50.36298828125004
-74.42509765624996 -50.35019531250001
-74.51640624999999 -50.265625
-74.62958984374995 -50.19404296875
-74.43432617187497 -50.065234375000045
-74.333740234375 -49.974609374999964
-74.01943359375 -50.02275390625
-73.95859375000003 -49.99472656249998
-74.01123046875 -49.92851562499999
-74.07329101562496 -49.94853515624998
-74.17133789062495 -49.90732421875003
-74.32392578124995 -49.783398437500004
-74.31875 -49.72011718749999
-74.29082031249996 -49.60410156249998
-74.23037109374997 -49.57929687499999
-74.10200195312493 -49.55537109375
-73.95551757812493 -49.59306640625004
-73.89155273437495 -49.62373046874998
-73.83637695312501 -49.609375
-73.89248046874997 -49.52343749999998
-73.988037109375 -49.49091796875001
-74.09443359374998 -49.42968749999997
-74.08349609375 -49.36181640625
-74.04921875000002 -49.30566406250002
-74.0234375 -49.244140625
-74.00561523437503 -49.158007812500045
-74.01538085937497 -49.09091796874997
-73.98476562499994 -49.059960937499966
-73.937890625 -49.04609374999998
-73.93496093750002 -49.0208984375
-74.027734375 -49.02617187500001
-74.06132812499999 -49.11103515624998
-74.073876953125 -49.188378906250016
-74.139794921875 -49.25048828124997
-74.16787109374994 -49.320507812500026
-74.18457031249997 -49.40439453124997
-74.2212890625 -49.50058593750003
-74.301513671875 -49.46396484375003
-74.34853515625 -49.426269531249986
-74.366552734375 -49.40048828124998
-74.358154296875 -49.3513671875
-74.37998046875 -49.047851562499986
-74.38212890624999 -48.79365234374998
-74.34101562499995 -48.59570312499998
-74.22768554687497 -48.51699218750002
-74.17622070312495 -48.494140624999986
-74.129296875 -48.50419921874999
-74.05693359374999 -48.50361328125004
-74.00908203125002 -48.475
-74.171533203125 -48.42744140624998
-74.27006835937499 -48.45458984375
-74.34296875000001 -48.49257812500002
-74.47441406249996 -48.46396484375005
-74.4994140625 -48.36230468750003
-74.57719726562493 -48.274414062499986
-74.59072265625002 -48.161914062499974
-74.58466796874995 -47.999023437500014
-74.40048828125 -48.01308593750004
-74.25043945312498 -48.04492187500003
-73.85380859374999 -48.04218750000001
-73.528173828125 -48.1982421875
-73.38447265624995 -48.17734375
-73.39106445312495 -48.145898437499994
-73.50097656249997 -48.106640625
-73.569580078125 -48.01933593750006
-73.60991210937496 -47.993945312500045
-73.62890625 -47.94150390625002
-73.63510742187503 -47.88037109375
-73.71586914062496 -47.65546875000001
-73.74824218749998 -47.66132812500004
-73.77924804687501 -47.73847656250004
-73.84667968749997 -47.86699218750002
-73.94086914062498 -47.92939453125004
-74.08476562499999 -47.954687500000034
-74.22705078125 -47.96894531250001
-74.35058593749994 -47.94433593749997
-74.37934570312495 -47.89121093749998
-74.37622070312503 -47.82968749999998
-74.4296875 -47.79960937500006
-74.56923828125 -47.77294921874996
-74.60888671875 -47.758007812500026
-74.65493164062497 -47.702246093750034
-74.58842773437502 -47.61796875
-74.53378906249998 -47.56767578125006
-74.46689453125003 -47.57763671874996
-74.403564453125 -47.600390624999974
-74.32255859375002 -47.66669921874998
-74.24296875 -47.67929687499998
-74.15195312499998 -47.62666015625
-74.13408203124999 -47.590820312499986
-74.19101562499995 -47.56835937500003
-74.24291992187497 -47.559667968750034
-74.32368164062498 -47.531445312500054
-74.48266601562494 -47.43046875
-74.40327148437495 -47.327539062499994
-74.215673828125 -47.20957031250002
-74.15839843749998 -47.18251953125002
-74.20805664062496 -47.08310546875002
-74.15190429687499 -46.97441406249999
-74.20947265624997 -46.88476562500003
-74.31357421874998 -46.78818359374998
-74.45419921875 -46.76679687499997
-74.48442382812496 -46.795019531250034
-74.48935546874998 -46.834570312500006
-74.46699218749995 -46.864355468750034
-74.48017578124998 -46.88583984374998
-74.51225585937493 -46.88515625
-74.6908203125 -46.863964843750054
-74.81064453124998 -46.79970703125001
-75.00595703124998 -46.74111328124998
-75.03144531249993 -46.69531249999997
-75.05253906249996 -46.628027343750034
-74.98417968749999 -46.51210937499995
-75.01875 -46.51054687499999
-75.14575195312494 -46.60009765625003
-75.33740234375 -46.647070312500006
-75.47841796874997 -46.66240234375002
-75.54033203124996 -46.69873046874996
-75.56508789062502 -46.728710937500026
-75.52758789062503 -46.74638671874999
-75.44599609375001 -46.75078124999999
-75.38642578124995 -46.862695312499966
-75.40122070312503 -46.90566406250002
-75.43037109374993 -46.93457031250004
-75.49663085937502 -46.940136718750026
-75.63525390625003 -46.862792968749986
-75.70810546875003 -46.775
-75.70639648437503 -46.705273437500054
-75.65678710937496 -46.610351562499986
-75.43691406250002 -46.48300781249998
-75.37602539062496 -46.42910156250001
-75.24702148437498 -46.3693359375
-75.074853515625 -46.23457031249998
-74.924462890625 -46.15966796875
-74.99765624999998 -46.097656249999986
-75.07451171874999 -46.004492187500006
-75.06669921875002 -45.874902343749994
-74.76313476562498 -45.82363281250002
-74.63066406249999 -45.84472656249997
-74.46279296875 -45.84072265624995
-74.369140625 -45.80966796875002
-74.30117187500002 -45.80302734375
-74.15786132812494 -45.76718749999998
-74.09619140625 -45.716796875000014
-74.08183593750002 -45.67832031249999
-74.08251953124997 -45.6447265625
-74.099267578125 -45.60341796875001
-74.122705078125 -45.49619140625002
-74.09892578125002 -45.460351562499994
-74.03754882812495 -45.41767578125001
-73.95717773437502 -45.40439453124996
-73.92031249999997 -45.40771484375003
-73.825 -45.446875
-73.844140625 -45.50244140624996
-73.88232421874994 -45.5693359375
-73.96025390625002 -45.83525390624999
-73.99951171875003 -45.89531250000006
-74.06103515625003 -45.947363281250006
-74.019921875 -46.055859375
-74.08154296875003 -46.131835937500014
-74.35678710937498 -46.21269531250006
-74.39296874999997 -46.217382812500034
-74.37246093749997 -46.24628906249998
-74.21313476562503 -46.23945312500001
-74.08974609375002 -46.22236328124998
-73.96757812499999 -46.15410156250003
-73.92919921875 -46.04990234375002
-73.87871093750002 -45.846875
-73.81254882812493 -45.818164062499974
-73.73525390625 -45.81171875
-73.69487304687496 -45.85957031249997
-73.70791015624994 -45.96669921875004
-73.708154296875 -46.070312500000014
-73.81064453125 -46.37734375000004
-73.93481445312497 -46.500683593750026
-73.94863281249997 -46.533105468749966
-73.94375 -46.57158203124999
-73.84536132812497 -46.566015625
-73.77026367187503 -46.49980468750002
-73.71621093749994 -46.415234375000026
-73.66206054687501 -46.297460937500006
-73.66821289062503 -46.212109375000026
-73.65166015624993 -46.15927734375002
-73.62944335937493 -45.9865234375
-73.59184570312502 -45.89912109375004
-73.59433593749998 -45.77685546875
-73.661962890625 -45.73076171875002
-73.756591796875 -45.70283203125001
-73.78037109374995 -45.62792968750003
-73.73076171874999 -45.47998046875
-73.54990234375 -45.48378906249998
-73.378564453125 -45.382812500000014
-73.2662109375 -45.346191406250014
-73.20234374999998 -45.35380859375006
-72.97817382812497 -45.451171875
-72.93383789062497 -45.452343750000054
-72.9408203125 -45.41728515625002
-72.97553710937495 -45.39257812499996
-73.0638671875 -45.35976562500002
-73.22636718749999 -45.25517578125003
-73.44497070312502 -45.23818359375004
-73.40488281250003 -45.10234374999999
-73.362451171875 -44.97822265625001
-73.25644531249998 -44.96103515624998
-73.07841796874996 -44.92021484375
-72.73896484374998 -44.73417968750003
-72.68007812499997 -44.59394531249997
-72.66386718749996 -44.43642578125004
-72.8275390625 -44.39541015625002
-73.00102539062499 -44.292382812499994
-73.140966796875 -44.2375
-73.26508789062495 -44.16865234375001
-73.24072265624997 -44.06572265625
-73.22446289062503 -43.897949218750014
-73.06879882812495 -43.86201171874998
-72.99658203124997 -43.63154296875001
-73.10097656250002 -43.45517578124996
-73.07597656249999 -43.323632812499994
-72.93999023437499 -43.21132812500002
-72.91547851562498 -43.13359375
-72.87802734374998 -43.04814453125
-72.75800781249995 -43.039453125
-72.75537109374994 -42.99296875000003
-72.766015625 -42.908203125
-72.844970703125 -42.80800781250001
-72.848046875 -42.669140625000054
-72.77392578125 -42.505175781250045
-72.65483398437499 -42.51660156249997
-72.6318359375 -42.50966796874998
-72.71630859375 -42.41044921875002
-72.78515624999997 -42.301269531249986
-72.77324218749996 -42.257714843749994
-72.70737304687503 -42.220507812500045
-72.63105468749993 -42.199804687500006
-72.54843749999998 -42.25576171875004
-72.43027343749998 -42.43388671875
-72.41235351562497 -42.388183593750014
-72.46010742187502 -42.20664062499998
-72.49941406250002 -41.98085937499998
-72.62397460937501 -42.01054687499999
-72.73818359375 -41.99462890625004
-72.78120117187498 -41.959570312500006
-72.824072265625 -41.90878906250005
-72.78383789062497 -41.84677734375002
-72.74370117187496 -41.80058593750003
-72.65986328124995 -41.74248046875
-72.48603515624998 -41.72207031250002
-72.36040039062496 -41.64912109375
-72.31826171875 -41.49902343749997
-72.35947265625003 -41.51386718749997
-72.427734375 -41.64589843749995
-72.5423828125 -41.690625
-72.600830078125 -41.684082031250014
-72.669775390625 -41.659375
-72.80512695312495 -41.544335937499966
-72.87998046875003 -41.517578125000014
-72.95283203124995 -41.51474609374998
-73.014990234375 -41.54384765624995
-73.174072265625 -41.74658203125004
-73.241796875 -41.780859375
-73.52128906249993 -41.797070312500026
-73.6240234375 -41.77363281250004
-73.73515624999999 -41.74248046875
-73.721875 -41.692480468750034
-73.68808593749998 -41.63925781250002
-73.62504882812493 -41.61191406249996
-73.62392578124997 -41.581347656250045
-73.71064453124995 -41.57363281249998
-73.81074218749993 -41.517480468749994
-73.85502929687499 -41.44638671874999
-73.87617187499993 -41.31933593750004
-73.96586914062502 -41.11826171875002
-73.98359374999998 -40.97431640625001
-73.92031249999997 -40.87158203125004
-73.784033203125 -40.46845703124998
-73.74248046874996 -40.262988281250045
-73.66943359375 -40.08232421875
-73.67099609374998 -39.963183593749974
-73.48222656249996 -39.854296875
-73.410400390625 -39.78916015624996
-73.24990234375 -39.42236328125003
-73.22646484375 -39.22441406250002
-73.48076171874993 -38.6240234375
-73.52021484374998 -38.509375
-73.532568359375 -38.366796875
-73.471875 -38.13007812500001
-73.46479492187498 -38.04033203125002
-73.516748046875 -37.91054687500005
-73.66181640624995 -37.69853515625002
-73.66459960937499 -37.59042968750002
-73.60341796874997 -37.47910156249999
-73.66240234374999 -37.34101562500001
-73.633642578125 -37.25546875
-73.60166015624998 -37.18847656250003
-73.37456054687499 -37.22431640625004
-73.27109375000003 -37.20742187499998
-73.215966796875 -37.16689453124998
-73.1728515625 -37.053515624999974
-73.15126953124997 -36.876171875
-73.13779296874998 -36.79990234374999
-73.11806640624994 -36.68837890625001
-73.00659179687497 -36.64345703125001
-72.96782226562499 -36.53779296874998
-72.87456054687499 -36.390429687499974
-72.77841796875003 -35.978515624999986
-72.68339843749993 -35.876953125
-72.58735351562501 -35.759667968749994
-72.62392578125 -35.5857421875
-72.56206054687502 -35.50537109374997
-72.50517578124996 -35.44697265624997
-72.45498046874994 -35.340820312500014
-72.38671875 -35.2404296875
-72.22377929687502 -35.09619140625
-72.18242187500002 -34.92021484375003
-72.05595703125002 -34.61582031250002
-72.03076171875003 -34.42050781250002
-71.99150390624993 -34.28847656250004
-72.00283203125002 -34.16533203124999
-71.92685546875 -34.015625
-71.85395507812498 -33.88955078125002
-71.83095703125 -33.81953124999997
-71.66435546874999 -33.65263671874999
-71.63627929687496 -33.51923828125
-71.69550781249995 -33.42900390624999
-71.69658203124999 -33.2890625
-71.74296875000002 -33.09511718750001
-71.63554687499999 -33.02255859374996
-71.592041015625 -32.96953125
-71.45224609375003 -32.65957031250001
-71.46142578124994 -32.53789062499999
-71.42128906249994 -32.386816406250034
-71.51303710937498 -32.20791015625001
-71.52587890625003 -31.805859374999983
-71.57729492187502 -31.496386718750003
-71.66196289062503 -31.16953125000002
-71.65390625 -30.986621093749974
-71.70566406249998 -30.759277343750014
-71.70893554687501 -30.62802734375002
-71.66948242187496 -30.33037109375003
-71.40039062499994 -30.14296875000005
-71.34804687499994 -29.933203125000034
-71.31572265625002 -29.649707031250017
-71.32670898437496 -29.44316406250003
-71.35327148437503 -29.35039062499996
-71.48583984374994 -29.198242187499957
-71.51923828125001 -28.92646484375001
-71.49360351562493 -28.85527343749999
-71.38408203125002 -28.778710937500023
-71.30673828124998 -28.67246093750005
-71.266845703125 -28.507519531250026
-71.18642578124997 -28.37783203124998
-71.15449218749995 -28.0640625
-71.08652343749995 -27.814453125000043
-71.05263671875 -27.727343749999974
-70.94580078124997 -27.617871093750054
-70.92578124999997 -27.58867187499996
-70.90927734375 -27.505175781250003
-70.91425781249995 -27.30791015624996
-70.89790039062498 -27.1875
-70.81274414062497 -26.950585937499994
-70.80292968750001 -26.840917968750034
-70.70839843750002 -26.59697265624999
-70.68696289062501 -26.42177734375001
-70.64658203125003 -26.329394531250017
-70.66225585937502 -26.22539062499996
-70.63544921874998 -25.992675781249986
-70.699609375 -25.861132812500003
-70.71372070312503 -25.784179687499957
-70.63300781249993 -25.545605468750026
-70.578125 -25.4875
-70.489501953125 -25.37646484375003
-70.45219726562496 -25.25185546875005
-70.44536132812499 -25.17265624999999
-70.55864257812496 -24.778515624999983
-70.57412109375002 -24.644335937500003
-70.54643554687496 -24.331640624999977
-70.507421875 -24.129687500000045
-70.52006835937502 -23.96855468749999
-70.507421875 -23.8857421875
-70.48779296875003 -23.781738281250043
-70.40996093749996 -23.655566406250003
-70.39233398437503 -23.56591796875003
-70.41962890624998 -23.528515625000054
-70.51196289062497 -23.4828125
-70.58813476562503 -23.368359375000026
-70.59335937500003 -23.25546875000002
-70.56884765625 -23.173339843749986
-70.56318359375001 -23.05703125
-70.44965820312498 -23.03417968749997
-70.38916015625 -22.969628906249966
-70.33168945312502 -22.848632812500014
-70.25952148437497 -22.556054687499994
-70.22851562499994 -22.19316406249996
-70.18544921874997 -21.97460937500003
-70.15507812499999 -21.86660156250005
-70.12958984374995 -21.64082031249997
-70.08754882812502 -21.49306640624998
-70.08002929687498 -21.356835937500023
-70.08837890625 -21.25322265624996
-70.19702148437503 -20.72539062499999
-70.19365234374996 -20.531445312499997
-70.14746093749997 -20.229785156250003
-70.14814453125001 -19.80507812499999
-70.15742187499995 -19.70585937500003
-70.19833984375003 -19.612988281250026
-70.21040039062498 -19.486914062500006
-70.27578125 -19.267578125
-70.33486328124994 -18.827539062499966
-70.33608398437502 -18.59521484374997
-70.36162109374999 -18.39804687500005
-70.41826171874996 -18.345605468750023
-70.37749023437502 -18.333593749999963
-70.28227539062499 -18.325390624999983
-70.18378906249998 -18.32519531250003
-70.05908203124997 -18.283496093749974
-69.92636718749995 -18.206054687500014
-69.83969726562498 -18.093457031249983
-69.80258789062495 -17.990234375
-69.80244140625001 -17.9
-69.84150390624998 -17.78515624999997
-69.85209960937502 -17.70380859375001
-69.80610351562495 -17.664941406249994
-69.68476562500001 -17.649804687500023
-69.58642578124997 -17.573242187499957
-69.51093750000004 -17.50605468750004
-69.49501953125 -17.61953125
-69.35800781249998 -17.771679687499983
-69.31337890624994 -17.943164062500003
-69.28232421875 -17.964843749999986
-69.09394531250001 -18.050488281250026
-69.0904296875 -18.070703124999966
-69.11806640624994 -18.10273437500001
-69.14545898437501 -18.144042968749986
-69.12636718749994 -18.20244140624999
-69.09228515625003 -18.282421875000026
-69.08095703125002 -18.35664062500004
-69.06015624999995 -18.433007812499966
-69.039404296875 -18.550097656250017
-69.02680664062501 -18.65625
-68.978857421875 -18.81298828125003
-68.96909179687498 -18.90966796875
-68.96831054687499 -18.967968749999983
-68.93100585937495 -19.025195312500003
-68.85795898437499 -19.093359375000034
-68.75908203124999 -19.16220703125002
-68.6806640625 -19.24238281250001
-68.62055664062501 -19.296679687499974
-68.54785156249994 -19.341113281249974
-68.49199218749993 -19.38193359375002
-68.47016601562501 -19.40996093749996
-68.46289062499997 -19.4328125
-68.48701171874998 -19.45439453124996
-68.57529296874995 -19.56015625
-68.69829101562496 -19.721093750000023
-68.69619140624997 -19.74072265625003
-68.57827148437502 -19.85654296874999
-68.559375 -19.90234375
-68.560693359375 -19.96708984374996
-68.60019531249995 -20.044921875
-68.72749023437495 -20.069628906249974
-68.75581054687495 -20.09082031250003
-68.75932617187496 -20.115527343750003
-68.73002929687493 -20.148437499999957
-68.73457031249998 -20.225195312499963
-68.68857421874992 -20.310058593750014
-68.71230468749997 -20.338964843749963
-68.75922851562493 -20.378027343750006
-68.76054687499993 -20.41621093749997
-68.74516601562499 -20.45859375
-68.69580078124997 -20.492968749999974
-68.49985351562495 -20.612011718749983
-68.48432617187498 -20.628417968749957
-68.48740234374998 -20.640722656249977
-68.56318359374995 -20.72011718749998
-68.57104492187497 -20.76914062500002
-68.56894531249998 -20.849804687500026
-68.55825195312502 -20.90195312499999
-68.53383789062502 -20.92363281249996
-68.43549804687498 -20.9482421875
-68.31386718749997 -21.129687500000017
-68.19702148437497 -21.300292968749957
-68.19853515625002 -21.44726562499997
-68.18642578124994 -21.618554687499966
-68.112158203125 -21.753027343750006
-68.10180664062503 -21.86064453124999
-68.07675781249998 -21.9828125
-67.98837890625 -22.057128906249957
-67.95390625000002 -22.204003906250037
-67.94492187499995 -22.282226562499986
-67.95039062500001 -22.333691406249997
-67.88173828124997 -22.49335937500001
-67.87373046875001 -22.630566406249997
-67.88999023437495 -22.72919921875001
-67.88916015624997 -22.78417968750003
-67.87944335937502 -22.82294921875001
-67.82050781250001 -22.85771484374999
-67.79443359375003 -22.87949218749999
-67.70732421874996 -22.88916015625

