110.93828124999999 19.947558593750017
110.97070312500011 19.88330078124997
110.9976562500002 19.76469726562499
111.013671875 19.65546875000001
110.9126953125002 19.586083984374994
110.822265625 19.557910156250045
110.64091796874999 19.291210937499983
110.6031250000002 19.20703124999997
110.57216796875014 19.171875
110.56250000000011 19.135156249999966
110.5660156250002 19.098535156249966
110.51933593749999 18.97021484375003
110.4776367187502 18.812597656249977
110.45126953125009 18.747949218749966
110.3995117187502 18.698339843749977
110.33369140625001 18.67329101562504
110.29082031250016 18.669531249999977
110.25175781250005 18.65576171875
110.15625000000011 18.56982421875
110.04853515625018 18.505224609374977
110.06640625000011 18.47563476562499
110.06738281250011 18.447558593750045
110.02021484375001 18.41625976562497
109.96767578124997 18.42207031250001
109.81562500000018 18.396679687499983
109.759765625 18.348291015624994
109.70273437500009 18.259130859375034
109.68105468750014 18.24711914062499
109.58955078125001 18.226318359375
109.51933593750005 18.21826171874997
109.40009765625018 18.281103515624977
109.3409179687502 18.299609375000017
109.1832031250002 18.325146484374983
109.02988281250003 18.367773437500034
108.92226562499997 18.416113281250034
108.70156250000014 18.535253906249977
108.67607421874999 18.75024414062497
108.63808593749997 18.866308593750006
108.63564453125014 18.90771484375
108.6500000000002 19.265039062499966
108.66552734375 19.304101562500023
108.69355468750018 19.338281249999966
108.791015625 19.418164062499983
108.90283203125011 19.481347656249994
109.06289062500014 19.613574218750017
109.17910156249997 19.67412109374999
109.27666015625016 19.761132812499966
109.21953125000016 19.757470703125023
109.17744140625018 19.768457031250023
109.21894531250001 19.84282226562499
109.26347656250005 19.882666015625034
109.31484375000014 19.904394531250006
109.41816406250001 19.88881835937505
109.51367187500011 19.904248046874983
109.58427734375005 19.970312500000034
109.65136718750011 19.984375
109.90625 19.962744140625006
110.08300781250011 19.99291992187503
110.17158203125001 20.05371093749997
110.21337890625011 20.056054687499994
110.34394531250018 20.038818359375057
110.39228515625007 19.97558593750003
110.38798828125016 20.018017578124983
110.39355468749994 20.059228515625023
110.41757812500003 20.05473632812499
110.58818359374999 19.976367187500017
110.58876953125014 20.072460937499983
110.59833984375001 20.097607421874955
110.65175781249997 20.137744140625045
110.67851562499999 20.137060546874977
110.74453125000014 20.059472656249994
110.80908203124994 20.014404296875057
110.88876953125003 19.991943359375

110.42236328124994 21.05859374999997
110.5215820312502 21.083105468749977
110.53955078124994 21.039013671874983
110.53886718750016 21.018457031249966
110.50390624999994 20.96772460937501
110.421875 21.00688476562499
110.33994140625003 20.99775390625001
110.28095703125001 21.001171874999983
110.2646484375 21.02519531249999
110.30986328125016 21.074755859375074
110.38515625000014 21.093164062499994

112.54560546875018 21.618505859375006
112.525 21.62304687500003
112.55898437500014 21.674755859374983
112.64765625000018 21.710253906250045
112.64375000000018 21.63964843750003

112.7710937500002 21.58183593749999
112.74199218750005 21.618066406249994
112.73349609375009 21.669921875
112.71269531249999 21.69794921875001
112.76054687500016 21.733251953125006
112.78203124999999 21.772265625000045
112.83906250000018 21.764501953124977
112.86259765624999 21.752636718749955
112.8125976562502 21.71215820312497
112.80068359374997 21.694873046875017
112.79023437500018 21.60185546874999

113.56367187500018 22.757910156250034
113.48564453124999 22.828320312499983
113.46337890625011 22.832373046875034
113.42607421875005 22.858593749999955
113.40439453125003 22.90283203125
113.46494140625003 22.90454101562497
113.52050781250011 22.85205078125003
113.55527343750009 22.80419921874997

118.14951171875009 24.436132812499977
118.09052734375007 24.446142578124977
118.08876953125014 24.488867187499977
118.07675781250009 24.501416015624955
118.09296875000001 24.541210937499983
118.10380859374999 24.552343750000034
118.17070312500005 24.518505859374983
118.18300781249997 24.496289062499983

119.7466796875002 25.410693359375017
119.70029296875009 25.432714843749977
119.69941406250018 25.494726562500006
119.72304687500002 25.550585937500017
119.69599609375018 25.590869140625045
119.72255859375002 25.638818359374966
119.7779296875002 25.653173828125034
119.79746093750009 25.623242187499983
119.82871093750003 25.607373046874955
119.83837890625 25.591064453125
119.83867187500005 25.559667968750006
119.80908203124994 25.5078125
119.83242187500002 25.479589843750034
119.82089843750003 25.456982421874955

121.16425781250018 28.0625
121.13154296875018 28.062597656250006
121.13398437500007 28.13525390624997
121.20546875000014 28.204394531250045
121.234375 28.18129882812505
121.2509765625 28.145214843749983
121.25136718749997 28.08642578124997

122.16904296875003 29.660253906249977
122.08378906249999 29.725341796875
122.04267578125018 29.735937500000034
122.06230468750016 29.77275390624999
122.11962890625011 29.78222656249997
122.16503906249994 29.700781249999977
122.17255859375018 29.67900390624999

122.39404296875 29.84609375
122.36757812500002 29.852685546875023
122.33183593749999 29.934960937499994
122.35097656250002 29.955224609375023
122.40156250000018 29.95024414062499
122.40390625000003 29.892382812500017

122.28154296875016 29.94384765625003
122.15781250000009 30.00126953124999
122.0240234375002 30.013330078124966
121.97783203124999 30.063818359375034
121.96943359375018 30.143115234375045
122.11054687500007 30.139746093749977
122.28447265625005 30.068017578125023
122.32226562500011 30.031396484375023
122.2958984375 29.963427734375017

121.78046875000001 31.463769531249966
121.51992187499997 31.54960937499996
121.33642578125 31.64375
121.22685546875016 31.75810546874999
121.21113281250007 31.80537109375001
121.33896484375003 31.79736328124997
121.46416015625016 31.756445312500006
121.4917968750002 31.69365234374999
121.54228515624999 31.673925781249977
121.57656249999997 31.637304687499977
121.80830078125001 31.552148437500023
121.84365234375014 31.52636718750003
121.86269531250002 31.492285156250006

123.5347656250002 53.526464843750006
123.55976562500007 53.52666015624996
123.60781249999997 53.54653320312502
123.74091796875001 53.51098632812497
123.9947265625002 53.405615234375006
124.15429687499994 53.358691406250045
124.21992187500018 53.37011718749997
124.29140624999997 53.34086914062496
124.36914062500011 53.27094726562501
124.4659179687502 53.22963867187502
124.63984375000018 53.21064453124998
124.81230468750016 53.13383789062496
124.88212890625016 53.129736328125006
124.90664062500002 53.17265625
124.97089843750007 53.19731445312502
125.075 53.20366210937499
125.2255859375 53.16582031249999
125.4224609375002 53.08374023437497
125.54599609375003 53.04760742187497
125.59599609375005 53.057470703125034
125.64902343750009 53.04228515624996
125.69169921875016 53.00371093750002
125.69531250000011 52.95629882812503
125.68076171875009 52.930810546874994
125.7281250000002 52.890722656250006
125.78281250000009 52.890722656250006
125.871875 52.87153320312498
125.94160156250018 52.80068359375005
126.00429687499997 52.76787109375002
126.04814453125005 52.73945312500001
126.05605468750014 52.71586914062499
126.0601562500002 52.691992187500006
126.04707031250018 52.673486328124966
126.02324218750005 52.64301757812498
126.01601562499997 52.610205078125034
126.04589843750011 52.573339843750006
126.15664062500014 52.54663085937497
126.1944335937502 52.51914062499998
126.20292968750016 52.48383789062498
126.23759765624999 52.44482421875003
126.31289062499997 52.39975585937498
126.34169921874997 52.36201171875001
126.32421875 52.33164062500006
126.3462890625002 52.30625
126.38349609375007 52.286523437499994
126.39150390625002 52.214501953124994
126.39482421875016 52.172998046874966
126.45556640625011 52.12646484375
126.46806640625016 52.03129882812496
126.51054687499999 51.92583007812499
126.65371093750014 51.78129882812502
126.70078125000003 51.703027343749966
126.68867187500007 51.60991210937502
126.70917968750007 51.566308593749994
126.77451171875003 51.54506835937502
126.80546875000016 51.50566406249999
126.80175781250011 51.44804687499999
126.82734375000018 51.412255859374966
126.84775390625003 51.37416992187502
126.83378906250016 51.314892578124955
126.85439453124997 51.261376953124966
126.88769531250011 51.230126953124994
126.91152343749997 51.17231445312504
126.92480468750011 51.10014648437499
127.02041015625014 50.98588867187499
127.19824218749994 50.82944335937498
127.30703125000002 50.70795898437501
127.346875 50.62133789062506
127.34716796875011 50.55009765625002
127.30820312500009 50.49418945312499
127.30605468749997 50.453515624999966
127.34082031249994 50.428076171875034
127.3511718750002 50.39360351562502
127.33720703125005 50.35014648437496
127.39531250000016 50.29858398437503
127.59023437500014 50.20898437499997
127.51230468750009 50.071679687499966
127.49179687500009 49.97504882812501
127.50244140625011 49.8734375
127.55078125000011 49.80180664062496
127.63671875000011 49.76020507812501
127.69013671875018 49.716748046874955
127.71113281250018 49.671533203124994
127.81425781250016 49.62211914062496
127.99960937500003 49.56860351562497
128.23710937500005 49.559277343749955
128.52675781249997 49.59423828124997
128.70400390625014 49.60014648437502
128.76904296874994 49.57695312499999
128.791015625 49.541845703125034
128.77031250000005 49.494726562500034
128.8193359375 49.46376953125002
128.93828125000016 49.44892578125001
129.02031250000016 49.41923828125002
129.06513671875007 49.374658203124994
129.1201171875 49.362060546875
129.1851562500002 49.381396484375045
129.24843750000002 49.378662109375
129.30986328125 49.353857421875006
129.3500976562501 49.36235351562496
129.38466796875014 49.38945312499999
129.44072265625005 49.38945312499999
129.4981445312501 49.38881835937502
129.53369140624994 49.323437499999955
129.5914062500001 49.28666992187502
129.67109375000007 49.278515624999955
129.7925781250002 49.198876953124966
130.0371093750001 48.972265625
130.19599609375007 48.89165039062499
130.3552734375 48.866357421874994
130.553125 48.861181640625006
130.6171875 48.77319335937503
130.565625 48.68012695312498
130.55214843750014 48.60249023437498
130.5972656250002 48.57465820312498
130.6591796875001 48.48339843749997
130.746875 48.43037109374998
130.76347656250005 48.38842773437497
130.8042968750001 48.34150390625001
130.7872070312501 48.25458984374998
130.71210937500007 48.127636718749955
130.73261718750007 48.01923828124998
130.84863281249994 47.929443359375
130.91542968749997 47.842919921874966
130.93281250000007 47.75981445312499
130.96191406249994 47.709326171875006
131.002734375 47.69145507812502
131.121875 47.69765625000002
131.3193359375001 47.72783203124996
131.46425781249997 47.722607421874955
131.5567382812501 47.68203125000005
131.7852539062502 47.680517578125006
132.14980468750002 47.71796874999998
132.38017578125016 47.72949218750003
132.47626953125018 47.714990234374994
132.56191406250014 47.76850585937498
132.63691406250007 47.89008789062498
132.70722656250018 47.94726562499997
132.77285156250014 47.94008789062502
132.87714843750007 47.97910156249998
133.02011718750003 48.064404296874955
133.14404296875 48.10566406250001
133.30117187500002 48.101513671874955
133.46835937500003 48.09716796874997
133.5732421875001 48.13300781249998
133.67177734375014 48.20771484375001
133.84218750000002 48.27373046874996
134.20585937500005 48.35991210937502
134.29335937500002 48.37343750000002
134.33496093749994 48.36884765624998
134.4561523437502 48.35532226562498
134.5635742187501 48.32172851562498
134.66523437500018 48.25390625000003
134.68085937500018 48.21044921875006
134.66933593750014 48.15332031250003
134.64726562500016 48.12016601562496
134.60537109374997 48.082910156249994
134.5660156250002 48.02250976562496
134.59130859374994 47.97519531249998
134.65029296874997 47.87426757812503
134.69863281250014 47.80141601562502
134.75234374999997 47.715429687500006
134.7281250000002 47.684472656249994
134.6958007812501 47.624853515625034
134.59619140624994 47.52387695312498
134.54189453125002 47.48515624999999
134.4834960937502 47.447363281250006
134.38251953125007 47.43823242187503
134.3394531250001 47.42949218750002
134.2908203125 47.41357421874997
134.26005859375016 47.37773437499996
134.22519531250003 47.35263671874998
134.16767578125007 47.30219726562501
134.16298828125002 47.258740234374955
134.18925781250005 47.194238281249966
134.2021484375 47.128076171874994
134.13691406250018 47.06899414062502
134.0864257812501 46.978125
134.0713867187501 46.95078125
134.04599609375003 46.88198242187502
134.03857421874994 46.85815429687497
134.02265625000018 46.71318359375002
133.95751953124994 46.61425781250003
133.86660156250002 46.499121093750006
133.8867187500001 46.430566406249994
133.90273437500002 46.366943359375
133.88027343750014 46.336035156250006
133.8748046875 46.30908203125003
133.8613281250001 46.247753906249955
133.83281250000016 46.224267578124966
133.75019531250018 46.185937499999966
133.70068359374994 46.13974609374998
133.71113281250007 46.06962890624999
133.6857421875 46.008935546874966
133.64785156250014 45.955224609374966
133.6080078125001 45.920312499999966
133.55117187500014 45.89780273437498
133.51308593750014 45.87880859375002
133.48466796875 45.810449218749966
133.47578125000007 45.757666015625034
133.44912109375014 45.70507812499997
133.465625 45.651220703125034
133.43642578125014 45.604687499999955
133.35546875 45.57221679687501
133.30957031249994 45.553076171875006
133.26699218749997 45.545263671875006
133.1860351562501 45.494824218749955
133.1133789062502 45.321435546874994
133.096875 45.22045898437503
133.11347656250007 45.130712890625034
133.0117187500001 45.074560546875034
132.93603515624994 45.02993164062502
132.8887695312502 45.04604492187502
132.83867187500005 45.06113281249998
132.80953302719712 45.06603444454797
132.80820312500003 45.14877929687498
132.7251953125001 45.230078125000034
132.57949218750008 45.296240234375006
132.40195312500003 45.328955078125006
132.23017578125007 45.32841796874999
132.07109375000005 45.28681640625004
132.02378418738726 45.23471998242752
131.9775390625001 45.243994140625006
131.90927734375003 45.273730468750045
131.85185546875016 45.32685546875001
131.7949218750001 45.30527343749998
131.74208984375002 45.24262695312501
131.65400390625018 45.20537109374996
131.61396484375018 45.13657226562498
131.5787109375002 45.08364257812502
131.48750000000018 45.013134765624955
131.446875 44.984033203124994
131.26826171875018 44.936132812500006
131.22792968750014 44.92016601562503
131.08232421875016 44.910009765625006
131.03300781250016 44.888867187499955
130.98164062500007 44.844335937500034
130.9677734375 44.799951171874966
131.00390625 44.75322265624996
131.0606445312501 44.65966796875
131.0869140625001 44.59565429687501
131.12578125000005 44.46918945312498
131.25527343750014 44.07158203124999
131.21328125000002 44.00292968750003
131.17421875000014 43.704736328124966
131.18359375 43.65087890625
131.18007812499997 43.56708984374998
131.18242187500005 43.505566406249955
131.20917968750007 43.49042968749998
131.24394531250005 43.46904296874999
131.2618164062502 43.43305664062504
131.2573242187501 43.37807617187502
131.2393554687501 43.33764648437503
131.2119140625 43.25776367187501
131.17558593750016 43.1421875
131.13554687500016 43.09760742187498
131.1089843750001 43.06245117187501
131.0861328125 43.03808593750003
131.0834960937501 42.95629882812497
131.06855468750018 42.902246093749966
131.00556640625007 42.88310546874999
130.94287109375 42.85175781249998
130.86855468750014 42.86333007812496
130.80332031250003 42.856835937499966
130.72246093750005 42.83583984375005
130.5772460937502 42.81162109374998
130.49296875000016 42.77910156250002
130.45273437500003 42.75541992187499
130.42480468749994 42.72705078125
130.4199218750001 42.699853515624966
130.43925781250016 42.68554687499997
130.5206054687502 42.67431640625
130.57656250000014 42.62324218749998
130.58447265625 42.567333984374955
130.5269531250001 42.53540039062503
130.49824218750018 42.57050781249998
130.4502929687501 42.581689453124966
130.36074218750014 42.63085937500003
130.29560546875018 42.68496093750002
130.2466796875001 42.74482421874998
130.24882812500016 42.87260742187499
130.2403320312502 42.89179687499998
130.15126953125002 42.91796874999997
130.12480468750005 42.95600585937501
130.08261718750003 42.97416992187499
130.022265625 42.96259765625001
129.97695312500002 42.97485351562503
129.94121093750005 42.99565429687499
129.89824218750016 42.99814453124998
129.86103515625 42.965087890625
129.84150390625007 42.894238281249955
129.77919921875014 42.776562499999955
129.7734375000001 42.70546875000002
129.74648437500014 42.60380859375002
129.7197265625001 42.475
129.6978515625002 42.44814453125002
129.62792968749994 42.44428710937504
129.60390625000014 42.435888671875006
129.567578125 42.39208984374997
129.52373046875016 42.384667968749966
129.48486328124994 42.41030273437502
129.4236328125 42.435888671875006
129.3658203125002 42.43920898437497
129.31367187500018 42.41357421875
129.25253906250003 42.35786132812501
129.2177734375 42.312695312499955
129.20537109375005 42.27055664062499
129.19550781250018 42.21845703125004
129.13369140625002 42.16850585937499
129.07724609375003 42.14238281249999
128.96064453125018 42.06879882812501
128.92343750000003 42.038232421874994
128.83984375 42.037841796875
128.74902343749994 42.040673828124966
128.6267578125 42.020849609375006
128.42724609374994 42.0107421875
128.30781250000007 42.025634765625
128.16015625 42.011621093749994
128.04521484375005 41.9875
128.02871093750014 41.95161132812501
128.03291015625018 41.898486328125045
128.05605468750002 41.86376953124997
128.08417968750007 41.84057617187497
128.1319335937502 41.76914062499998
128.1817382812502 41.700048828125006
128.2578125 41.65537109374998
128.28925781250018 41.60742187499997
128.29091796874997 41.562792968750045
128.2548828125001 41.50654296875004
128.2002929687501 41.433007812499966
128.1494140625001 41.38774414062499
128.11123046874997 41.389257812500034
128.05273437499994 41.415625
128.01308593750014 41.448681640624955
127.91865234375018 41.46113281250001
127.68769531250001 41.43999023437496
127.57216796875002 41.454736328124966
127.51699218750014 41.48173828124996
127.42031249999997 41.48378906250002
127.27080078124999 41.51982421874999
127.1796875 41.531347656250034
127.13671875000011 41.554541015625034
127.12841796875011 41.60742187499997
127.08535156250014 41.64379882812503
127.06132812500005 41.687353515625006
127.00693359375003 41.742041015625034
126.95478515625018 41.769482421874955
126.90351562500007 41.78105468749999
126.84726562500003 41.74799804687501
126.78769531250009 41.71821289062498
126.74306640625014 41.724853515625
126.72158203125002 41.716552734375
126.69697265625007 41.69189453125006
126.60126953125001 41.64096679687498
126.57832031250007 41.59433593749998
126.54013671875009 41.49555664062501
126.51357421875002 41.39399414062501
126.49042968750018 41.358056640624966
126.45146484375016 41.35185546874996
126.41181640625007 41.32133789062496
126.3287109375002 41.225683593750006
126.25361328125018 41.137792968750034
126.14453124999994 41.078271484374994
126.09316406249997 41.02368164062497
126.06679687500014 40.97407226562501
125.98906249999999 40.90463867187498
125.87490234375002 40.89223632812502
125.78398437500016 40.87202148437498
125.72832031250016 40.86669921874997
125.68828124999999 40.838671875000045
125.65917968750011 40.79589843750003
125.6451171875002 40.77895507812505
125.5938476562502 40.77895507812505
125.54257812500009 40.74257812499999
125.41689453125014 40.65991210937503
125.31445312499994 40.644628906250034
125.18593749999997 40.58940429687496
125.07294921875007 40.547460937500034
125.02597656250009 40.52387695312504
125.01337890625018 40.49785156249996
124.996875 40.464746093749966
124.94228515624997 40.458154296874966
124.88935546875007 40.459814453125034
124.77197265625011 40.38374023437498
124.71240234374994 40.319238281249994
124.48105468750009 40.18164062500003
124.38662109375014 40.10424804687497
124.36210937499999 40.004052734374994
124.35000000000014 40.011572265625034
124.26748046875002 39.92416992187498
124.10576171874999 39.84101562500001
123.76015625000014 39.82241210937502
123.65087890625 39.881591796875
123.61123046874997 39.84082031249997
123.58066406250003 39.7861328125
123.49003906250016 39.76787109375002
123.34814453125011 39.762939453125
123.26894531250014 39.726904296875034
123.22656249999994 39.68662109374998
123.03222656249994 39.67353515624998
122.96093750000011 39.61992187499999
122.84003906250018 39.600830078125
122.33486328125002 39.366113281249966
122.225 39.267333984375
122.12089843750005 39.151904296875045
122.04765625000005 39.09379882812502
121.98232421875014 39.05317382812498
121.92265625000016 39.036523437499966
121.86435546875009 38.99648437499999
121.80517578125011 38.99140625000001
121.74482421875007 39.00966796875002
121.67724609374994 39.00341796874997
121.6328125 38.95483398437503
121.67041015625 38.89179687499998
121.64990234375 38.865087890625034
121.51718750000003 38.83076171874998
121.32011718750005 38.808203125
121.23632812500011 38.766943359375034
121.20742187500002 38.74350585937506
121.16357421874994 38.731640624999955
121.1216796875002 38.81328125
121.10673828124999 38.92080078125002
121.18828124999999 38.946679687499966
121.2632812500002 38.96025390624999
121.67988281250007 39.10869140625002
121.62763671875018 39.22016601562498
121.66455078124994 39.26875
121.75781249999994 39.34755859375002
121.81845703125003 39.38652343749996
121.78544921875016 39.40083007812504
121.51250000000016 39.37485351562498
121.35566406250018 39.376806640625034
121.2754882812502 39.38476562500006
121.2998046875 39.45219726562502
121.28632812500018 39.51943359375002
121.26748046874997 39.54467773437503
121.40644531250007 39.621240234374994
121.46953124999999 39.64013671875003
121.51757812499994 39.63896484374996
121.51425781250009 39.68525390624998
121.47421875000009 39.75488281250003
121.51738281249999 39.84482421874998
121.80097656250001 39.950537109375034
121.86894531250005 40.04638671875
121.98281250000014 40.135839843750034
122.19091796875 40.358251953125034
122.20332031250001 40.39604492187502
122.26386718750001 40.50019531250001
122.275 40.54184570312506
122.1787109375 40.60273437500001
122.14042968749999 40.68818359375001
121.85878906250002 40.84208984375002
121.83486328125002 40.97426757812505
121.80859375 40.96850585937503
121.76562500000011 40.875878906249966
121.72929687499999 40.846142578124955
121.59892578124999 40.84340820312502
121.53710937500011 40.87841796874997
121.17451171875007 40.901269531249994
121.08593750000011 40.84160156250002
121.0029296875 40.749121093750006
120.92226562499997 40.68310546874997
120.84130859375011 40.64921874999999
120.77070312500001 40.58906249999998
120.4791015625002 40.23095703125003
120.36894531250016 40.20385742187503
119.85039062500005 39.987451171874994
119.59111328125016 39.902636718750045
119.39111328125 39.75249023437499
119.3223632812502 39.66162109375006
119.2613281250002 39.560888671875034
119.224609375 39.408056640625006
119.04013671875009 39.22236328125001
118.97695312499997 39.18256835937498
118.91230468750007 39.166406249999966
118.82646484375016 39.17211914062497
118.75244140625 39.160498046875006
118.62636718749997 39.17685546875006
118.47197265625016 39.11801757812498
118.29785156250011 39.06708984374998
118.14785156250002 39.19506835937503
118.04091796874997 39.22675781250001
117.86572265625 39.19125976562498
117.78466796875011 39.134472656249955
117.61669921875 38.852880859375034
117.55380859375003 38.69145507812502
117.55781250000007 38.62514648437502
117.65605468749999 38.42421875000002
117.76669921875009 38.311669921874994
118.01494140624999 38.18339843749999
118.54326171874999 38.09492187499998
118.6670898437502 38.126367187499994
118.80000000000018 38.12666015624998
118.9400390625002 38.04277343750002
119.02753906250018 37.90400390625001
119.03564453124994 37.809179687500034
119.03847656249997 37.776513671874966
119.0703125 37.74858398437496
119.08916015624999 37.70073242187499
119.03349609375016 37.661035156249966
118.99082031250003 37.64135742187506
118.95488281249999 37.49409179687498
118.95263671875011 37.331152343750006
118.99814453125003 37.277099609375
119.11181640625011 37.201171875
119.28740234374999 37.13828125000006
119.44990234375007 37.12475585937497
119.76054687499999 37.15507812500002
119.8875 37.253369140624955
119.8799804687502 37.295800781249994
119.88291015625009 37.350830078125
120.15585937500009 37.495019531249994
120.31152343750011 37.622705078124966
120.28710937500011 37.65649414062503
120.25722656250014 37.67900390624999
120.28466796874994 37.69208984374998
120.37011718749994 37.701025390625034
120.75 37.83393554687501
121.04902343750007 37.72519531249998
121.21953125000016 37.60014648437499
121.38808593750014 37.578955078125034
121.50527343750002 37.515039062499994
121.64023437500009 37.46035156250002
121.81640625 37.45664062499998
121.96484375000011 37.4453125
122.01015625000014 37.495751953124966
122.056640625 37.52890625000006
122.10957031250001 37.522314453125034
122.16914062500018 37.45615234374998
122.33769531250016 37.4052734375
122.4932617187502 37.40795898437503
122.60234375000016 37.426416015624966
122.6669921875 37.40283203125003
122.5733398437502 37.31791992187496
122.58730468750002 37.18110351562498
122.51552734375014 37.137841796874966
122.44667968750014 37.06811523437497
122.48740234375009 37.02226562499996
122.52343749999994 37.002636718749955
122.51972656250018 36.94682617187496
122.45703125000011 36.91513671874998
122.34091796875009 36.832226562499955
122.27421874999999 36.833837890625034
122.24228515625003 36.849853515625
122.2197265625 36.87954101562502
122.2032226562502 36.927197265624955
122.16240234375005 36.958642578124966
122.04951171875007 36.97075195312502
121.93271484375003 36.95947265625003
121.66962890625001 36.83637695312501
121.4130859375 36.738378906250034
121.14404296874994 36.66044921874996
121.05380859375003 36.61137695312499
120.98994140625018 36.59794921875002
120.87851562500003 36.635156249999966
120.81083984375005 36.63281250000003
120.79667968750016 36.60722656249996
120.88261718749999 36.53891601562498
120.90498046875001 36.48530273437498
120.89580078124999 36.444140625000045
120.84707031250014 36.42607421874999
120.77617187500016 36.45629882812503
120.71152343750003 36.413281249999955
120.6822265625002 36.34072265625002
120.68095703125005 36.16835937499999
120.63789062500007 36.12993164062496
120.51933593750016 36.10869140624999
120.39306640625011 36.05385742187502
120.3482421875002 36.079199218750034
120.33027343750018 36.11010742187503
120.34345703125001 36.18945312500003
120.3277343750002 36.228173828124994
120.2701171875002 36.226171875000034
120.18330078125018 36.20244140624999
120.11699218750016 36.15029296875002
120.09414062500014 36.11889648437503
120.18144531250016 36.017480468749966
120.26474609375003 36.00722656250002
120.28476562500003 35.98442382812499
120.21904296875016 35.934912109375034
120.0546875 35.86113281250002
120.0274414062502 35.79936523437496
119.97871093750007 35.74023437499997
119.91171875000009 35.693212890625006
119.86621093749994 35.643652343750034
119.810546875 35.61772460937499
119.71972656249994 35.588720703125034
119.60839843750011 35.469873046874966
119.5264648437502 35.358593749999955
119.42968750000011 35.30141601562502
119.35283203124999 35.11381835937499
119.2158203125 35.01176757812499
119.16533203124999 34.84882812500001
119.20097656250016 34.7484375
119.35136718750016 34.74941406250002
119.42675781249994 34.71416015625002
119.58291015624997 34.582226562499955
119.76972656250001 34.496191406250034
119.96367187499999 34.44780273437502
120.20146484375016 34.32568359375003
120.2666992187502 34.27402343749998
120.32265625000014 34.16899414062499
120.42568359374997 33.866308593750034
120.49980468750016 33.716455078124966
120.50478515625014 33.63818359375003
120.61562500000014 33.49052734374996
120.7344726562502 33.23662109375002
120.87109374999994 33.01650390625002
120.89736328124997 32.84321289062498
120.85302734375011 32.76411132812504
120.85322265625007 32.66137695312497
120.98994140625018 32.56704101562502
121.29335937500002 32.45732421874996
121.34169921875002 32.42504882812497
121.40097656250009 32.37192382812498
121.40390625000003 32.20625
121.4507812500002 32.15332031250003
121.49052734375005 32.12109375000003
121.67421874999997 32.05102539062497
121.75107421875009 31.99287109375001
121.83242187500014 31.899755859374977
121.85634765625014 31.81645507812496
121.8663085937502 31.703564453124983
121.76357421874997 31.699511718750045
121.68085937500018 31.71215820312503
121.35195312500014 31.858789062499966
121.26640625000005 31.862695312499966
121.14580078125016 31.84233398437499
120.97353515625014 31.869384765625
120.79169921875001 32.03173828125003
120.66054687500014 32.08105468750006
120.52011718750003 32.10585937500005
120.18408203124994 31.966162109375006
120.09873046875009 31.975976562499966
120.07392578125018 31.96025390624996
120.03593750000016 31.93627929687503
120.19160156250018 31.906347656249977
120.34746093750005 31.952099609374983
120.49716796875009 32.01982421875002
120.71552734375007 31.983740234375034
120.75224609374999 31.92285156249997
120.78779296875001 31.81977539062501
120.9375 31.750195312499955
121.05537109375001 31.71943359375001
121.20488281249999 31.628076171874966
121.35097656250014 31.4853515625
121.66064453124994 31.319726562500023
121.78593749999999 31.16289062499996
121.83447265625011 31.061621093750006
121.8779296875 30.91699218750003
121.76943359375002 30.870361328125057
121.67519531249997 30.86376953125003
121.52753906250001 30.840966796874994
121.41894531250011 30.78979492187497
121.30996093750002 30.69970703125
120.99765625000009 30.558251953124966
120.93828125000016 30.469726562500057
120.89746093750011 30.39262695312496
120.82148437500007 30.354638671874966
120.62998046875003 30.39086914062497
120.4498046875002 30.387841796874966
120.24550781250014 30.283544921875034
120.19462890625016 30.241308593750063
120.22851562499994 30.24956054687496
120.26054687499999 30.263037109375034
120.35253906250011 30.247412109375063
120.49453124999997 30.303076171875034
120.6333984375002 30.133154296875034
120.90449218750018 30.16064453124997
121.15937500000018 30.30175781250003
121.25800781250018 30.304101562499966
121.34062500000016 30.282373046874994
121.43271484375009 30.226660156250006
121.67792968750001 29.979101562500006
121.81230468750005 29.95214843750003
121.94433593750011 29.894091796875017
122.01728515625007 29.887695312500057
122.08291015625002 29.87036132812497
121.90576171875 29.779687499999966
121.67656249999999 29.583789062500045
121.57460937500002 29.537011718750023
121.50625000000014 29.484570312499983
121.6904296875 29.51098632812503
121.8218750000002 29.604638671875023
121.88798828124999 29.627783203125034
121.94121093749999 29.60590820312501
121.9683593750002 29.490625
121.91777343750005 29.135009765625
121.853515625 29.12890625
121.79082031249999 29.225683593750006
121.71748046875018 29.25634765625003
121.65595703125018 29.23613281249999
121.53369140625011 29.236718750000023
121.48710937500016 29.193164062500045
121.44765625000002 29.13134765624997
121.52089843750002 29.118457031250017
121.66494140625014 29.010595703124977
121.67968750000011 28.953125
121.64101562500014 28.91591796875005
121.5400390625 28.931884765625
121.6625 28.851416015625034
121.63007812500001 28.767919921875006
121.59033203125011 28.73481445312501
121.51914062500009 28.71367187499996
121.4751953125002 28.64140624999999
121.53808593749994 28.521093749999977
121.60205078125011 28.36660156250005
121.6099609375002 28.292138671874966
121.50996093750018 28.324267578125045
121.35458984375003 28.229882812499994
121.27226562500016 28.22211914062501
121.21679687499994 28.34619140624997
121.14570312500001 28.32666015625
121.09843749999999 28.29052734375
121.03544921875016 28.157275390625017
120.9585937500002 28.03701171875005
120.89248046875014 28.003906250000057
120.81298828125011 28.01337890625001
120.7476562500002 28.009960937499955
120.76347656250016 27.977441406249994
120.83300781250011 27.93779296874999
120.83300781250011 27.891455078125063
120.6851562500002 27.744580078124983
120.66132812500001 27.687890624999966
120.66484375000005 27.63945312499996
120.5875000000002 27.580761718749983
120.62910156250001 27.482128906249983
120.60751953125009 27.41240234374999
120.53984375000016 27.318359375
120.46865234375014 27.25625
120.38457031250016 27.155517578125057
120.27871093749997 27.09707031250005
120.13857421875014 26.886132812499966
120.09746093749999 26.780664062499966
120.08671875000005 26.671582031249955
120.04296875000011 26.63383789062499
119.96777343749994 26.58637695312501
119.88222656250014 26.610449218750034
119.8794921875002 26.683007812499966
119.84238281250009 26.689306640625006
119.82128906249994 26.736914062500034
119.81513671875001 26.79760742187497
119.82421875000011 26.846386718749955
119.78867187500003 26.83149414062501
119.7666992187502 26.77470703124999
119.71044921875011 26.728662109375023
119.65156250000001 26.74726562500001
119.58818359375016 26.78496093749996
119.58994140625009 26.73046874999997
119.6236328125002 26.675878906250034
119.63818359374994 26.621191406249977
119.72597656249997 26.60942382812499
119.78476562500009 26.546630859375
119.8311523437502 26.45019531249997
119.84033203125011 26.414160156250006
119.87646484375011 26.370947265624977
119.88105468750007 26.334179687499955
119.79726562500014 26.300146484375034
119.69267578125016 26.236425781250034
119.56708984375001 26.127343750000023
119.46308593750018 26.05468750000003
119.36972656250009 26.054052734375006
119.31308593750009 26.06254882812496
119.23212890625018 26.104394531249966
119.13945312500016 26.121777343749955
119.26376953125003 25.97480468750001
119.33203125000011 25.94873046875003
119.41777343749999 25.95434570312503
119.50087890625014 26.009179687499994
119.61875 26.003564453125023
119.64824218750016 25.91870117187497
119.61689453125007 25.822900390624994
119.55283203125009 25.698681640624983
119.53945312500002 25.591259765624955
119.619140625 25.437451171874983
119.62246093750014 25.391162109375045
119.59277343750011 25.368017578125034
119.49921875000018 25.408642578124955
119.42177734375002 25.459619140624966
119.34375000000011 25.4462890625
119.26308593750002 25.46801757812497
119.18007812499997 25.449804687500006
119.14628906250005 25.41430664062497
119.16933593750002 25.35571289062503
119.24355468750014 25.307031249999966
119.28554687499997 25.23222656249999
119.23554687500018 25.205957031249966
119.02460937500018 25.22343749999999
118.97753906250011 25.209277343750017
118.91445312500014 25.126806640625006
118.95566406250009 25.004785156250023
118.90908203125002 24.92890625000001
118.82207031250016 24.91113281250003
118.70751953125 24.849804687499983
118.63691406250018 24.835546875
118.64023437500003 24.80908203125003
118.69179687499997 24.782324218750006
118.71914062500014 24.74614257812499
118.65703124999999 24.621435546875006
118.56035156250005 24.58037109374999
118.41201171875002 24.60073242187505
118.29531250000014 24.57275390625003
118.19453125000018 24.625830078125006
118.08710937500007 24.627001953125074
118.01386718750007 24.559912109374977
118.00595703125003 24.481982421875017
117.93505859375 24.474218750000034
117.89687500000014 24.479833984375006
117.84267578125002 24.474316406249955
117.84824218750009 24.432470703125034
117.8790039062502 24.395898437499966
118.02421875000005 24.37963867187503
118.05058593749999 24.3271484375
118.05605468750014 24.24609375
117.90410156249999 24.10644531249997
117.83945312500003 24.012304687499977
117.74169921874994 24.01479492187505
117.66787109375002 23.939257812500017
117.62822265624999 23.83671874999999
117.57919921875003 23.856982421875045
117.46640625000009 23.84057617187497
117.43310546874994 23.791699218749983
117.4595703125002 23.77148437500003
117.46220703125005 23.736230468749966
117.41699218749994 23.620996093750023
117.36767578124994 23.588623046875
117.34667968750011 23.6357421875
117.33076171875018 23.708789062500045
117.29082031250005 23.71435546875003
117.22500000000014 23.64702148437499
117.14814453125018 23.598779296875023
117.08251953124994 23.578759765625023
117.03281250000003 23.623437499999966
116.91064453125011 23.64667968750001
116.8609375000002 23.45307617187501
116.75957031250016 23.38251953125001
116.71210937500018 23.360498046874966
116.62939453125011 23.353857421875034
116.68232421875007 23.32739257812497
116.6988281250002 23.277783203124983
116.66914062500001 23.228173828125023
116.58642578124994 23.21826171875003
116.53828125000018 23.1796875
116.51982421875016 23.006591796875
116.47070312500011 22.945898437499977
116.34550781250016 22.941064453124966
116.25185546875002 22.981347656249994
116.22207031249997 22.949560546875006
116.20634765625016 22.91865234375001
116.15742187500007 22.88745117187497
116.06259765625009 22.879101562499955
115.8521484375002 22.801562500000045
115.75585937500011 22.823925781249983
115.64042968750016 22.853417968749966
115.56113281250009 22.82470703124997
115.53466796875011 22.765185546875017
115.49833984375016 22.718847656249977
115.38251953125018 22.718847656249977
115.28994140624997 22.775976562499977
115.19580078125 22.817285156249966
115.09150390625007 22.78168945312501
115.01210937500014 22.70893554687501
114.91445312500014 22.684619140625017
114.89638671875002 22.639501953124977
114.85380859375005 22.616796874999977
114.75039062500002 22.626318359374977
114.71113281250018 22.738720703124955
114.65166015625016 22.755273437500023
114.59277343749994 22.69843750000001
114.57197265625018 22.65405273437503
114.54443359374994 22.620605468750057
114.55419921875011 22.52890625
114.4961914062502 22.527050781249983
114.42011718750007 22.58325195312497
114.340625 22.593212890624983
114.26601562500002 22.540966796874983
114.22822265625001 22.55395507812497
114.18818359375007 22.56499023437499
114.12285156250016 22.56499023437499
114.09785156250001 22.55126953125003
114.05039062500003 22.54296875000003
114.01826171875018 22.51445312499999
114.01542968750005 22.51191406250001
113.93115234375 22.531054687500017
113.82832031250018 22.60722656249999
113.75449218750009 22.73364257812497
113.66113281249994 22.801660156249994
113.61962890625011 22.861425781249977
113.60341796875002 22.968896484375023
113.58632812500002 23.02001953124997
113.59218750000014 23.076953125000017
113.62050781250014 23.127490234375017
113.51972656250001 23.10209960937499
113.44531249999994 23.05507812499999
113.46035156250002 22.995703124999977
113.44189453125 22.94057617187505
113.33105468749994 22.912011718749994
113.33779296874997 22.888818359374966
113.3448242187502 22.864599609375006
113.43203125000002 22.789404296874977
113.44980468750009 22.726123046875045
113.48476562500002 22.6923828125
113.55302734375016 22.594042968750045
113.55146484375018 22.404150390625006
113.5888671875 22.350488281249994
113.57646484375005 22.29726562499999
113.54912109375016 22.225195312500034
113.54677734375014 22.22412109375
113.52705078125007 22.245947265625006
113.49414062500006 22.241552734375006
113.48105468750003 22.217480468749983
113.47890625000014 22.195556640625057
113.47343749999999 22.194433593750006
113.41572265625007 22.178369140625023
113.36738281250018 22.164843750000017
113.32773437500009 22.145410156249966
113.26640624999999 22.088769531249966
113.14902343750009 22.075
113.08876953124997 22.20795898437501
113.00820312499997 22.119335937499983
112.98378906249997 21.93823242187503
112.95390625000005 21.907324218750034
112.90380859374994 21.881445312500006
112.80859375000011 21.94462890624999
112.72539062500005 21.90234375
112.66074218750009 21.859472656249977
112.63408203125016 21.81987304687499
112.58632812500014 21.77685546875
112.4947265625002 21.81831054687501
112.42128906249997 21.880615234375
112.43945312500011 21.927343750000034
112.4292968750002 21.958105468749977
112.39609375000009 21.981347656250023
112.35966796875005 21.97802734374997
112.37744140625011 21.91748046874997
112.3897460937502 21.80122070312501
112.3564453125 21.767578125
112.30498046875016 21.741699218750057
112.193359375 21.763134765624983
112.11718750000011 21.806494140625006
112.02519531249999 21.843017578125
111.94394531250009 21.849658203125017
111.92646484375007 21.776269531249994
111.87343750000002 21.717138671875006
111.82460937500002 21.709765625000017
111.77597656250003 21.71923828125
111.71191406249994 21.65522460937501
111.68164062500011 21.608496093750006
111.60273437500018 21.55908203124997
111.39238281250016 21.535107421874955
111.31914062500016 21.486132812500017
111.22060546875014 21.493896484375
111.14423828125001 21.482226562500017
111.10058593750011 21.484716796875006
111.06113281250009 21.51098632812503
111.01689453125005 21.51171875
110.99677734375001 21.430273437500006
110.87802734375009 21.395947265624955
110.77109375000003 21.38652343749999
110.65214843750016 21.279101562500045
110.56718750000016 21.21406250000001
110.50429687500014 21.20742187499999
110.45800781250011 21.230566406250006
110.43457031249994 21.326904296875
110.41093750000005 21.33813476562497
110.39746093749994 21.247705078125023
110.3746093750002 21.17236328124997
110.3311523437502 21.131347656250057
110.19355468750018 21.037646484375045
110.15400390625018 20.944628906250017
110.18037109375007 20.858593749999983
110.36542968750018 20.837597656249983
110.38847656250016 20.79052734374997
110.37050781249997 20.752050781250034
110.32617187500011 20.719921874999983
110.31308593750009 20.671679687500017
110.51152343749999 20.51826171875001
110.51757812500011 20.460009765625045
110.48691406250003 20.426855468750063
110.44951171875016 20.355419921874983
110.34472656249994 20.294824218749966
110.1231445312502 20.263720703125045
109.9384765625 20.295117187499955
109.88251953125001 20.364062500000045
109.88583984375009 20.413134765625017
109.93164062500011 20.398876953124955
109.98388671875 20.403271484374955
109.9683593750002 20.448144531250023
109.94638671875009 20.47436523437497
109.86103515625018 20.514306640625023
109.7919921875 20.621875
109.8052734375002 20.711474609375045
109.76738281250005 20.78071289062501
109.72626953125018 20.838769531250023
109.68476562500018 20.873632812500034
109.66259765625 20.916894531249966
109.70449218750002 21.05273437500003
109.68125 21.131640625000017
109.76015624999997 21.228369140625006
109.77958984375005 21.337451171875017
109.92109375000018 21.37646484374997
109.9307617187502 21.480566406250034
109.82958984375 21.483593749999955
109.759375 21.56005859375
109.74335937500018 21.527978515625023
109.68691406249997 21.524609374999955
109.5943359375002 21.671972656250063
109.56640625000011 21.690576171875023
109.52148437500011 21.69340820312499
109.54404296875009 21.537939453125006
109.43554687500011 21.4794921875
109.34667968750011 21.453955078125034
109.22041015625007 21.443408203125017
109.14863281250018 21.42553710937503
109.08154296875011 21.440283203125006
109.09814453125011 21.487353515625017
109.13349609375001 21.543603515625023
109.10175781250007 21.590478515624966
109.03056640624999 21.626513671875017
108.92177734375014 21.624414062499966
108.84638671875007 21.634472656249955
108.77167968750001 21.630468750000034
108.74394531250016 21.651269531249994
108.67451171875007 21.724658203125045
108.61582031250009 21.770458984374955
108.58935546875011 21.81596679687499
108.61582031250009 21.86889648437503
108.59375000000011 21.901025390624994
108.47988281250002 21.904638671875034
108.48085937500014 21.82880859375004
108.49257812500002 21.739404296875023
108.52568359374999 21.67138671875003
108.50214843750018 21.633447265625023
108.44433593749994 21.607324218750023
108.38281250000011 21.67919921875
108.35458984375003 21.696923828124994
108.3248046875002 21.693505859374994
108.30214843750014 21.621923828124977
108.24628906250001 21.558398437500017
108.1456054687502 21.56518554687497
108.0673828125 21.525976562499977
107.97265624999994 21.507958984375023
107.90839843750001 21.560400390624977
107.80205078125005 21.645166015624994
107.75927734375011 21.65502929687497
107.64101562499997 21.613916015625023
107.47138671875018 21.598339843749983
107.43349609374997 21.642285156249955
107.3511718750002 21.60888671875
107.27207031250003 21.71064453125001
107.17851562499999 21.717089843750017
107.06162109375009 21.794189453125
107.01982421874999 21.834863281250023
107.0064453125002 21.893408203125034
106.97099609374999 21.923925781250034
106.92519531250002 21.920117187499983
106.87451171875 21.951269531250006
106.79414062500001 21.981982421875045
106.72949218750011 22.000341796874977
106.69765625000002 21.986181640625034
106.66357421875 21.978906249999966
106.65771484374994 22.018212890624966
106.66005859374997 22.136474609375
106.65419921875014 22.24145507812497
106.63652343750016 22.28862304687499
106.59316406250014 22.324511718750017
106.55361328125014 22.341699218749966
106.53632812500018 22.395410156249994
106.5503906250002 22.501367187499994
106.58242187499997 22.5732421875
106.63310546874999 22.586035156250006
106.70156250000002 22.63774414062499
106.736328125 22.71093749999997
106.78027343749994 22.778906249999977
106.62402343750011 22.87426757812503
106.54179687500016 22.908349609374966
106.45087890625018 22.893896484375034
106.33808593750001 22.863476562499955
106.27900390625018 22.85747070312499
106.24941406249997 22.869433593750017
106.18398437499997 22.95512695312499
106.14843750000011 22.970068359375006
106.06845703125009 22.975537109374955
106.00097656250011 22.974755859374994
105.96230468750014 22.93745117187501
105.90263671875005 22.924951171874966
105.84296875000007 22.922802734374983
105.78232421875003 22.969335937500034
105.69121093750016 23.029931640625023
105.54814453125005 23.072656250000023
105.53085937500003 23.121972656249966
105.49453125000014 23.180859374999955
105.44013671875007 23.23535156249997
105.35048828125002 23.307666015625045
105.275390625 23.34521484374997
105.23876953125 23.322119140624977
105.18906250000003 23.281054687500045
104.9957031250002 23.194335937500057
104.91015625 23.16054687499999
104.86474609375 23.136376953124966
104.82656250000002 23.100195312500063
104.81474609374999 23.010791015625045
104.79570312500005 22.9111328125
104.74003906250016 22.860498046874966
104.68730468750016 22.822216796874983
104.63173828125014 22.818212890624977
104.57753906250002 22.820019531249983
104.52685546875 22.804101562500023
104.37177734375018 22.704052734374983
104.29833984374994 22.712011718750006
104.23828125 22.768505859374983
104.2125 22.809423828124977
104.14306640624994 22.800146484375034
104.05390625000018 22.752294921875063
104.01269531250011 22.666357421875034
103.9908203125002 22.586132812499955
103.97138671875007 22.550488281249983
103.9415039062502 22.54008789062499
103.91503906250011 22.538232421874966
103.6373046875002 22.77001953125003
103.6202148437502 22.78203124999999
103.57070312500014 22.734423828125045
103.52539062499994 22.61157226562497
103.49296875000005 22.587988281249977
103.47099609375016 22.59741210937503
103.3560546875002 22.754687500000017
103.32666015625 22.76977539062497
103.30058593749999 22.76440429687503
103.26630859375001 22.713525390624966
103.19335937500011 22.638525390624977
103.13759765625002 22.59296875000001
103.1363281250002 22.54223632812497
103.07587890625007 22.49750976562501
103.00537109375 22.452978515625006
102.98193359375011 22.4482421875
102.93515625000009 22.466162109375034
102.87421875000018 22.525390625
102.830078125 22.58715820312497
102.72099609375016 22.648486328125045
102.59853515625014 22.700390624999955
102.5171875000002 22.741015625000074
102.47089843750018 22.750927734374955
102.42792968750001 22.7328125
102.40644531250018 22.7080078125
102.37578125000016 22.646630859375023
102.30224609375011 22.545996093750034
102.23701171875001 22.466015624999983
102.17597656250001 22.414648437500006
102.12744140625011 22.37919921874999
102.09150390625007 22.41225585937505
102.02441406250006 22.439208984375114
101.94541015625015 22.439404296874983
101.841796875 22.388476562500102
101.75996093750013 22.490332031250063
101.73876953125006 22.495263671874994
101.70751953125 22.486572265625
101.6714843750002 22.462304687500023
101.64619140625013 22.405419921874994
101.6199218750001 22.327441406250102
101.56787109375006 22.2763671875
101.52451171875009 22.25366210937497
101.53730468750013 22.209863281250108
101.56181640625005 22.162402343750045
101.56025390625007 22.120898437500102
101.57578125000015 22.055273437500063
101.60292968750002 21.98969726562504
101.69960937500008 21.882470703125023
101.73652343750001 21.826513671875006
101.7439453125001 21.77797851562505
101.74726562500018 21.605761718750074
101.74345703125005 21.53383789062505
101.72421875000009 21.39501953125003
101.7229492187501 21.314941406250057
101.76308593750014 21.27890625
101.80205078125016 21.23598632812505
101.8005859375001 21.212597656249983
101.78349609374999 21.204150390625045
101.7281250000002 21.15639648437508
101.70478515625013 21.150146484375057
101.66855468750003 21.169628906250125
101.62167968750009 21.18442382812512
101.58388671875014 21.203564453125097
101.54238281250008 21.23427734375005
101.44355468750001 21.230810546874977
101.28144531250007 21.184130859375045
101.24785156250005 21.197314453125074
101.22441406250005 21.223730468750034
101.21181640625008 21.278222656250023
101.21992187500013 21.34243164062505
101.20556640625006 21.383300781250114
101.1753906250002 21.407519531250074
101.19667968750002 21.522070312499977
101.13886718750007 21.567480468749977
101.14726562500016 21.581640625000034
101.12812500000018 21.705126953125045
101.13085937500011 21.735546874999955
101.12070312500009 21.74609374999997
101.07978515625018 21.755859375
101.01933593750005 21.736376953125017
100.83515625000018 21.655175781249994
100.67714843750014 21.504931640625045
100.6045898437502 21.471777343750034
100.5313476562502 21.458105468750006
100.44570312500014 21.484082031249955
100.35058593750011 21.501025390625045
100.21474609374997 21.462988281250006
100.14765625000018 21.480517578125045
100.1167968750002 21.511181640624983
100.08925781250002 21.55791015624999
100.10576171875016 21.617041015625063
100.09550781250005 21.66064453124997
100.04121093750018 21.682763671875023
99.97822265625001 21.701611328124955
99.94072265625005 21.758740234374955
99.92558593750016 21.82080078125
99.94042968749994 21.90161132812503
99.94785156250003 21.988330078125017
99.91767578125001 22.02802734375001
99.82539062500007 22.049707031249994
99.59267578124997 22.089160156250045
99.38867187500011 22.11079101562501
99.303125 22.10063476562499
99.2333984375 22.110156250000045
99.1929687500002 22.1259765625
99.1734375000002 22.15332031249997
99.17236328125 22.192480468750034
99.20537109375016 22.282568359375006
99.24306640625002 22.370361328125057
99.33769531249999 22.49804687500003
99.34316406250014 22.586523437500034
99.33828125000014 22.688671874999955
99.38515624999997 22.825097656249966
99.46679687500011 22.92729492187499
99.50712890625016 22.959130859374994
99.49726562500018 23.00458984375001
99.46455078125018 23.046240234374977
99.4180664062502 23.069238281249966
99.34082031250011 23.095898437499983
99.22031250000009 23.10332031249999
99.05507812499997 23.13056640625001
98.86376953125 23.191259765625034
98.88554687499999 23.307470703125006
98.88261718749999 23.38032226562501
98.85888671875 23.440087890625023
98.81972656249997 23.482519531250034
98.7978515625 23.52041015625005
98.83222656250007 23.624365234374977
98.78769531250003 23.737841796875017
98.73505859375007 23.783105468749994
98.68085937500001 23.84179687499997
98.67675781250011 23.90507812499999
98.70156249999997 23.96406250000001
98.83398437499994 24.09057617187503
98.8350585937502 24.121191406250034
98.8023437500002 24.11870117187499
98.76435546875018 24.116064453124977
98.58339843749997 24.06982421874997
98.56416015625007 24.09882812500001
98.49941406250002 24.115673828124983
98.3672851562502 24.119042968749966
98.2125000000002 24.110644531250017
98.01689453125005 24.06542968749997
97.83769531250005 23.98627929687501
97.75566406250005 23.93188476562503
97.68603515624994 23.898095703124966
97.62968750000005 23.887158203124983
97.56455078125009 23.91103515625005
97.56826171875014 23.98847656250001
97.69062500000018 24.130810546874955
97.70820312500001 24.22875976562503
97.67070312500005 24.312744140625
97.66660156250009 24.379980468750006
97.6236328125002 24.422949218749977
97.56328124999999 24.44384765624997
97.53144531250018 24.49169921875003
97.5293945312502 24.631201171875034
97.58330078125016 24.774804687499966
97.67070312500005 24.820117187500045
97.72382812500001 24.841992187499983
97.73789062500003 24.86987304687497
97.71074218749999 24.970361328125023
97.71494140625009 25.034326171874994
97.76738281249999 25.158056640624977
97.81953125000007 25.251855468749994
97.91796874999994 25.23613281249999
97.96201171875003 25.259326171875017
98.01074218750011 25.292529296875017
98.06406250000003 25.348974609374977
98.09960937500011 25.415722656249983
98.14287109375005 25.571093750000017
98.17255859375007 25.59453124999999
98.29658203125018 25.56884765625
98.33378906250005 25.586767578125006
98.40166015624999 25.67797851562503
98.46552734375007 25.78886718749999
98.55839843750016 25.82324218749997
98.62539062500002 25.826708984375045
98.65625 25.863574218750017
98.65468750000014 25.917773437500045
98.59101562500001 26.00371093749996
98.56406250000003 26.072412109375023
98.57197265625007 26.1140625
98.66318359375009 26.13945312499999
98.68554687500011 26.189355468750023
98.671875 26.298535156249983
98.70947265625011 26.42968749999997
98.73183593750014 26.583398437500023
98.73935546875003 26.698144531250023
98.73847656250007 26.785742187500034
98.7294921875 26.877392578124955
98.71650390625001 27.04492187499997
98.67480468749994 27.190625
98.68242187499999 27.245312499999955
98.67675781250011 27.42192382812496
98.65117187500005 27.572460937499983
98.59980468750007 27.598828124999955
98.50449218750009 27.647656249999955
98.45253906249997 27.65722656250003
98.40888671875007 27.63945312499996
98.39238281250016 27.587060546875023
98.35048828125014 27.5380859375
98.29882812500011 27.55009765624996
98.27421875000016 27.599072265624983
98.24101562500016 27.663183593750006
98.13046875000009 27.967578125000017
98.11835937500001 28.055224609375017
98.09892578125016 28.142285156249983
98.0616210937502 28.185888671875006
98.02226562500016 28.211523437499977
97.93408203124994 28.313818359375034
97.88759765624997 28.356494140625017
97.86494140625018 28.36357421874996
97.81650390625009 28.356347656249994
97.76904296875 28.356152343749955
97.73007812500003 28.40712890625005
97.69462890625005 28.469335937500006
97.65888671875001 28.5
97.5992187500002 28.517041015624955
97.53789062500016 28.510205078124983
97.50214843750007 28.456347656250017
97.47773437500007 28.425634765624977
97.43144531250016 28.353906250000023
97.35644531249994 28.254492187500034
97.32246093750007 28.217968749999955
97.28945312499997 28.23681640624997
97.14511718750009 28.340332031250114
97.07539062500018 28.368945312500074
96.98085937500002 28.337695312500102
96.83300781250006 28.362402343749977
96.77578125000025 28.367041015625034
96.65283203124994 28.449755859375017
96.60263671875003 28.45991210937504
96.42773437500023 28.406005859375
96.38906250000014 28.367919921875057
96.36640625000007 28.36728515625009
96.31982421875 28.386523437500102
96.28144531250007 28.412060546875068
96.27890625000015 28.428173828125068
96.32617187500011 28.46855468750013
96.32988281250016 28.49682617187503
96.32734375000018 28.52539062499997
96.3956054687502 28.606542968749977
96.58085937500016 28.76367187500003
96.55 28.829589843750142
96.47714843750003 28.95932617187509
96.46708984375016 29.02226562500013
96.43574218750013 29.05068359375005
96.34687500000018 29.02744140625012
96.1622070312502 28.909716796875102
96.13710937500014 28.922607421875085
96.14140625000016 28.963476562500063
96.12236328125016 29.082080078125045
96.18085937500018 29.11767578125003
96.27050781250017 29.161230468750006
96.33974609375014 29.209814453125063
96.35585937500014 29.24907226562496
96.33720703125016 29.260986328125085
96.2349609375002 29.24580078125001
96.19472656250014 29.272460937500114
96.12851562500009 29.381396484375102
96.07958984375006 29.424121093750102
96.03535156250018 29.447167968749994
95.88505859375016 29.390917968750102
95.71035156250014 29.313818359375006
95.51582031250013 29.20634765624996
95.51699218750014 29.151171875000102
95.49375 29.137011718750045
95.45654296874994 29.102294921875085
95.42021484375005 29.05429687500009
95.3892578125002 29.037402343750017
95.3531250000002 29.035888671875057
95.27910156250016 29.049560546875
95.14472656250001 29.104052734375102
94.99882812500016 29.149169921875057
94.96748046875018 29.144042968750057
94.76943359375025 29.175878906249977
94.76308593750008 29.201269531250006
94.73339843750006 29.251611328125136
94.67705078125016 29.29702148437505
94.623046875 29.31240234375008
94.46806640625005 29.216210937500023
94.2932617187501 29.144628906250006
94.1934570312502 29.059912109374977
94.11152343750001 28.975878906250102
94.0176757812502 28.959521484375045
94.0132812500002 28.907519531250017
93.97363281250011 28.860791015625097
93.90224609375014 28.803222656250085
93.7607421875 28.729785156250045
93.66494140625002 28.69023437499999
93.36054687500018 28.654052734375085
93.25195312500006 28.629492187500034
93.20654296875017 28.59082031249997
93.15781250000009 28.492724609375074
93.1192382812502 28.402294921875125
93.03496093750016 28.32763671875
92.8818359375 28.228125
92.70185546875018 28.147119140624994
92.65253906250018 28.093359375000063
92.64345703125008 28.06152343749997
92.66562500000015 28.049853515625074
92.68750000000011 28.025732421875063
92.68779296875016 27.988964843750125
92.66435546875016 27.94892578125004
92.54667968750016 27.879199218750045
92.48066406250013 27.845947265625114
92.41484375000016 27.824609375000023
92.34101562500018 27.82075195312504
92.27011718750003 27.830224609375108
92.25048828124994 27.841503906250097
92.22226562500009 27.82695312499996
92.15761718750025 27.812255859375
92.10126953125024 27.807617187500114
91.97763671875015 27.730371093750023
91.90937500000018 27.72968750000004
91.82470703125011 27.74643554687509
91.71259765625018 27.75981445312496
91.63193359375009 27.75996093750001
91.62939453125011 27.800878906249977
91.64189453125005 27.92324218750005
91.60556640625015 27.95170898437499
91.49335937500007 27.981787109374977
91.36757812500014 28.021630859375023
91.30683593750013 28.064013671875045
91.27304687500003 28.07836914062503
91.22587890625005 28.07124023437501
91.14990234375011 28.026757812499994
91.07773437500003 27.974462890625006
91.02080078124999 27.970068359375006
90.9625 27.99458007812501
90.90664062500002 28.026513671875023
90.71572265625014 28.07172851562501
90.63007812500018 28.078564453124983
90.47734375000016 28.070849609375017
90.35273437500007 28.080224609374966
90.33310546875003 28.09399414062503
90.33378906250005 28.119140625
90.35214843750009 28.16816406250004
90.36298828125001 28.21650390625001
90.34824218750015 28.243945312500017
90.2208007812502 28.277734374999966
90.10449218750011 28.302050781250045
89.9810546875002 28.311181640625023
89.89785156250014 28.29414062500001
89.81689453125006 28.256298828124955
89.74980468750005 28.18818359375001
89.65273437500002 28.158300781250063
89.53691406250005 28.107421875
89.48066406250001 28.059960937500023
89.39589843750008 27.958154296874966
89.27265625000001 27.833154296874994
89.1604492187501 27.711279296875034
89.10234375000016 27.592578125000017
89.02548828125009 27.51787109374996
88.94755859375016 27.464013671875023
88.89140625000005 27.31606445312508
88.83251953124994 27.362841796875102
88.76484375000001 27.429882812500068
88.74902343750011 27.521875
88.82988281250016 27.767382812500102
88.84882812500018 27.868652343750114
88.82861328125006 27.90727539062499
88.80371093749994 28.006933593750034
88.75625000000014 28.03969726562505
88.62109375000006 28.091845703125102
88.57792968750016 28.093359375000063
88.53164062500025 28.05737304687503
88.48613281250022 28.03447265624996
88.4259765625003 28.011669921875125
88.2751953125001 27.96884765625009
88.14111328125 27.94892578125004
88.1089843750002 27.93300781250008
88.09892578125016 27.904541015625057
88.10976562499997 27.87060546874997
88.02333984375014 27.883398437500006
87.93339843750005 27.89082031250001
87.86074218750014 27.886083984375034
87.68271484375009 27.821386718749977
87.62255859375011 27.81518554687497
87.55527343750009 27.82182617187499
87.46416015624999 27.823828125000034
87.29072265625013 27.821923828125023
87.14140625000005 27.838330078124983
87.02011718750003 27.928662109374983
86.93378906250001 27.96845703125001
86.84238281250009 27.999169921874966
86.75039062500008 28.022070312500006
86.71962890625002 28.070654296875063
86.69052734375003 28.09492187500004
86.61445312500007 28.10302734375
86.55449218750005 28.085205078125
86.51689453124999 27.963525390624994
86.48496093750009 27.939550781250006
86.40869140625011 27.928662109374983
86.32861328125011 27.95952148437499
86.21796875000007 28.022070312500006
86.17421875000002 28.091699218749994
86.13701171875005 28.114355468749977
86.0787109375002 28.083593750000034
86.07548828125005 27.99458007812501
86.06416015625007 27.934716796874994
85.99453125000008 27.910400390625
85.95410156250011 27.92822265625
85.9216796875001 27.989697265624983
85.84023437500002 28.135351562500006
85.75947265625018 28.220654296874983
85.67832031250003 28.277441406250006
85.41064453125006 28.276025390624966
85.21210937500001 28.292626953124994
85.12246093750008 28.315966796875017
85.08857421875007 28.372265624999955
85.12148437500014 28.484277343750023
85.16015625000011 28.571875
85.15908203125008 28.59223632812501
85.12636718750014 28.602636718749977
85.06914062500005 28.60966796874999
84.85507812500015 28.55361328125005
84.796875 28.56020507812505
84.759375 28.579248046875023
84.71425781250014 28.595556640625063
84.67675781250011 28.62153320312501
84.65058593750001 28.65957031250005
84.46542968750003 28.752929687500057
84.41074218750009 28.803906249999955
84.31210937500009 28.868115234374983
84.22871093750007 28.911767578124994
84.17558593750005 29.03637695312497
84.12783203125014 29.15629882812499
84.10136718750016 29.219970703125
84.02197265625006 29.253857421874955
83.93593750000002 29.27949218750004
83.79042968750014 29.227441406249994
83.67109375000007 29.187597656250063
83.58349609375006 29.18359375000003
83.45664062500003 29.30634765625001
83.35517578125007 29.439160156249983
83.23515625000005 29.55458984375005
83.15546875000018 29.612646484375063
83.01396484375005 29.618066406249994
82.85429687499999 29.68339843749999
82.64082031250001 29.831201171874994
82.48652343750007 29.941503906250006
82.22070312500006 30.063867187499966
82.15898437499999 30.11518554687504
82.13535156250009 30.15898437499999
82.09892578125005 30.24506835937501
82.04335937500008 30.326757812500063
81.85488281250014 30.362402343750034
81.64189453124999 30.3875
81.41718750000007 30.337597656249955
81.25507812500018 30.093310546875017
81.17714843750002 30.039892578125063
81.1103515625 30.036816406249955
81.05556640625002 30.098974609375006
81.01025390625011 30.16450195312504
80.9854492187502 30.23710937499999
80.87353515624994 30.290576171875045
80.74677734375018 30.360400390625074
80.68212890625017 30.41484375
80.60888671875017 30.44887695312505
80.54101562500006 30.463525390625108
80.40957031250014 30.509472656250068
80.26093750000007 30.56132812499996
80.19121093750016 30.56840820312499
80.1862304687503 30.605322265625063
80.2071289062502 30.68374023437505
80.1943359375 30.75922851562504
80.14941406250006 30.78984374999999
80.08144531250014 30.781933593750068
79.92451171875018 30.888769531250063
79.91660156250003 30.894189453125108
79.871875 30.924609375000074
79.79462890625018 30.968261718750085
79.66425781250018 30.965234375000023
79.56542968750011 30.94907226562509
79.49316406250011 30.99370117187513
79.3884765625001 31.064208984375114
79.36962890625011 31.07993164062512
79.33876953125014 31.10571289062503
79.23261718750018 31.241748046875045
79.10712890625018 31.40263671875013
79.04375000000016 31.42622070312504
79.01113281250014 31.41411132812499
78.97392578125005 31.328613281250057
78.94599609375001 31.33720703125013
78.89951171875015 31.33134765624999
78.84453125000016 31.301513671875142
78.7916015625002 31.29365234375004
78.75781250000006 31.30249023437497
78.74355468750002 31.323779296875045
78.75859375000016 31.436572265625102
78.72675781250013 31.471826171875023
78.75507812500001 31.55029296875
78.80292968750001 31.61806640625005
78.75390625 31.66835937500008
78.6934570312502 31.740380859375023
78.68701171875011 31.805517578125034
78.71972656250023 31.887646484374983
78.73544921875032 31.957958984375097
78.72558593750006 31.98378906250005
78.67773437500011 32.023046875000034
78.49589843749999 32.21577148437504
78.48613281250016 32.236230468750136
78.45527343750018 32.300341796875045
78.44130859375014 32.39736328125011
78.41748046875011 32.46669921875002
78.38964843750011 32.519873046875006
78.39169921875009 32.5447265625001
78.41250000000025 32.55771484375009
78.5263671875 32.570800781250085
78.63154296875018 32.57895507812506
78.70087890625018 32.59702148437509
78.73671875000014 32.558398437500045
78.75351562500009 32.499267578125085
78.77128906250016 32.4680664062501
78.83789062500023 32.41196289062506
78.91894531250011 32.3582031250001
78.99765625000009 32.36513671875011
79.06699218750015 32.38818359375
79.12734375000014 32.4757812500001
79.16992187500011 32.49721679687502
79.2193359375002 32.50107421875009
79.21904296875016 32.507568359375
79.21650390625018 32.56401367187513
79.23388671875006 32.70307617187504
79.22792968750008 32.7587890625
79.20556640625 32.809033203125125
79.20957031250009 32.86484375000012
79.2022460937502 32.94604492187506
79.14550781250011 33.00146484375006
79.10859375000018 33.022656250000125
79.10283203124999 33.05253906249999
79.1216796875002 33.108105468750125
79.13515625000014 33.17192382812499
79.11562500000014 33.218945312499955
79.1125 33.22626953125004
79.06650390625009 33.25039062500005
79.01259765625008 33.29145507812498
78.94843750000018 33.346533203125034
78.9166992187503 33.386767578125045
78.86503906250016 33.43110351562501
78.80185546875015 33.49970703125004
78.78994140625014 33.6503417968751
78.7837890625002 33.80878906250004
78.76171874999994 33.88759765625011
78.7266601562502 34.01337890624998
78.73173828125027 34.05556640625005
78.75302734375015 34.08769531250002
78.93173828125026 34.18896484375006
78.97060546875014 34.22822265625007
78.97695312500014 34.2581054687501
78.97011718750014 34.30263671875011
78.93642578125014 34.35195312500005
78.8648437500002 34.39033203125004
78.76308593750014 34.45292968750002
78.67080078125008 34.51816406249998
78.51572265625032 34.55795898437509
78.32695312500005 34.60639648437501
78.2820312500001 34.65390625000009
78.23613281249999 34.769824218750074
78.15849609374999 34.94648437500001
78.0757812500002 35.13491210937502
78.01220703125011 35.251025390625074
78.00917968750025 35.306933593750074
78.0474609375002 35.44941406250007
78.04267578125001 35.47978515625013
78.00947265625001 35.490234375000114
77.9458984375002 35.47163085937507
77.89492187500014 35.449023437500074
77.85156250000011 35.46079101562498
77.81093750000014 35.48452148437502
77.80253906250016 35.492773437500006
77.79941406250015 35.495898437500045
77.72402343750014 35.480566406250006
77.57255859374999 35.47182617187502
77.52001953125006 35.47343749999999
77.44648437500018 35.47558593749997
77.29482421875008 35.508154296875034
77.09003906250001 35.55205078125002
76.87890625 35.61328125000006
76.76689453124999 35.66171874999998
76.72753906250006 35.678662109374955
76.63183593750011 35.729394531249994
76.56347656250006 35.77299804687499
76.55126953125006 35.88706054687506
76.50205078125003 35.87822265625002
76.38574218750006 35.837158203125
76.25166015625001 35.8109375
76.17783203125009 35.810546875
76.14785156250002 35.82900390625005
76.10332031249999 35.94921875000003
76.07089843750003 35.98300781250006
76.01044921875007 35.99633789062503
75.94511718749999 36.017578125
75.91230468750018 36.048974609374994
75.90488281250009 36.08847656250006
75.93408203125006 36.133935546874994
75.96865234375002 36.168847656249994
75.97441406250005 36.38242187499998
75.95185546875007 36.458105468750034
75.93300781250014 36.521582031250006
75.88496093750007 36.600732421874966
75.84023437500014 36.64970703124999
75.77216796875001 36.69492187500006
75.66718750000007 36.74199218749996
75.57373046875011 36.759326171875045
75.4602539062501 36.72504882812498
75.42421875000002 36.73823242187501
75.37685546875014 36.883691406249966
75.34667968750011 36.913476562499994
75.14521484375001 36.973242187500006
75.05390625000018 36.987158203125006
74.94912109375014 36.96835937499998
74.88925781250003 36.95244140625002
74.84121093750008 36.979101562500034
74.76601562500014 37.01274414062496
74.69218749999999 37.035742187500034
74.60058593750011 37.03666992187496
74.54140625000002 37.02216796875001
74.52646484375009 37.030664062499966
74.49794921875014 37.05722656250006
74.37617187500001 37.13735351562505
74.37216796875009 37.15771484375003
74.55898437500014 37.23662109375002
74.6689453125 37.266699218750006
74.72666015625003 37.29072265625001
74.73896484375001 37.28564453125006
74.76738281250016 37.249169921874994
74.84023437500008 37.225048828124955
74.89130859375018 37.23164062499998
74.91816406250001 37.25
75.00839843750003 37.29355468749998
75.07900390625014 37.34404296874996
75.11875 37.38569335937501
75.09746093750016 37.451269531250034
74.98642578125009 37.530371093750006
74.91582031249999 37.57280273437502
74.89423828125007 37.601416015625006
74.91230468750018 37.68730468749999
74.93828125000016 37.772509765625045
74.92128906250014 37.80498046874999
74.90029296875014 37.832714843749955
74.89082031250007 37.92578125
74.84248046875018 38.03808593750006
74.78964843750003 38.10361328124998
74.77509765625001 38.19189453125003
74.77207031250003 38.274755859375034
74.8359375 38.40429687500006
74.81230468750016 38.460302734375006
74.74501953125014 38.510009765625
74.51406250000014 38.6
74.27744140625009 38.659765625000034
74.18730468749999 38.657519531250045
74.13134765624994 38.66118164062499
74.06533203125014 38.608496093750006
74.02558593750018 38.53984375
73.97001953125016 38.53369140625003
73.86914062500011 38.56289062500002
73.80166015625014 38.60688476562501
73.75410156250001 38.69892578125004
73.716796875 38.81723632812498
73.69609375000005 38.85429687499999
73.70683593749999 38.88623046875
73.72998046875011 38.91469726562502
73.79453125000009 38.94130859375002
73.80527343750009 38.968652343749994
73.79560546875007 39.00214843749998
73.74375 39.04453125
73.69042968750011 39.10454101562499
73.60732421874997 39.22919921874998
73.62314453125009 39.2978515625
73.63632812500003 39.39667968749998
73.63164062500005 39.448876953124966
73.71572265625014 39.462255859375034
73.82294921875001 39.488964843749955
73.87275390625007 39.533300781250006
73.90712890625014 39.57851562499999
73.91464843750003 39.60649414062502
73.88251953125007 39.71455078124998
73.83974609375008 39.762841796874966
73.83535156250008 39.800146484375034
73.85625 39.82866210937496
73.88457031250005 39.87792968749997
73.93876953124999 39.97880859375002
73.99160156250002 40.043115234374966
74.02050781250006 40.059375
74.08515625000007 40.074316406250006
74.24267578125011 40.09204101562497
74.41191406250005 40.13720703125003
74.61308593750005 40.27216796875001
74.67988281250007 40.31059570312502
74.76777343750007 40.329882812500045
74.83046875000014 40.32851562500002
74.84179687500011 40.344970703125
74.80126953125011 40.42851562499996
74.81113281250009 40.45878906250002
74.83515625000007 40.48261718749998
74.865625 40.49350585937506
75.00449218750003 40.44951171874999
75.11132812500006 40.45410156250003
75.24101562499999 40.48027343750002
75.52080078125005 40.627539062500006
75.55556640625014 40.62519531249998
75.58349609375006 40.605322265625006
75.61738281250001 40.51660156249997
75.65595703125018 40.329248046874994
75.67714843750014 40.30581054687502
75.87197265625014 40.30322265625003
76.00429687500008 40.37143554687506
76.0623046875001 40.38754882812506
76.15664062500014 40.37646484375003
76.20605468750006 40.408398437499955
76.25830078125006 40.43076171874998
76.31855468750007 40.35224609374998
76.39638671875002 40.389794921874994
76.48017578125001 40.44951171874999
76.52089843750008 40.51123046875003
76.57792968750016 40.57788085937503
76.6221679687502 40.662353515625
76.63984375000007 40.74223632812502
76.66113281250006 40.779638671875006
76.70839843750008 40.81811523437503
76.82402343749999 40.982324218749994
76.90771484375011 41.024169921875
76.98662109374999 41.039160156250034
77.18203125000014 41.0107421875
77.28398437499999 41.01435546875004
77.58173828125007 40.99277343749998
77.71933593750003 41.02431640625002
77.81523437500005 41.05561523437501
77.95644531250014 41.050683593749966
78.12343750000014 41.07563476562498
78.34628906250009 41.28144531250001
78.34882812500007 41.32519531250003
78.36240234375009 41.37163085937499
78.44287109375011 41.41752929687502
78.54316406250001 41.45957031250006
78.74257812500008 41.56005859375
79.14843750000006 41.71914062499999
79.29355468750003 41.7828125
79.35439453125002 41.78105468749999
79.50390625000011 41.820996093749955
79.76611328125006 41.89887695312501
79.84042968750009 41.99575195312505
79.90966796875 42.01499023437506
80.21621093750008 42.032421874999955
80.23515625000005 42.04345703125
80.24619140625003 42.05981445312503
80.22919921875007 42.12983398437501
80.20937500000014 42.190039062500006
80.23300781250003 42.20781249999999
80.25908203125005 42.23540039062502
80.25507812500018 42.274169921875
80.20576171875018 42.39941406250003
80.1792968750002 42.51835937500002
80.16191406250005 42.62553710937502
80.16503906249994 42.66552734374997
80.20224609375009 42.734472656250006
80.25029296874999 42.79726562499999
80.42402343750007 42.85576171875002
80.53896484375014 42.87348632812498
80.54375 42.911718750000034
80.45068359375 42.935546875
80.3833984375002 42.973779296874994
80.37128906250007 42.99560546875
80.37451171875011 43.020410156249994
80.3902343750002 43.043115234374994
80.50703125000018 43.08579101562498
80.61699218750005 43.128271484375006
80.75117187500018 43.10249023437501
80.77773437499997 43.11894531249999
80.7857421875002 43.161572265624955
80.75703125000001 43.20434570312497
80.72978515624999 43.274267578125006
80.66777343750016 43.31005859375003
80.66542968750014 43.352978515624955
80.70380859375001 43.42705078124996
80.65078124999997 43.56416015625001
80.59345703125001 43.68510742187496
80.49599609374997 43.89208984375003
80.43154296874997 43.951757812500006
80.39580078125016 44.04716796874999
80.35527343750016 44.09726562499998
80.3589843750002 44.171289062499966
80.36533203125009 44.223291015624994
80.35488281250002 44.32651367187498
80.33632812500014 44.43837890625002
80.35507812500003 44.552001953125
80.39101562499997 44.626806640625034
80.38144531250009 44.65541992187502
80.40058593750018 44.67690429687502
80.45546874999997 44.68408203125
80.48154296875003 44.71464843749999
80.45546874999997 44.74609375
80.36083984374994 44.7703125
80.25507812500018 44.80810546875003
80.12783203125002 44.803759765625045
79.99716796875003 44.797216796875034
79.93212890625011 44.82519531249997
79.87529296874999 44.86083984375003
79.871875 44.8837890625
79.9501953125 44.94409179687503
80.05917968750009 45.006445312500034
80.22822265625007 45.03398437499996
80.41494140624997 45.075097656249966
80.50917968749997 45.10498046875003
80.63476562500011 45.12651367187496
80.78007812500005 45.13554687499996
80.85332031250005 45.12929687499999
81.04033203125005 45.169140624999955
81.33476562500016 45.246191406250006
81.60205078125 45.31083984374996
81.6919921875002 45.349365234375
81.75888671875003 45.31083984374996
81.7896484375002 45.22602539062498
81.86748046875016 45.18208007812501
81.9449218750002 45.160839843749955
81.9892578125 45.16186523437497
82.12275390625018 45.19487304687496
82.26660156250011 45.219091796875006
82.32343750000001 45.20585937499996
82.39667968750001 45.162451171875006
82.47871093750007 45.12358398437499
82.52148437499994 45.12548828125003
82.55898437499997 45.155419921874994
82.59697265625016 45.215966796874994
82.62109375000011 45.293115234374994
82.62578125000016 45.37441406250002
82.61162109375005 45.42426757812498
82.58251953124994 45.44257812499998
82.45166015624994 45.47197265625002
82.32666015625 45.51992187499999
82.31220703125007 45.56372070312497
82.31523437500016 45.59492187500001
82.34814453125011 45.671533203124994
82.42968750000011 45.811914062499994
82.51171875000011 46.005810546874955
82.55507812499997 46.15869140625003
82.69218750000005 46.38666992187501
82.8 46.624462890624955
82.97490234375016 46.96601562500001
83.00410156250007 47.03349609374999
83.0201171875002 47.141455078125034
83.02949218750018 47.185937499999966
83.09033203124994 47.209375
83.19306640625018 47.18657226562499
83.44355468750007 47.10864257812503
83.63408203125016 47.043212890625
83.71396484375009 47.02104492187502
83.8326171875002 46.99785156250002
84.01601562499997 46.970507812500045
84.12207031250011 46.978613281250006
84.21513671875016 46.994726562500006
84.33886718750011 46.99614257812502
84.53242187500001 46.975781249999955
84.59228515624994 46.97495117187506
84.6666015625002 46.972363281249955
84.71953125000005 46.939355468749994
84.74599609375002 46.86435546874998
84.78613281250011 46.830712890624966
84.85820312500016 46.84316406250002
85.01220703125 46.90922851562499
85.11054687500001 46.96123046875002
85.2334960937502 47.03637695312503
85.35537109374997 47.046728515625006
85.48476562499997 47.06352539062499
85.52968749999997 47.10078125000001
85.57724609375009 47.18847656250003
85.65664062500002 47.254638671875
85.66982421875002 47.33837890625003
85.64179687500018 47.397412109374955
85.58662109375001 47.49365234375003
85.58828125000002 47.558496093749994
85.5616210937502 47.74648437500002
85.5259765625002 47.915625
85.56230468750016 48.05185546874998
85.62636718750014 48.204003906249966
85.65156250000001 48.25053710937496
85.69218750000016 48.31181640624999
85.74941406249997 48.38505859374999
85.82988281250005 48.40805664062498
86.05615234375011 48.423730468749966
86.265625 48.454541015624955
86.37255859375011 48.486230468749994
86.48330078125002 48.50537109375
86.54941406250009 48.52861328125002
86.66376953125018 48.63554687499996
86.71796875000001 48.697167968749994
86.7578125 48.86074218750002
86.72861328125009 48.93935546875005
86.75312500000018 49.00883789062499
86.80830078125007 49.049707031249966
86.88593750000007 49.09057617187503
86.93798828125011 49.09755859375002
87.04853515625007 49.10991210937496
87.22998046875 49.10585937500002
87.32285156250009 49.085791015625034
87.41669921875018 49.07661132812501
87.47617187500003 49.09145507812502
87.51582031250007 49.122412109375034
87.57656249999997 49.13237304687502
87.66835937500014 49.14721679687503
87.7625 49.16582031249999
87.81425781249999 49.16230468749998
87.82519531250011 49.116308593750034
87.81630859375008 49.08027343749998
87.83466796875018 49.03193359374998
87.87216796875009 49.000146484374994
87.85986328125006 48.965527343749955
87.80683593750007 48.945507812499955
87.75468750000005 48.91855468749998
87.7431640625 48.88164062500002
87.80917968750015 48.83574218749999
87.83183593750005 48.791650390624966
87.94218750000005 48.76528320312502
88.0279296875002 48.735595703125
88.06005859375 48.707177734374994
88.05019531250002 48.67504882812503
88.01064453125014 48.64042968749999
87.97226562500003 48.60332031249996
87.96738281250009 48.58105468750006
87.97968750000007 48.55512695312501
88.06259765625003 48.53784179687503
88.158203125 48.50908203124996
88.30996093750002 48.472070312499966
88.41396484375014 48.403417968750006
88.51708984375011 48.38447265624998
88.56679687500002 48.31743164062499
88.57597656250005 48.22016601562498
88.68183593750007 48.170556640624994
88.83828125000008 48.101708984374994
88.91777343750005 48.089013671874994
88.97109375000014 48.04995117187502
89.04765624999999 48.00253906250006
89.115625 47.987695312499966
89.19628906250011 47.98090820312501
89.32988281250016 48.02485351562498
89.47919921875007 48.02905273437503
89.56093750000014 48.00395507812499
89.63847656250005 47.90908203125002
89.69316406250005 47.87915039062506
89.72558593750011 47.852490234374955
89.778125 47.827001953125006
89.83134765625005 47.823291015625045
89.91044921874999 47.84433593749998
89.95869140625018 47.886328125
90.02792968750003 47.87768554687503
90.05390625000001 47.850488281249994
90.06660156250001 47.803564453125006
90.10322265625001 47.74541015624999
90.19101562500009 47.702099609374955
90.31328124999999 47.67617187499999
90.3306640625002 47.655175781249994
90.34746093750016 47.59697265625002
90.38066406250005 47.55664062499997
90.42519531250008 47.50410156250004
90.46748046875018 47.40815429687501
90.47646484375014 47.32880859375001
90.49619140625009 47.28515625
90.55292968750018 47.214013671874994
90.64335937500005 47.10029296875001
90.71552734375018 47.00385742187498
90.79902343750001 46.98515624999999
90.86992187499999 46.954492187499966
90.91054687500002 46.88325195312501
90.98574218750014 46.74902343750003
90.99785156250005 46.661083984374955
91.00429687500002 46.59575195312499
91.02890625000003 46.566064453124966
91.03388671875007 46.52900390624998
90.97148437499999 46.38798828125002
90.9182617187501 46.32426757812502
90.91152343750014 46.270654296874994
90.94755859374999 46.17729492187499
90.99677734375007 46.10498046875
91.00175781250005 46.03579101562502
90.95976562499999 45.98505859375001
90.88710937500014 45.92163085937506
90.85244140625008 45.88540039062502
90.79589843750011 45.85351562500003
90.70966796875001 45.73081054687498
90.67070312499999 45.59516601562498
90.66181640625007 45.525244140625034
90.69443359375003 45.47465820312502
90.7496093750002 45.41894531250003
90.76318359375011 45.37065429687496
90.85322265625007 45.262890624999955
90.87724609375005 45.19609375000002
90.91396484375008 45.193945312500034
90.95361328125 45.21591796874998
91.05 45.21743164062502
91.13769531250011 45.193945312500034
91.2217773437502 45.14453125
91.31210937500009 45.118115234374955
91.44101562500009 45.12475585937497
91.51005859375005 45.09824218749998
91.584375 45.076513671875006
91.73779296875006 45.06894531250006
91.85283203125016 45.06933593750006
92.02978515625006 45.068505859374966
92.17265624999999 45.035253906250034
92.42382812500011 45.008935546874994
92.57890624999999 45.01098632812497
92.78789062500005 45.035742187500034
92.91601562500011 45.020166015624966
93.29433593750002 44.983154296875
93.51621093750009 44.94448242187502
93.65644531250007 44.900976562500034
93.75527343750014 44.831933593749994
93.86816406250011 44.72421875
93.95791015625002 44.674951171874994
94.19931640625009 44.645166015624966
94.36474609375011 44.51948242187504
94.49433593750007 44.47250976562506
94.71201171875009 44.35083007812503
94.86601562499999 44.303320312500034
95.04980468750006 44.259423828124994
95.35029296875007 44.27807617187506
95.36679687500009 44.26152343749996
95.34365234375008 44.195410156250006
95.32558593750002 44.10488281250002
95.32558593750002 44.03935546874999
95.35644531250011 44.005957031250034
95.47128906250003 43.986181640625006
95.52558593750007 43.953955078125006
95.56718750000005 43.892236328124966
95.59121093750014 43.853613281250006
95.68730468749999 43.66406250000003
95.84199218750007 43.383691406249994
95.85957031250007 43.275976562500006
95.91250000000014 43.206494140624955
96.08027343750001 43.096142578124955
96.16845703125006 43.014501953125034
96.29951171875001 42.92871093750003
96.34248046875007 42.84931640625004
96.35234375000005 42.74677734375001
96.38544921875001 42.720361328124966
96.62529296875005 42.743847656249955
96.8330078125 42.76025390625
97.20566406250003 42.78979492187497
97.71894531250007 42.73627929687501
98.24824218750007 42.68452148437504
98.71630859375006 42.63872070312502
98.946875 42.61621093749997
99.46787109375003 42.56821289062506
99.75742187500009 42.62944335937499
99.98378906250002 42.67734374999998
100.08632812500014 42.67075195312498
100.51904296875 42.616796875
100.77255859375009 42.58779296875005
101.09199218750007 42.55131835937499
101.31376953125005 42.53789062499999
101.49531250000013 42.53876953125001
101.57910156250011 42.523535156250006
101.65996093750005 42.50004882812502
101.71386718750006 42.46582031249997
101.87988281250011 42.29233398437498
101.97294921875005 42.215869140625045
102.15664062500002 42.158105468749994
102.57519531250011 42.092089843750045
102.80683593750001 42.05200195312506
103.07285156250003 42.00595703124998
103.24785156249999 41.93657226562499
103.44970703125011 41.855859374999966
103.71113281250007 41.75131835937498
103.99726562500007 41.796972656250034
104.30517578125011 41.84614257812504
104.49824218750013 41.87700195312502
104.49824218750013 41.65869140625003
104.77363281250018 41.64116210937502
104.86035156250006 41.64375
104.98203125000009 41.595507812500045
105.05058593749999 41.61591796875001
105.11542968750018 41.66328124999998
105.19707031249999 41.73803710937503
105.31435546875002 41.770898437499966
105.51708984375011 41.854736328125
105.56640625000011 41.87509765624998
105.86757812500002 41.993994140625034
106.31718750000005 42.14057617187498
106.51875 42.21157226562505
106.57910156250011 42.22734375
106.69316406250005 42.263574218749994
106.77001953125011 42.28872070312505
106.90605468749999 42.30888671874999
107.09072265625014 42.32153320312497
107.29238281250002 42.34926757812502
107.74873046875007 42.400976562500006
107.80595703125005 42.405859375
108.06230468750005 42.42719726562501
108.17119140624999 42.44731445312502
108.33398437500011 42.436767578125
108.54648437500009 42.429296875
108.68730468750005 42.41611328124998
108.87451171875011 42.426464843749955
109.13164062499999 42.440576171874994
109.33984375000006 42.438378906249966
109.44316406250016 42.455957031249994
109.59550781249999 42.51054687500002
109.69804687500005 42.553808593750034
109.85878906250008 42.60625
110.05800781250008 42.660595703124955
110.19687500000015 42.71000976562499
110.28886718750005 42.74272460937499
110.40039062500011 42.773681640625
110.42958984375002 42.813574218750034
110.4617187500001 42.84414062500005
110.52089843750014 42.89526367187497
110.62753906250009 42.99052734375002
110.70859375000009 43.07387695312505
110.74853515625 43.11079101562501
110.83955078125007 43.19409179687503
110.91328125000007 43.25688476562502
111.00722656250002 43.34140625
111.0865234375002 43.36875
111.18681640624999 43.39199218750002
111.45107421875014 43.47490234375002
111.50351562500003 43.492773437500034
111.54736328125011 43.49628906250004
111.64082031250007 43.56318359374998
111.71972656250006 43.62114257812499
111.77109375000009 43.664599609375045
111.87812500000018 43.68017578125
111.9332031250002 43.71142578124997
111.94287109375011 43.75244140625
111.93173828125009 43.81494140625003
111.88027343750008 43.87890625
111.83691406250011 43.93466796874998
111.68378906250007 44.041113281250006
111.60263671875009 44.107128906249955
111.51972656250007 44.19189453125
111.48623046875008 44.271630859374994
111.42958984375008 44.322363281250006
111.40224609375014 44.367285156250006
111.41093749999999 44.41918945312503
111.48945312500001 44.511572265625006
111.51474609375009 44.56982421874997
111.54746093750009 44.67290039062502
111.62128906250007 44.8271484375
111.68144531250005 44.89916992187503
111.75107421875015 44.96953125
111.89804687500003 45.064062500000034
112.03261718750002 45.08164062499998
112.11289062500009 45.06293945312498
112.29208984375009 45.06303710937502
112.41132812500018 45.058203125
112.49931640625005 45.010937499999955
112.59677734375009 44.91767578124998
112.70673828125001 44.88344726562502
113.04941406250003 44.81035156249996
113.1960937500001 44.794824218749994
113.30097656250007 44.791650390624966
113.45566406250009 44.767431640625006
113.5079101562502 44.76235351562502
113.58701171875003 44.745703125
113.65263671874999 44.76347656249999
113.75214843750001 44.82592773437503
113.87705078125009 44.89619140625004
113.93085937500001 44.91230468750004
114.03027343750011 44.94257812499998
114.08027343750007 44.97114257812504
114.16738281250008 45.04985351562499
114.28105468750016 45.11088867187499
114.41914062500001 45.20258789062501
114.48730468750006 45.27172851562497
114.5022460937501 45.316308593749994
114.51718750000009 45.36459960937498
114.56015625000009 45.389990234375006
114.64433593750005 45.413281249999955
114.73876953125006 45.41962890625001
114.91923828125005 45.378271484375006
115.16259765625006 45.39023437500006
115.21748046875007 45.39619140625001
115.43945312500006 45.41997070312499
115.53945312500008 45.43950195312496
115.68105468750008 45.45825195312497
115.78916015625009 45.53481445312502
115.93417968750015 45.62617187499998
116.03955078125011 45.67695312500001
116.10986328125011 45.68671874999998
116.19765625000008 45.739355468750034
116.24062500000014 45.795996093750034
116.22910156250009 45.845751953125045
116.21298828125009 45.88691406249998
116.26455078125002 45.96303710937505
116.35761718750007 46.096582031249994
116.44482421875006 46.158789062500034
116.51669921875003 46.20908203124998
116.56259765625009 46.289794921875
116.61933593750007 46.313085937500034
116.68886718750014 46.32197265624998
116.78701171875014 46.37666015625001
116.85908203125007 46.387939453125
116.97880859375016 46.36176757812501
117.15595703125007 46.35507812499998
117.26904296875011 46.35224609375001
117.33339843750008 46.362011718749955
117.35693359375 46.39130859374998
117.35634765625014 46.436669921874994
117.39218750000009 46.53759765625003
117.40556640625005 46.57089843749998
117.4380859375002 46.58623046874999
117.546875 46.588281249999966
117.62050781250014 46.55200195312503
117.67109375000007 46.52207031249998
117.74121093750011 46.51816406249998
117.81347656250011 46.53769531250006
117.91044921875016 46.61933593749998
118.07128906250006 46.666601562500034
118.15683593750003 46.67856445312498
118.30869140625009 46.717041015625
118.40439453125003 46.70317382812502
118.58046875000014 46.69189453125003
118.64873046874999 46.70166015624997
118.72294921874999 46.69189453125003
118.79033203125005 46.7470703125
118.84394531250007 46.76020507812501
118.95712890625009 46.73486328125
119.02851562500007 46.69218749999999
119.16210937500006 46.63867187500003
119.33183593750005 46.61381835937502
119.47402343750008 46.62666015624998
119.62021484375009 46.603955078124955
119.70664062500003 46.60600585937502
119.74746093750002 46.627197265625
119.8671875 46.67216796875002
119.89589843750008 46.73286132812501
119.88417968750008 46.79145507812498
119.89785156250002 46.8578125
119.86269531250014 46.90659179687498
119.78847656250014 46.978808593750045
119.75986328125003 47.027001953124994
119.75722656250014 47.090039062499955
119.71113281250018 47.15
119.60019531250015 47.22246093750002
119.52695312500015 47.25590820312499
119.37666015625007 47.38085937499997
119.32597656250005 47.41015624999997
119.30859375000006 47.43071289062499
119.29082031250005 47.47265625000003
119.23525390625014 47.49257812499999
119.16240234374999 47.52519531249996
119.12294921875008 47.558496093749994
119.09726562500009 47.61625976562496
119.08193359375014 47.654150390625034
119.01757812500011 47.68535156250002
118.95312500000011 47.702929687500045
118.88027343750002 47.72509765625003
118.75996093750007 47.75761718749999
118.69052734375009 47.822265625
118.56777343750014 47.943261718749966
118.49843750000002 47.983984375
118.23964843750014 47.99951171874997
118.14707031250009 48.02890625
118.04189453125002 48.01894531250002
117.97919921875001 47.99960937499998
117.84042968750009 47.999853515625034
117.76835937500016 47.987890625
117.67666015625014 47.908300781250034
117.55537109375007 47.80468749999997
117.45507812500011 47.74135742187505
117.38398437500007 47.67573242187501
117.35078125000018 47.652197265625006
117.28593749999999 47.666357421875034
117.19707031249999 47.74028320312502
117.06972656250002 47.80639648437497
116.95166015625011 47.836572265624994
116.90117187500005 47.85307617187499
116.76054687499999 47.869775390624994
116.65195312500009 47.864501953125
116.51347656249999 47.83955078124998
116.37822265624999 47.84404296875002
116.31718749999999 47.85986328125003
116.23115234375007 47.85820312499996
116.07480468750009 47.78955078125
115.99384765625001 47.711328124999966
115.89824218749999 47.686914062499966
115.81171875000007 47.73823242187504
115.71171874999999 47.79892578125006
115.61640625000007 47.87480468749996
115.55761718750006 47.94501953124998
115.52509765625007 48.130859375
115.63945312500005 48.18623046874998
115.78554687500014 48.24824218750001
115.79658203125018 48.34633789062502
115.79169921875007 48.455712890624994
115.82050781250007 48.57724609374998
115.95380859375001 48.689355468749994
116.02548828125009 48.78227539062502
116.034375 48.840039062499955
116.09824218750009 48.936132812500006
116.15966796875006 49.037451171875034
116.24335937500007 49.17036132812504
116.40214843750005 49.40620117187501
116.58974609375002 49.68481445312503
116.68330078125007 49.82377929687502
116.88896484375005 49.73779296875
117.02167968750018 49.69296875
117.24560546874994 49.62485351562498
117.47714843750003 49.60942382812496
117.69843750000001 49.535839843749955
117.8125976562502 49.513525390625034
117.87343750000014 49.51347656250002
118.18662109375009 49.692773437499966
118.45156249999997 49.84448242187497
118.75595703125009 49.96284179687501
118.97949218749994 49.97885742187498
119.1474609375 50.01337890625001
119.25986328125009 50.06640624999997
119.32607421875014 50.154931640624966
119.34628906250009 50.27895507812502
119.30156250000005 50.35390625000002
119.19189453125 50.379833984374955
119.1636718750002 50.40600585937497
119.21669921874997 50.43251953125005
119.25585937499994 50.48417968749999
119.28066406250014 50.56098632812501
119.34404296875016 50.633886718750034
119.44570312500002 50.702832031249955
119.50175781250016 50.77924804687498
119.51230468750009 50.863134765625006
119.57343750000018 50.94677734375
119.68496093749997 51.030126953125006
119.74599609374997 51.10771484375002
119.75664062500005 51.17949218749999
119.81318359375018 51.267041015624955
119.96699218750007 51.42211914062503
120.06689453125 51.600683593750006
120.23701171875018 51.722998046875034
120.51054687500016 51.84853515625005
120.68144531250016 51.97304687499999
120.74980468750005 52.096533203125034
120.74453125000002 52.20546875000002
120.66542968749997 52.29990234374998
120.65039062500011 52.395898437499994
120.69921875000011 52.49360351562501
120.65615234375014 52.56665039062497
120.52109375000003 52.61503906249996
120.36005859375001 52.62700195312502
120.17275390624997 52.60249023437498
120.06757812500001 52.63291015625006
120.04433593750002 52.71821289062501
120.09453125000005 52.787207031250034
120.21816406249997 52.839892578125045
120.42128906249997 52.968066406250045
120.70410156249994 53.17182617187498
120.98544921875009 53.28457031250002
121.40546875000001 53.317041015624994
121.74394531250016 53.38359375
122.0888671875 53.45146484375002
122.33779296874997 53.48500976562502
122.38017578124999 53.4625
122.51582031250018 53.45698242187498
122.7447265625002 53.46850585937503
122.95761718750003 53.49770507812502
123.15410156250005 53.544580078124966
123.3095703125 53.55561523437501
123.42402343750001 53.53076171875
123.48945312500001 53.529443359374994

