-78.14082031249995 2.51967773437498
-78.19248046874998 2.559277343749969
-78.21010742187502 2.609179687500003
-78.17841796874995 2.64633789062502
-78.13764648437501 2.634179687500037
-78.11914062499997 2.60361328125002
-78.11372070312493 2.541748046875028

-71.15502929687497 12.164160156249991
-71.1373046875 12.046337890624969
-71.2841796875 11.918310546875006
-71.31972656249994 11.861914062499963
-71.35556640624998 11.84975585937498
-71.40019531249999 11.82353515624996
-71.53608398437498 11.774072265625009
-71.71948242187503 11.726855468749989
-71.95810546874998 11.666406250000023
-72.0123046875 11.601953125000037
-72.24848632812498 11.196435546875023
-72.44609375000002 11.114257812499972
-72.51801757812501 11.053906250000026
-72.57226562499994 10.97714843750002
-72.69008789062497 10.835839843750009
-72.73916015625002 10.727197265624994
-72.86933593749998 10.491259765624974
-72.94038085937498 10.195751953124983
-72.96738281249998 10.029736328125011
-73.00654296874995 9.78916015625002
-73.06406249999995 9.668212890624986
-73.14125976562497 9.554638671875026
-73.224267578125 9.443603515624972
-73.29565429687497 9.322021484374972
-73.35634765625 9.226855468749946
-73.36621093749997 9.194140625000031
-73.33671874999999 9.167919921875026
-73.19316406249996 9.194140625000031
-73.13671875000003 9.222802734375009
-73.05839843749996 9.25957031249996
-73.00927734375 9.23994140625004
-72.96015625000001 9.13515625
-72.90444335937494 9.122070312500014
-72.85209960937493 9.13515625
-72.79638671874997 9.108984375
-72.72553710937501 8.848291015625009
-72.66542968750002 8.627587890624994
-72.52573242187498 8.489697265624969
-72.41655273437502 8.381982421874952
-72.39033203125001 8.287060546874983
-72.36416015625002 8.152783203124983
-72.35761718750001 8.087304687499966
-72.39169921875003 8.047705078124977
-72.446044921875 7.96611328124996
-72.4595703125 7.809863281250017
-72.46889648437502 7.757958984375009
-72.47895507812495 7.613232421875011
-72.47197265624996 7.524267578125006
-72.44296874999998 7.454882812500003
-72.39462890625 7.415087890624974
-72.29633789062495 7.394531250000043
-72.20771484374993 7.370263671874994
-72.15668945312501 7.249707031250026
-72.08427734375002 7.096875
-72.00664062500002 7.032617187500037
-71.89267578124998 6.990332031250034
-71.811279296875 7.005810546874997
-71.62089843750002 7.032910156250011
-71.45712890624998 7.0263671875
-71.21782226562496 6.985205078124963
-71.12861328125001 6.98671875
-71.01328124999995 6.994433593749989
-70.810693359375 7.077587890624955
-70.737158203125 7.090039062500011
-70.65507812499999 7.082763671875043
-70.53554687499997 7.040527343750043
-70.47065429687498 7.007128906249989
-70.3875 6.972607421874983
-70.26611328124997 6.947949218750011
-70.188134765625 6.952050781249966
-70.12919921874996 6.953613281250014
-70.09501953125002 6.937939453125026
-69.90419921874997 6.700244140625003
-69.73896484374995 6.494384765624986
-69.59482421875 6.321484375000026
-69.43925781250002 6.134912109375023
-69.42714843750002 6.123974609375011
-69.35708007812497 6.147998046875031
-69.31083984374996 6.137597656250037
-69.26816406249998 6.099707031249963
-69.19453124999998 6.115332031250034
-69.08994140624998 6.184375
-68.93720703124995 6.19819335937504
-68.736474609375 6.156787109374946
-68.47177734375 6.156542968749989
-68.14306640625 6.197509765624986
-67.93886718749997 6.241943359374986
-67.85917968749999 6.289892578124977
-67.7271484375 6.284960937499946
-67.56806640625001 6.241796875000034
-67.48198242187496 6.180273437500034
-67.47158203124997 6.119775390624966
-67.43935546875 6.025537109375037
-67.473876953125 5.929980468750017
-67.57519531250003 5.833105468750006
-67.63134765625003 5.709375
-67.64228515624993 5.558789062499983
-67.69462890624993 5.447509765625043
-67.78842773437503 5.375488281250028
-67.82490234375001 5.27045898437504
-67.80419921874997 5.132519531249997
-67.81430664062498 4.930810546875037
-67.85527343749999 4.665478515624983
-67.85527343749999 4.506884765625003
-67.81430664062498 4.455078125000014
-67.79541015624994 4.380712890624963
-67.79863281249999 4.28388671875004
-67.78320312499994 4.1982421875
-67.73232421875 4.086523437499977
-67.66162109374997 3.8642578125
-67.6025390625 3.768798828125
-67.551123046875 3.733837890624983
-67.498681640625 3.691113281249983
-67.34770507812496 3.463769531250023
-67.31113281249998 3.415869140625034
-67.32216796875 3.373974609375026
-67.33627929687503 3.342626953125034
-67.35361328125 3.322656249999966
-67.51484374999998 3.187255859375
-67.83476562499999 2.892822265624972
-67.86123046874997 2.855322265624963
-67.85908203124995 2.793603515625009
-67.766455078125 2.833300781250017
-67.66723632812494 2.800195312500023
-67.61870117187502 2.793603515625009
-67.59667968749997 2.769335937499946
-67.568017578125 2.689941406250028
-67.53496093750002 2.6767578125
-67.48642578124998 2.643652343750006
-67.39160156250003 2.559912109375006
-67.31225585937503 2.471679687499972
-67.25273437499999 2.429443359374986
-67.21083984374997 2.390136718749972
-67.19760742187503 2.332763671875
-67.21523437499997 2.275488281249963
-67.16547851562495 2.142578124999986
-67.13144531249995 2.101269531249997
-67.11381835937502 2.050585937499974
-67.13144531249995 1.999853515625034
-67.08955078124995 1.940332031249994
-67.04389648437498 1.823193359375011
-66.98813476562498 1.680175781250014
-66.98154296874998 1.60078125
-66.95834960937503 1.564208984375014
-66.93110351562501 1.458007812499957
-66.88447265625001 1.358251953124977
-66.89550781250003 1.289892578124991
-66.87602539062496 1.223046874999966
-67.06523437499996 1.178369140625009
-67.08227539062497 1.18540039062502
-67.09365234375 1.210009765624974
-67.08828124999997 1.400585937499983
-67.09013671874999 1.615576171874991
-67.11923828124995 1.703613281249986
-67.205810546875 1.844824218749977
-67.32060546874996 2.032080078125034
-67.35195312500002 2.085839843749966
-67.40043945312496 2.116699218750043
-67.457763671875 2.12114257812496
-67.49965820312502 2.107910156250028
-67.55605468749997 2.072998046875014
-67.60922851562503 2.035058593750009
-67.71186523437498 1.922119140625014
-67.81508789062497 1.790087890625017
-67.87553710937502 1.760595703124963
-67.93623046874995 1.748486328124983
-67.98974609375003 1.752539062500006
-68.03286132812502 1.788037109374955
-68.07705078124997 1.860107421874986
-68.13027343749997 1.955761718750026
-68.19379882812493 1.987011718749997
-68.21835937499998 1.957617187499963
-68.23945312500001 1.901367187500043
-68.25595703124998 1.845507812500031
-68.21328125 1.774560546874966
-68.17656249999999 1.719824218750006
-68.23955078125002 1.721679687500028
-68.44345703125 1.721582031250009
-68.678466796875 1.721484374999989
-68.91318359375003 1.721386718749969
-69.12426757812497 1.721289062499949
-69.3197265625 1.721240234375031
-69.39433593750002 1.725781249999983
-69.47016601562501 1.757910156249949
-69.54291992187498 1.77324218749996
-69.58125 1.770751953124986
-69.65004882812497 1.739453125000011
-69.739599609375 1.734863281249957
-69.79995117187494 1.705175781249949
-69.84858398437501 1.708740234374972
-69.849462890625 1.543896484374955
-69.85078125000001 1.308789062500026
-69.8521484375 1.059521484374955
-69.79814453125002 1.078417968749989
-69.75131835937498 1.076611328124969
-69.71699218750001 1.059082031250043
-69.62089843749999 1.0732421875
-69.56757812499995 1.065771484374991
-69.51713867187499 1.059472656250037
-69.47031250000003 1.058593750000028
-69.44150390625003 1.038818359375
-69.40278320312495 1.042382812500023
-69.36137695312496 1.064013671874989
-69.31181640624999 1.050488281249983
-69.25869140625 1.015380859375028
-69.22446289062503 0.963134765625043
-69.19384765625003 0.898291015624977
-69.163232421875 0.864062500000017
-69.1650390625 0.801953124999969
-69.16596679687501 0.753320312500009
-69.1767578125 0.712841796875026
-69.163232421875 0.686669921875023
-69.15332031250003 0.658789062500034
-69.15605468749996 0.642529296874997
-69.17407226562497 0.635351562499963
-69.21279296874997 0.629931640625017
-69.25419921874996 0.625439453124983
-69.28300781249996 0.627246093750003
-69.30551757812503 0.652441406249977
-69.3271484375 0.655175781250009
-69.35864257812503 0.651562499999983
-69.39199218749997 0.666894531249994
-69.42080078124997 0.698388671875009
-69.47211914062495 0.729931640624955
-69.52705078124995 0.716406249999949
-69.56484375000002 0.700195312500028
-69.60361328125 0.680371093749983
-69.63872070312496 0.659667968750028
-69.673828125 0.665087890624974
-69.71889648437497 0.64980468749998
-69.75673828125002 0.626367187499994
-69.80712890625 0.60747070312496
-69.862060546875 0.598486328125006
-69.92509765624996 0.589404296875017
-69.98544921875 0.585839843749994
-70.05390624999998 0.578613281250043
-70.05791015625002 0.447363281250034
-70.06572265625002 0.189355468749966
-70.070947265625 0.018554687499986
-70.07050781250001 -0.138867187500026
-70.04404296875003 -0.19619140624998
-69.92275390625002 -0.317480468750006
-69.82792968749996 -0.381347656249957
-69.7474609375 -0.45253906249998
-69.66748046874997 -0.482421875000028
-69.63398437499998 -0.50927734375
-69.6119140625 -0.553320312499991
-69.60087890624999 -0.599609375000014
-69.59204101562497 -0.639355468750026
-69.60087890624999 -0.68125
-69.62070312500003 -0.720898437500026
-69.6119140625 -0.762792968750034
-69.58325195312503 -0.795898437500028
-69.57441406250001 -0.837792968750037
-69.55458984374997 -0.877441406250043
-69.54355468750003 -0.917187500000054
-69.51928710937497 -0.945800781250014
-69.488427734375 -0.965722656249994
-69.44873046874997 -0.998730468749969
-69.44433593749997 -1.029589843750031
-69.44873046874997 -1.064941406249957
-69.44912109374997 -1.091601562499974
-69.41142578125002 -1.15224609374998
-69.40024414062498 -1.194921874999963
-69.41787109375 -1.245703125
-69.434912109375 -1.421679687499974
-69.47861328125003 -1.621972656250023
-69.5064453125 -1.77490234375
-69.55185546875003 -2.024218749999989
-69.60468749999995 -2.314257812500017
-69.66904296875 -2.667675781249983
-69.73261718750001 -3.016699218750034
-69.79414062500001 -3.354589843750034
-69.84975585937497 -3.659863281249969
-69.91103515625002 -3.99658203125
-69.94819335937495 -4.200585937499994
-69.96591796875 -4.2359375
-70.01718749999998 -4.162011718750037
-70.09477539062496 -4.092187500000023
-70.16752929687496 -4.050195312499994
-70.19838867187494 -3.995117187499972
-70.24028320312496 -3.88271484374998
-70.29843749999998 -3.844238281249957
-70.339501953125 -3.814355468749994
-70.37919921875002 -3.81875
-70.42109375000001 -3.849609374999986
-70.48583984374997 -3.869335937500011
-70.52968750000002 -3.86640625000004
-70.70620117187502 -3.78896484374998
-70.73510742187494 -3.781542968749974
-70.62167968749995 -3.604589843749991
-70.41899414062493 -3.288281250000026
-70.29013671874998 -3.087304687500023
-70.14707031249998 -2.864062500000017
-70.07402343750002 -2.750195312500011
-70.064453125 -2.73076171874996
-70.06474609374999 -2.701660156249972
-70.09584960937502 -2.658203125
-70.16474609375001 -2.63984375
-70.24443359374999 -2.606542968749963
-70.29462890625001 -2.552539062499974
-70.36416015624997 -2.529296875000028
-70.41821289062497 -2.490722656249986
-70.51679687499998 -2.453125
-70.57587890625001 -2.418261718749974
-70.64799804687496 -2.40576171875
-70.70537109375002 -2.341992187499983
-70.91455078125 -2.21855468749996
-70.96855468749999 -2.206835937499974
-71.02729492187498 -2.225781250000011
-71.11337890625 -2.245410156250017
-71.19638671874995 -2.313085937500034
-71.30009765624996 -2.334863281250037
-71.39697265624997 -2.334082031249963
-71.44746093749995 -2.29375
-71.49609375 -2.27919921874998
-71.55947265624994 -2.224218749999963
-71.67148437499995 -2.18212890625
-71.75253906249992 -2.152734374999966
-71.80273437500003 -2.166308593749974
-71.86728515624995 -2.227734374999969
-71.932470703125 -2.288671875000034
-71.98427734374997 -2.326562500000037
-72.05380859374992 -2.32460937499999
-72.13681640624998 -2.380664062499946
-72.21845703124998 -2.400488281249991
-72.30073242187495 -2.409277343750006
-72.39560546874992 -2.428906250000011
-72.50068359374993 -2.395019531250028
-72.58671875 -2.36513671874998
-72.62534179687492 -2.351660156249991
-72.66015625 -2.36103515625004
-72.71416015624999 -2.3921875
-72.81123046874995 -2.405468750000026
-72.88715820312498 -2.408496093750031
-72.94111328124995 -2.394042968750014
-72.9896484375 -2.339746093749966
-73.06816406249999 -2.31201171875
-73.15449218749998 -2.278222656250037
-73.17265625 -2.208398437500023
-73.16020507812502 -2.156347656249991
-73.12651367187499 -2.081054687500014
-73.14521484374998 -2.003320312499994
-73.18149414062498 -1.880371093749986
-73.19697265624995 -1.830273437499997
-73.22397460937495 -1.787695312500034
-73.26645507812498 -1.772265624999989
-73.34951171875002 -1.783886718749969
-73.44028320312495 -1.737402343749991
-73.49628906249998 -1.693066406250026
-73.52524414062495 -1.638867187499997
-73.49433593749995 -1.536621093749943
-73.52138671874997 -1.44970703125
-73.57548828124996 -1.401367187500014
-73.61025390624994 -1.316406250000028
-73.66430664062503 -1.248828125000031
-73.73574218750002 -1.214160156249974
-73.80717773437502 -1.21796875000004
-73.86318359374997 -1.196679687499966
-73.92695312499998 -1.125195312499969
-73.98681640625 -1.098144531249972
-74.05439453125001 -1.028613281250017
-74.18076171875 -0.99775390625004
-74.24638671874996 -0.970605468750009
-74.28388671874995 -0.927832031250006
-74.33442382812495 -0.85087890624996
-74.32861328125 -0.808398437500003
-74.353125 -0.766601562500014
-74.37490234375002 -0.691406249999972
-74.41787109375 -0.580664062499977
-74.46518554687495 -0.51767578125002
-74.51386718750001 -0.470117187500009
-74.55507812499997 -0.429882812499983
-74.61635742187502 -0.370019531249952
-74.69165039062497 -0.335253906249974
-74.75537109375 -0.298632812499974
-74.78046874999995 -0.244531249999966
-74.80175781249994 -0.20009765624998
-74.8375 -0.203320312500011
-74.888818359375 -0.199414062500011
-74.94531249999997 -0.18818359375004
-75.00498046874995 -0.15585937500002
-75.05468749999997 -0.116699218749957
-75.13837890624995 -0.050488281249969
-75.18408203125003 -0.041748046874957
-75.22460937500003 -0.041748046874957
-75.28447265624996 -0.10654296875002
-75.46396484375003 -0.038427734374991
-75.61733398437502 0.062890624999952
-75.77666015624996 0.089257812499994
-75.87978515625002 0.150976562499963
-75.97485351562503 0.247753906249955
-76.02617187499999 0.313085937500034
-76.06791992187496 0.345556640624991
-76.27060546874995 0.439404296875011
-76.31103515625003 0.448486328125
-76.38818359375003 0.404980468750011
-76.41337890625002 0.378857421875026
-76.41796874999997 0.303906250000026
-76.42729492187499 0.261230468750043
-76.49462890624994 0.23544921875002
-76.60302734375 0.240966796875
-76.67851562500002 0.268164062500034
-76.72900390625 0.272119140625037
-76.73930664062496 0.250830078124963
-76.767724609375 0.241650390624955
-76.82934570312503 0.247753906249955
-76.92011718749995 0.268505859375011
-77.00244140625003 0.296240234374977
-77.11411132812503 0.355078124999977
-77.16572265624998 0.347753906249991
-77.29267578124998 0.360400390624989
-77.39633789062498 0.393896484374977
-77.42275390625002 0.424853515624974
-77.46767578124994 0.636523437500017
-77.48139648437498 0.651171874999989
-77.52612304687494 0.660351562499997
-77.601318359375 0.689501953124974
-77.64863281249995 0.7236328125
-77.67319335937498 0.782226562500043
-77.702880859375 0.837841796874997
-77.82954101562495 0.82539062500004
-78.03701171875002 0.898730468749974
-78.18066406249997 0.968554687499989
-78.31210937500003 1.046093749999969
-78.51152343749996 1.198828125
-78.58764648437503 1.236669921874991
-78.681640625 1.283447265625014
-78.73710937500002 1.358691406249974
-78.82885742187497 1.434667968750006
-78.85966796875002 1.45537109374996
-78.88847656249993 1.524072265625009
-79.02543945312496 1.623681640624966
-78.957666015625 1.752197265625028
-78.79296875000003 1.848730468749977
-78.57690429687497 1.773779296874991
-78.550439453125 1.92363281249996
-78.62861328124993 2.05625
-78.61704101562498 2.306787109375037
-78.59169921874997 2.356640624999983
-78.53471679687499 2.423681640624963
-78.46044921874997 2.470068359374991
-78.41689453124997 2.483496093749977
-78.34287109374998 2.460546875
-78.29614257812497 2.510498046874972
-78.12001953124997 2.488183593749952
-78.06665039062503 2.509130859374963
-78.03017578124997 2.543066406250034
-77.98720703125 2.568994140624994
-77.932275390625 2.629248046875006
-77.90078125 2.698828124999977
-77.87451171874997 2.725878906249974
-77.81357421874998 2.716357421874989
-77.80795898437498 2.746386718749974
-77.77666015625002 2.787304687499969
-77.67001953124995 2.878857421874969
-77.67109374999998 2.919335937499952
-77.70097656249996 3.007568359374986
-77.69365234374996 3.039941406250009
-77.63203124999995 3.05117187499999
-77.55913085937502 3.075976562499974
-77.520263671875 3.160253906250006
-77.47221679687499 3.23378906249998
-77.41713867187494 3.341796875000043
-77.35654296875003 3.348583984375011
-77.32441406249998 3.474755859374952
-77.24277343749995 3.585351562500009
-77.076806640625 3.91328125000004
-77.12685546874997 3.906054687499989
-77.16660156249998 3.862255859375026
-77.21201171875 3.867431640625014
-77.263525390625 3.893212890625037
-77.24838867187503 4.040966796875026
-77.27802734374995 4.058496093750037
-77.35820312500002 3.944726562499952
-77.42729492187499 4.060449218749994
-77.43354492187501 4.130957031249977
-77.40449218749995 4.20078125
-77.40874023437502 4.247753906249969
-77.52070312500001 4.212792968750037
-77.51552734375002 4.256298828125011
-77.44584960937493 4.301025390624986
-77.41425781249998 4.347607421874969
-77.35351562499994 4.398291015624991
-77.32832031249998 4.475
-77.31367187500001 4.593847656250034
-77.28632812499995 4.721728515624974
-77.30654296874997 4.784667968750014
-77.33945312500003 4.838525390624966
-77.36674804687499 5.076562499999966
-77.35917968749996 5.215185546874963
-77.373291015625 5.323974609375014
-77.40175781250002 5.416162109374966
-77.53442382812494 5.537109375
-77.32460937500002 5.675634765624977
-77.24926757812503 5.780175781249966
-77.34467773437493 5.995361328125014
-77.46943359374995 6.176757812500028
-77.47304687499997 6.28564453125
-77.440087890625 6.271728515625014
-77.39824218750002 6.275
-77.35986328125 6.504492187500006
-77.36879882812497 6.575585937500009
-77.43886718750002 6.690332031250023
-77.5259765625 6.693115234374972
-77.60214843749998 6.837304687500037
-77.645849609375 6.869628906250043
-77.68095703124996 6.960400390624983
-77.8037109375 7.137255859375031
-77.90117187499996 7.229345703124963
-77.82832031249995 7.442822265625026
-77.76469726562496 7.483691406250003
-77.743896484375 7.53696289062502
-77.76875 7.668066406249991
-77.76191406249993 7.698828124999963
-77.74692382812498 7.71186523437504
-77.73203124999998 7.710937500000028
-77.70634765624999 7.691210937500003
-77.65859375000002 7.63461914062502
-77.61860351562495 7.564550781249963
-77.586572265625 7.54306640625002
-77.53828124999993 7.566259765625034
-77.35078124999993 7.705859374999974
-77.36274414062498 7.749072265624974
-77.34560546874994 7.836523437500034
-77.28295898437497 7.908154296874969
-77.215966796875 7.932519531249966
-77.19599609375001 7.972460937500017
-77.21230468749997 8.033886718750011
-77.2826171875 8.187060546875031
-77.34550781250002 8.269531249999957
-77.38588867187497 8.351660156249991
-77.40727539062499 8.427246093750028
-77.47851562500003 8.498437499999966
-77.44833984375 8.565869140625026
-77.39306640625003 8.644677734375009
-77.37421875000001 8.658300781250034
-77.344140625 8.636718749999986
-77.26157226562498 8.493701171874974
-77.130126953125 8.400585937500011
-76.99228515625 8.250341796874963
-76.93583984374996 8.146826171875006
-76.89096679687495 8.127978515624989
-76.85185546874999 8.090478515624994
-76.86909179687495 8.062695312500011
-76.91220703125003 8.033398437499997
-76.92465820312498 7.973193359374989
-76.89663085937497 7.939453125000043
-76.86689453124993 7.917968750000014
-76.78657226562501 7.93159179687504
-76.74233398437497 8.002148437500026
-76.77207031249998 8.310546874999972
-76.81860351562497 8.46469726562502
-76.87221679687497 8.512744140624946
-76.92045898437502 8.573730468750028
-76.88798828124996 8.619873046875014
-76.80224609375 8.640673828124989
-76.68935546875 8.694726562499994
-76.27685546875 8.989111328125006
-76.13549804687497 9.265625
-76.02724609374994 9.365771484375003
-75.905029296875 9.430908203125043
-75.75556640625001 9.415625
-75.63935546874995 9.450439453125028
-75.60361328124998 9.538476562500023
-75.63535156250003 9.6578125
-75.680029296875 9.729785156250003
-75.63710937499997 9.834277343749974
-75.59267578124997 9.992724609375017
-75.59589843749998 10.125830078124949
-75.53857421874994 10.205175781249949
-75.55839843749999 10.23642578125002
-75.6421875 10.172167968749974
-75.70834960937498 10.143408203124977
-75.6708984375 10.196337890625017
-75.55371093750003 10.327734374999963
-75.49277343750003 10.527636718750017
-75.44599609375001 10.610888671875003
-75.28061523437498 10.727197265624994
-75.24794921875 10.783251953124946
-75.12304687500003 10.870410156250031
-74.92158203124993 11.057568359374969
-74.84458007812498 11.10971679687502
-74.45424804687502 10.9890625
-74.330224609375 10.996679687500006
-74.35239257812498 10.97465820312496
-74.4095703125 10.967187500000037
-74.49228515624995 10.934472656250023
-74.51625976562497 10.8625
-74.46025390625002 10.787060546875011
-74.40087890625 10.765234375
-74.35019531249998 10.813720703125028
-74.29995117187494 10.952246093750006
-74.219140625 11.10532226562502
-74.20019531249997 11.265722656250006
-74.142919921875 11.32084960937496
-74.05913085937499 11.340625
-73.9095703125 11.308886718750017
-73.79570312499999 11.275683593750003
-73.67690429687502 11.271484375000028
-73.31337890624994 11.295751953125006
-72.72182617187497 11.712158203125014
-72.44707031250002 11.801708984374955
-72.275 11.889257812500034
-72.16523437499998 12.060205078125037
-72.13574218750003 12.188574218749991
-72.05507812500002 12.238427734375023
-71.97011718750002 12.23828125
-71.93125 12.269531249999972
-71.91914062499995 12.309082031250028
-71.71455078125001 12.419970703124974
-71.59746093749996 12.434375
-71.493994140625 12.432275390624994
-71.26210937500002 12.335302734374949

