43.85898437500009 -12.368261718749963
43.66367187500009 -12.342871093750034
43.632910156250034 -12.287695312499977
43.63134765625 -12.247070312499972
43.70429687500001 -12.255957031250006
43.78867187500009 -12.30703125

44.526757812499966 -12.219531250000045
44.526269531249966 -12.323535156250003
44.50498046875009 -12.356542968749977
44.46015625000018 -12.335156249999969
44.377441406250114 -12.25224609374996
44.220117187500136 -12.17138671875
44.29228515624999 -12.164746093749983
44.33447265625 -12.173046874999983
44.37910156250018 -12.165625
44.40703124999999 -12.120117187500043
44.41259765625 -12.092968750000011
44.45185546875018 -12.071386718749963
44.476367187500045 -12.08154296875

43.44677734374994 -11.914550781249986
43.355468750000114 -11.857519531250006
43.303320312500034 -11.844042968750017
43.226660156250034 -11.75185546874998
43.25605468750018 -11.432128906250028
43.280664062500136 -11.391210937500048
43.29902343750007 -11.374511718750014
43.34150390625018 -11.368457031250031
43.39296875000002 -11.408593750000037
43.379394531250114 -11.614160156249994
43.447656250000136 -11.75253906250002
43.49150390624999 -11.86210937499996
43.465820312500114 -11.901269531250037

