-83.61728515625 10.87749023437496
-83.58818359374993 10.814990234375017
-83.57529296874998 10.734716796875006
-83.44824218750003 10.465917968749963
-83.34682617187497 10.315380859375026
-83.124609375 10.04160156250002
-83.02851562499995 9.991259765624989
-82.86630859374995 9.77094726562504
-82.810302734375 9.734570312499997
-82.77841796875 9.66953125
-82.61015624999999 9.616015625
-82.56357421874992 9.576660156249986
-82.56923828125002 9.558203125000048
-82.58652343749998 9.538818359375
-82.61127929687495 9.519238281250011
-82.64409179687499 9.505859375000043
-82.72338867187497 9.546093749999969
-82.80102539062497 9.591796875000043
-82.84399414062503 9.570800781250028
-82.86015625 9.511474609375028
-82.88896484374996 9.481005859375031
-82.92504882812503 9.469042968750003
-82.93984375000002 9.44916992187504
-82.94282226562501 9.248876953124991
-82.94033203124994 9.060107421875003
-82.88134765625 9.055859375000026
-82.78305664062495 8.990283203124989
-82.74116210937495 8.951708984375031
-82.72783203124999 8.91606445312496
-82.73999023437497 8.898583984375037
-82.81191406249997 8.857421875
-82.88198242187497 8.805322265625051
-82.91704101562499 8.740332031250048
-82.85571289062503 8.63530273437496
-82.84262695312492 8.56396484375
-82.84477539062502 8.489355468749977
-82.86162109374999 8.453515624999966
-82.99755859374997 8.367773437499991
-83.02734375 8.337744140625006
-83.02338867187498 8.31601562500002
-82.94843749999998 8.256835937500043
-82.91289062499993 8.199609375000023
-82.88330078124994 8.130566406249983
-82.87934570312495 8.070654296875034
-82.94726562500003 8.18173828125002
-83.04145507812501 8.287744140625037
-83.12333984375002 8.353076171875017
-83.12958984375004 8.505468749999977
-83.16240234374996 8.588183593750045
-83.28579101562497 8.664355468750017
-83.39140624999999 8.717724609374969
-83.46972656249997 8.706835937499974
-83.42177734374997 8.619238281249977
-83.29775390625002 8.506884765625003
-83.28955078125003 8.463818359375026
-83.29150390624997 8.406005859375057
-83.37680664062495 8.414892578125006
-83.45205078125 8.438476562500014
-83.54375 8.445849609375003
-83.60473632812503 8.480322265625006
-83.73408203125001 8.614453124999983
-83.6421875 8.728906250000023
-83.61372070312498 8.804052734374963
-83.61616210937495 8.959814453124991
-83.63725585937499 9.035351562500011
-83.73691406249995 9.15029296874998
-83.89555664062493 9.276416015625017
-84.11787109375004 9.379443359375045
-84.22236328125001 9.4625
-84.482666015625 9.526171875
-84.58159179687499 9.568359374999986
-84.65888671875001 9.64667968750004
-84.67045898437499 9.702880859375028
-84.64306640625 9.789404296874977
-84.71494140624998 9.899414062500014
-85.02504882812502 10.115722656250028
-85.19843749999998 10.195312499999986
-85.23564453125002 10.242089843750009
-85.26318359374994 10.25664062499996
-85.23652343750001 10.107373046875011
-85.16074218749995 10.017431640624991
-84.96279296874994 9.93344726562502
-84.90834960937497 9.884570312500003
-84.88642578125001 9.820947265625009
-85.00126953124996 9.699267578125003
-85.05971679687497 9.668310546875006
-85.07705078124994 9.60195312499998
-85.11450195312503 9.581787109375057
-85.15400390624998 9.62006835937504
-85.31455078124992 9.810937500000023
-85.624853515625 9.902441406250006
-85.68100585937498 9.95859375
-85.79648437499998 10.13286132812496
-85.84965820312496 10.292041015624974
-85.83061523437499 10.398144531250011
-85.703125 10.563476562500028
-85.66333007812503 10.63544921875004
-85.67143554687499 10.679785156250006
-85.66723632812503 10.74501953124998
-85.71484374999994 10.790576171875017
-85.832861328125 10.849951171875034
-85.90800781249996 10.897558593749963
-85.88740234375001 10.921289062500009
-85.75224609375002 10.98525390624998
-85.74370117187496 11.042968750000014
-85.74433593750001 11.062109375
-85.72226562499995 11.066259765624963
-85.70263671874994 11.081542968749972
-85.69052734374998 11.097460937500017
-85.653662109375 11.153076171874972
-85.62138671874999 11.18447265624998
-85.58417968749998 11.189453125000014
-85.53872070312494 11.166308593750003
-85.36835937499995 11.106445312499986
-85.17895507812503 11.039941406250023
-84.90917968749994 10.945312500000014
-84.79736328125 11.005908203125017
-84.70117187500003 11.052197265625026
-84.63417968749997 11.045605468750026
-84.48916015625 10.99165039062504
-84.40185546874997 10.974462890625006
-84.348291015625 10.979882812500037
-84.25556640625001 10.900732421874991
-84.20498046875002 10.841308593750057
-84.19658203124999 10.801708984374983
-84.16835937500002 10.780371093749991
-84.09619140624997 10.775683593750003
-83.91928710937498 10.735351562500057
-83.811181640625 10.743261718749977
-83.71293945312496 10.785888671875043
-83.65893554687497 10.83686523437504
-83.64199218749997 10.917236328124986

