17.744238281250006 42.700341796874966
17.344140625000023 42.790380859375006
17.38955078125005 42.79863281250002
17.431933593750074 42.800390625
17.607812500000023 42.76904296875003

16.835546875000063 42.968652343749994
16.97109375000005 42.98149414062496
17.09365234375008 42.96435546875003
17.16982421875005 42.93261718750003
17.188281250000074 42.91704101562496
17.08935546875 42.91489257812498
16.97753906250003 42.92778320312502
16.850683593750034 42.89550781250003
16.738867187500006 42.912744140624994
16.696386718750063 42.93369140624998
16.666308593750045 42.95991210937501
16.650683593750074 42.99658203125

17.72363281249997 42.850683593750034
17.667578125000034 42.897119140624994
17.740234375 42.91547851562501
17.80195312500004 42.902246093749966
17.84130859374997 42.84506835937498
17.91884765625005 42.80742187500002
18.044531249999977 42.74125976562496
18.123925781249994 42.69057617187502
18.304003906250017 42.59941406250002
18.34658203125005 42.586669921875
18.436328125000045 42.559716796874994
18.438085937500063 42.52294921874997
18.476660156250006 42.481103515624966
18.51748046875005 42.43291015625002
18.333007812500057 42.52788085937502
18.16064453125003 42.63403320312497
17.823828125000063 42.79741210937502
17.58496093749997 42.83715820312503
17.258203125000023 42.968457031249955
17.04541015625 43.014892578125
17.12646484375 43.02558593749998
17.219824218750006 43.02587890625003

17.124121093750063 43.11542968749998
16.67919921875 43.123144531250034
16.54980468750003 43.143896484375006
16.405859375 43.19736328124998
16.37646484374997 43.21376953125002
16.521386718750023 43.22924804687497
16.655957031250068 43.21376953125002
16.697265625000057 43.17495117187502
17.061132812500006 43.143896484375006
17.19404296875001 43.12578125

16.62744140625003 43.26806640625
16.490332031250006 43.28618164062496
16.423144531250074 43.31723632812498
16.428125 43.343408203124966
16.448925781249983 43.38706054687498
16.6015625 43.38188476562499
16.834375 43.35083007812497
16.891308593750068 43.31464843749998
16.873632812500006 43.297949218750034
16.785253906250034 43.270654296874994

15.43720703125004 43.899511718750034
15.374218750000068 43.91479492187503
15.308593750000028 43.96079101562498
15.270019531249972 44.01074218750003
15.371386718750017 43.97382812499998

15.246679687500034 44.02705078124998
15.121875 44.09331054687499
15.074609375000051 44.137841796874994
15.065820312500051 44.157666015624955
15.231054687500034 44.06230468749996

15.203027343750023 43.90771484375
15.20166015625 43.89775390625002
15.149804687499994 43.911816406249955
15.135839843750006 43.90727539062502
14.891308593750011 44.12553710937496
14.865039062500074 44.16796875
14.952539062500051 44.11718749999997
15.188769531250045 43.92236328124997

15.162597656250028 44.309179687500006
15.097949218750017 44.35815429687503
15.03857421875 44.39301757812501
14.996093750000057 44.434326171875
14.91279296875004 44.48583984375
14.88466796875008 44.54472656250002
14.760449218750011 44.664746093749955
14.74189453125004 44.697363281250034
14.803808593750034 44.64868164062497
14.855371093750051 44.61826171874998
14.898046875000063 44.61083984375
15.006445312500034 44.53422851562502
15.112988281250068 44.43574218750001
15.239941406250068 44.350195312500006
15.21357421875004 44.347558593749994
15.188476562499972 44.33574218749999

14.856640625000068 44.71484375000003
14.7625 44.75463867187497
14.678222656250028 44.76987304687498
14.66035156250004 44.79980468750003
14.672460937500006 44.824365234374966
14.690527343750063 44.84814453125003
14.754199218750045 44.84482421875006
14.763769531250063 44.82138671874998
14.83144531250008 44.758935546874966

14.480371093750051 44.621240234374966
14.41953125 44.67031250000002
14.388867187500068 44.75830078125
14.312402343750023 44.900390625
14.302539062500045 44.9404296875
14.342187500000051 44.979931640624955
14.340039062500068 45.01997070312504
14.28583984375004 45.144628906250034
14.33125 45.16499023437498
14.358203125000017 45.167431640624955
14.369140625000028 45.08095703125002
14.39375 45.03125
14.467382812500063 44.97021484375003
14.452539062500051 44.86918945312496
14.467578125000017 44.72534179687506
14.482519531250034 44.693359375
14.488085937500017 44.660058593749966

14.687011718750057 44.95561523437496
14.62832031250008 44.99394531249996
14.612988281250068 45.02543945312499
14.511718750000028 45.03540039062497
14.450390625000068 45.079199218750006
14.437890625000023 45.09863281249997
14.524609375000011 45.146826171875034
14.571093750000045 45.224755859374994
14.629980468750063 45.17802734374999
14.701171875 45.09003906250001
14.739160156250023 45.06547851562496
14.810253906250011 44.97705078125

16.871484375000023 46.339306640624955
16.93994140625003 46.253662109375
17.03271484375 46.18730468749999
17.14960937500001 46.14033203125001
17.242187500000057 46.07661132812501
17.310644531250034 45.996142578125045
17.406347656250006 45.951074218749994
17.52919921875008 45.941308593749966
17.607031250000034 45.913769531249955
17.63964843750003 45.86835937500004
17.706445312500023 45.827246093750006
17.80712890625003 45.790429687499966
17.9638671875 45.77026367187503
18.263964843750017 45.765478515625034
18.290625 45.76445312499999
18.35830078125005 45.75302734374998
18.437304687500074 45.76733398437506
18.53359375000005 45.79614257812497
18.564648437499983 45.81328124999999
18.66601562500003 45.907470703125
18.721777343750034 45.899365234374955
18.83300781250003 45.91083984374998
18.90029296875008 45.93173828124998
18.905371093750034 45.93173828124998
18.90107421875004 45.90761718750002
18.89355468750003 45.86552734374999
18.83906250000004 45.83574218749996
18.894531250000057 45.76708984375
18.947265625000057 45.65581054687499
18.917871093750023 45.60083007812497
18.953710937500034 45.55800781250005
19.05507812500008 45.527246093749994
19.064257812500074 45.51499023437498
19.033300781249977 45.50219726562503
19.00761718749999 45.4658203125
19.004687500000017 45.39951171874998
19.09306640624999 45.33691406250003
19.272851562500023 45.27797851562502
19.33027343750001 45.26806640625003
19.35224609375004 45.24541015624996
19.38232421875003 45.230615234374966
19.4 45.2125
19.400976562500034 45.1890625
19.38808593750005 45.17299804687502
19.303027343750045 45.16728515625002
19.20595703125008 45.16777343750002
19.13691406250004 45.196240234374955
19.13076171875005 45.17548828125001
19.12968749999999 45.151708984375034
19.06289062500008 45.13720703125003
19.1 44.97377929687502
19.085253906250017 44.92675781250006
19.06054687500003 44.910986328125034
19.03759765624997 44.91752929687502
19.009570312500045 44.919384765624955
18.995507812500023 44.90400390625004
19.007128906250074 44.86918945312496
18.94130859375008 44.86518554687501
18.83642578125003 44.88325195312498
18.788378906250017 44.914892578125034
18.780175781250023 44.947216796874955
18.779394531250034 44.97724609375004
18.74609375 45.02651367187502
18.662597656250057 45.07744140625002
18.48828124999997 45.08583984375002
18.423925781250006 45.102001953124955
18.35761718750001 45.12055664062501
18.284960937500045 45.13427734375006
18.217968750000068 45.132910156250034
18.13720703125003 45.11938476562503
17.99628906250001 45.14179687499998
17.94863281250008 45.11186523437502
17.87441406250005 45.07724609374998
17.812792968750017 45.078125
17.69013671875001 45.15839843749998
17.65351562500001 45.163476562499966
17.546289062499994 45.12255859374997
17.502636718749983 45.12036132812497
17.46914062499999 45.13330078125003
17.32412109375005 45.163964843749966
17.258691406250023 45.170556640624966
17.21064453125001 45.15605468749996
17.12539062500005 45.171777343749966
16.91865234375004 45.27656249999998
16.790820312500017 45.196875
16.53066406250005 45.216699218749966
16.45351562500005 45.16201171875002
16.365039062500045 45.05834960937503
16.293359375000023 45.00883789062499
16.231054687500006 45.02661132812497
16.157324218750006 45.07221679687501
16.02832031250003 45.18959960937502
15.963183593750074 45.210791015625006
15.88828125 45.21572265625002
15.822851562499977 45.202783203124966
15.7880859375 45.178955078125
15.761523437500017 45.00751953124998
15.737988281250011 44.85639648437501
15.736621093750017 44.765820312499955
15.880078125000011 44.68193359374999
16.049023437500068 44.53759765625
16.10341796875005 44.52099609374997
16.130273437499994 44.473730468750034
16.16982421875008 44.35200195312501
16.21425781250005 44.21513671875002
16.300097656250045 44.12451171875003
16.377539062500006 44.05961914062496
16.472070312499994 44.002587890624966
16.590527343750068 43.91318359374998
16.687695312500068 43.815039062500034
16.713476562500063 43.77880859375003
16.90185546875 43.64902343749998
17.084570312500006 43.51655273437498
17.248046875 43.47021484374997
17.27382812499999 43.445751953124955
17.27529296875005 43.34384765624998
17.293066406250006 43.30561523437501
17.40224609375005 43.19892578125001
17.624804687500017 43.04277343750002
17.650488281250006 43.006591796875
17.657812499999977 42.980078125000034
17.64345703125008 42.95976562499996
17.58515625000001 42.938378906249966
17.53730468750004 42.962255859375034
17.329882812500045 43.114892578124966
17.12939453124997 43.21113281250001
16.903125 43.392431640625006
16.60029296875001 43.464062499999955
16.39394531250008 43.54335937500002
16.268945312500023 43.53125
16.131054687500068 43.50629882812504
16.045996093750063 43.505517578124966
15.985546875000011 43.51977539062503
15.94257812500004 43.568945312500006
15.949121093750051 43.60698242187502
15.941503906250006 43.65664062500002
15.820605468750074 43.7359375
15.655664062500023 43.811279296875
15.499414062499994 43.908789062500034
15.185839843750074 44.17211914062497
15.122949218750051 44.25678710937498
15.184667968750006 44.27290039062498
15.231347656250023 44.271435546874955
15.284277343750034 44.28881835937503
15.369726562500034 44.28925781250001
15.470996093750074 44.27197265624997
15.381347656250028 44.328271484374966
15.269824218750045 44.383496093749955
14.981347656250051 44.602929687499966
14.895214843750011 44.70659179687496
14.885253906250028 44.818261718749966
14.906542968750017 44.97138671874998
14.854589843750006 45.08100585937504
14.63203125000004 45.22290039062497
14.55048828125004 45.297705078125034
14.386132812500023 45.342138671875034
14.312695312499983 45.33779296875002
14.268554687500057 45.28251953124996
14.236328124999972 45.15966796874997
14.090625 44.99760742187499
14.0419921875 44.927197265624955
13.965820312500028 44.835644531249955
13.89980468750008 44.829345703125
13.860742187500023 44.83740234374997
13.742480468749989 44.99150390624999
13.629296875000023 45.10820312499996
13.613476562500011 45.163427734375034
13.603320312500074 45.23139648437501
13.517187500000034 45.48178710937498
13.577929687500045 45.51689453125002
13.615234375 45.47675781250001
13.878710937500045 45.428369140624994
13.935644531250006 45.449804687500034
13.970117187500023 45.482617187499955
13.970312500000063 45.50336914062501
13.992773437500006 45.509423828124994
14.085546875 45.47783203124996
14.161230468750034 45.48515625000002
14.283007812500074 45.48662109374996
14.369921875000017 45.48144531249997
14.42734375 45.505761718749966
14.505175781250045 45.59521484374997
14.533984375000045 45.64526367187506
14.568847656250057 45.6572265625
14.591796875 45.65126953125002
14.608593750000068 45.610107421875
14.649511718750034 45.57148437500004
14.73359375000004 45.50849609374998
14.793066406250063 45.478222656249955
14.847070312500051 45.467333984375045
14.9 45.49267578125006
14.954589843750028 45.49990234375002
15.110449218750063 45.450781250000034
15.24208984375008 45.44140625
15.339453125 45.46704101562497
15.326660156250057 45.50229492187506
15.29121093750004 45.54155273437496
15.28359375000008 45.5796875
15.290136718750006 45.61264648437498
15.356933593750028 45.6455078125
15.353710937500068 45.65991210937503
15.272949218750057 45.71772460937498
15.277050781249983 45.73261718749998
15.4541015625 45.797607421875
15.624804687500045 45.83403320312496
15.652148437500017 45.862158203125006
15.668066406249977 45.904443359374994
15.675585937500017 45.98369140624999
15.66621093750004 46.04848632812505
15.596875 46.10922851562498
15.592578125000074 46.139990234375034
15.608984375000034 46.17192382812496
15.635937500000011 46.20073242187496
15.704199218750063 46.213232421875034
15.784277343750034 46.233984375
15.847558593750051 46.25786132812499
15.933300781250011 46.27763671875002
16.000683593750068 46.30537109374998
16.066503906250063 46.371337890625
16.10644531250003 46.382226562499994
16.22744140625008 46.37285156249996
16.253320312500023 46.38911132812498
16.236718750000023 46.48383789062501
16.258398437500006 46.507910156250034
16.30117187499999 46.52138671875002
16.32119140625008 46.534619140624955
16.427636718750023 46.5244140625
16.516210937500034 46.499902343749994
16.569921875000034 46.485009765624966
16.748046875 46.41640625000002

