-82.65483398437496 21.518652343749977
-82.85317382812494 21.443896484375045
-82.95961914062497 21.441308593749966
-83.06728515624997 21.469384765624994
-83.14150390624997 21.531884765625023
-83.18378906249998 21.593457031249955
-83.18022460937496 21.62304687500003
-83.11293945312502 21.57368164062501
-83.05488281250001 21.549414062500034
-83.00722656249997 21.565576171874966
-82.97358398437495 21.59228515624997
-83.08251953124994 21.791406249999966
-83.07773437499995 21.83349609375
-82.9912109375 21.942724609374977
-82.75576171875 21.909521484375034
-82.71455078124995 21.890283203125023
-82.68183593749995 21.821142578124977
-82.62939453125 21.766894531250017
-82.56782226562498 21.62182617187497
-82.561767578125 21.571679687499966

-77.71005859375003 21.921337890624955
-77.75502929687497 21.965576171875
-77.78364257812501 21.97041015625001
-77.82319335937498 21.987939453125023
-77.9 22.037158203125017
-77.91855468749995 22.08808593750001
-77.85473632812503 22.091943359374994
-77.7744140625 22.08295898437501
-77.63369140625002 22.05400390624999
-77.64599609375003 21.99648437499999
-77.66899414062502 21.95195312499999

-77.91235351562503 22.12470703125001
-78.01191406249998 22.166406249999966
-78.041650390625 22.201269531249977
-78.00668945312498 22.247998046874983
-77.99921874999995 22.298730468750023
-77.98564453124996 22.302099609375006
-77.96958007812498 22.24067382812501
-77.89365234375003 22.21455078125001
-77.88911132812501 22.201074218750023
-77.84248046875001 22.148974609375074
-77.87939453124997 22.127539062500034

-78.04750976562494 22.268505859374983
-78.10166015624995 22.305761718750034
-78.18002929687503 22.321972656249955
-78.22612304687502 22.379980468750063
-78.27001953124997 22.402246093749966
-78.27353515624998 22.42358398437497
-78.20097656249993 22.437646484374994
-78.15058593749998 22.431494140624977
-78.09414062500002 22.38720703125
-78.061669921875 22.30590820312497
-78.02709960937497 22.28515625

-78.49287109374998 22.531054687500017
-78.44531249999997 22.54375
-78.399560546875 22.547460937499977
-78.351220703125 22.538623046875045
-78.28388671874995 22.455468749999966
-78.34301757812503 22.44511718749999
-78.38994140624999 22.44511718749999
-78.42456054687503 22.460107421875023
-78.54765625 22.464013671875023
-78.62900390625 22.488183593749966
-78.67363281249996 22.508837890625017
-78.69550781249998 22.53398437499999
-78.63012695312497 22.55224609374997

-79.347900390625 22.63769531249997
-79.52275390625002 22.71113281250001
-79.59785156249995 22.787646484375045
-79.628173828125 22.80522460937499
-79.57915039062496 22.806738281250034
-79.38217773437498 22.681347656249983
-79.34956054687498 22.663916015624977

-81.57543945312497 23.11650390624999
-81.36362304687498 23.129687500000017
-81.26235351562494 23.156835937500034
-81.27163085937497 23.128613281249983
-81.17861328124994 23.059667968749977
-81.14462890625003 23.05493164062497
-81.00766601562503 23.08984374999997
-80.65014648437503 23.103076171875017
-80.613427734375 23.08374023437497
-80.55048828124995 23.01660156249997
-80.45922851562503 22.975
-80.364892578125 22.94340820312499
-80.26616210937496 22.934960937499966
-80.16762695312494 22.949365234374966
-80.07524414062496 22.942333984374955
-79.95991210937498 22.876904296874955
-79.92353515624995 22.86914062499997
-79.82026367187495 22.887011718750045
-79.85073242187497 22.827197265625045
-79.67666015625002 22.743066406250023
-79.54921875 22.577783203125023
-79.45649414062493 22.509863281250034
-79.35830078125 22.448925781249983
-79.27568359374996 22.407617187499994
-79.1830078125 22.387890624999983
-78.90190429687502 22.39599609375003
-78.83544921874997 22.390917968750045
-78.77597656250003 22.367333984374966
-78.71923828125 22.358056640625023
-78.68647460937501 22.36684570312505
-78.14311523437496 22.10942382812499
-77.97050781249999 21.971972656250074
-77.86503906249999 21.900585937499983
-77.63681640625003 21.79736328125003
-77.54511718750001 21.77460937500001
-77.49711914062499 21.78833007812503
-77.50654296874995 21.81103515624997
-77.57333984374998 21.868310546874994
-77.58315429687502 21.889257812500006
-77.49726562499993 21.871630859375045
-77.34213867187503 21.755273437499966
-77.29951171874995 21.712255859375006
-77.2220703125 21.672412109375045
-77.14414062500003 21.643603515625045
-77.18125 21.59765625
-77.24453124999997 21.59375
-77.36616210937495 21.612646484375034
-77.26958007812499 21.53789062499999
-77.25288085937498 21.483496093750034
-77.20791015624997 21.478857421874977
-77.140966796875 21.538623046875074
-77.0986328125 21.589013671875023
-76.92807617187498 21.458984375
-76.83632812500002 21.399511718749977
-76.85981445312501 21.36479492187499
-76.86743164062497 21.330419921875006
-76.76499023437495 21.362402343750034
-76.72607421875003 21.35888671875003
-76.68852539062502 21.340429687500006
-76.64741210937498 21.284521484374977
-76.55170898437495 21.272119140625023
-76.45517578125 21.273632812499983
-76.25922851562495 21.227392578124977
-76.07363281249997 21.133447265625023
-75.89902343750003 21.11425781250003
-75.72294921874993 21.111035156249983
-75.63374023437498 21.06132812499999
-75.59580078124998 20.99467773437499
-75.63852539062498 20.947460937499983
-75.66293945312498 20.898144531249955
-75.597265625 20.83764648437497
-75.740234375 20.811962890624983
-75.76040039062502 20.775537109375023
-75.75297851562502 20.736181640625006
-75.72456054687501 20.714550781249955
-75.64277343749995 20.733496093750006
-75.52460937499995 20.716650390625034
-75.33813476562497 20.701611328124983
-75.21328125000002 20.7138671875
-74.95971679687497 20.672656250000045
-74.88256835937497 20.650634765625
-74.73208007812497 20.57319335937501
-74.66245117187498 20.522119140624994
-74.51313476562495 20.384570312500045
-74.384375 20.330468749999966
-74.272802734375 20.31738281250003
-74.23388671874997 20.32641601562503
-74.19848632812497 20.311474609374983
-74.16748046874994 20.292187499999983
-74.13681640625 20.23193359375003
-74.1537109375 20.168554687500006
-74.217431640625 20.11713867187501
-74.25283203125002 20.079687500000034
-74.41215820312499 20.075341796875023
-74.63476562500003 20.05815429687499
-74.85004882812501 20.002294921874977
-74.95512695312502 19.957910156249994
-75.00317382812503 19.928564453124977
-75.11640625000001 19.901416015625017
-75.12412109374998 19.924658203124977
-75.12197265625 19.95390624999999
-75.151611328125 20.008349609375045
-75.17729492187499 19.959375
-75.21943359374995 19.923632812500017
-75.29047851562495 19.893115234375017
-75.55195312500001 19.89111328124997
-75.65722656249997 19.932226562500006
-75.76513671875 19.960400390624955
-76.15844726562503 19.98974609375
-76.25283203125 19.987158203125006
-76.515625 19.956689453125023
-76.77973632812495 19.94018554687503
-76.89023437499998 19.92133789062501
-76.99946289062495 19.89282226562497
-77.21196289062499 19.89375
-77.46318359375002 19.861376953125045
-77.715087890625 19.85546875
-77.55375976562499 20.082128906249977
-77.21337890625 20.300390625000034
-77.14941406250003 20.347265625
-77.10380859374999 20.407519531250017
-77.093017578125 20.452929687500045
-77.10791015625 20.49165039062501
-77.18896484375 20.559960937499994
-77.20546875 20.61083984374997
-77.22958984375003 20.64375
-77.34755859375 20.67236328124997
-77.467041015625 20.68950195312499
-77.59272460937501 20.690087890625023
-77.85688476562501 20.71362304687503
-77.99731445312503 20.715380859375045
-78.11635742187502 20.761865234374994
-78.31386718750002 20.927490234375
-78.40634765625003 20.97387695312503
-78.45385742187494 21.01098632812503
-78.49077148437502 21.05371093750003
-78.53725585937497 21.29682617187501
-78.5765625 21.41381835937503
-78.63647460937503 21.515527343749966
-78.72768554687497 21.592724609374983
-78.82294921875001 21.61894531249999
-79.189208984375 21.552832031250034
-79.27441406249997 21.562646484374994
-79.357421875 21.585156249999955
-79.91030273437502 21.742578124999966
-80.13833007812502 21.829248046875023
-80.23134765624997 21.872167968749977
-80.31069335937497 21.933398437500017
-80.392919921875 22.033740234375045
-80.48544921875003 22.123437500000023
-80.48481445312498 22.087158203125
-80.49907226562496 22.063525390625074
-80.96191406250003 22.052880859375023
-81.03564453124994 22.073583984374977
-81.08310546875003 22.097949218750045
-81.11665039062493 22.134228515624983
-81.14140624999999 22.206933593749966
-81.18549804687501 22.267968749999966
-81.19956054687503 22.202929687500045
-81.22241210937497 22.142919921874977
-81.284375 22.10942382812499
-81.35527343749996 22.104101562499977
-81.44111328124995 22.183789062499955
-81.81621093749999 22.20019531250003
-81.84941406249999 22.213671875000017
-81.97260742187495 22.290869140625006
-82.07773437499998 22.38769531250003
-81.97304687499997 22.421826171874955
-81.75708007812503 22.466748046874955
-81.7103515625 22.496679687500034
-81.683251953125 22.534814453124966
-81.70273437499995 22.591894531249977
-81.74565429687499 22.632910156249977
-81.78989257812495 22.657031250000017
-81.83881835937498 22.672460937500034
-81.90341796874998 22.679003906250045
-82.73803710937503 22.68925781249999
-82.78637695312503 22.658349609374994
-82.86123046875 22.595117187499994
-83.009423828125 22.514013671875006
-83.10712890624998 22.42988281250001
-83.14375 22.38647460937503
-83.18940429687495 22.35541992187501
-83.29213867187502 22.303222656250057
-83.379638671875 22.222998046875034
-83.48593749999998 22.187109375
-83.54404296875 22.20893554687501
-83.60151367187498 22.20874023437497
-83.64306640625003 22.18896484375003
-83.68662109375 22.17993164062497
-83.90073242187503 22.17011718750001
-83.93271484374998 22.14965820312503
-83.96333007812498 22.092089843750017
-83.99804687499994 21.980126953125023
-84.03095703124998 21.943115234375057
-84.13833007812502 21.929003906250017
-84.24067382812501 21.898339843749994
-84.44882812500003 21.791650390624994
-84.50258789062497 21.776171875000045
-84.49091796875001 21.85429687499999
-84.5013671875 21.930273437500006
-84.56000976562495 21.933007812500023
-84.62690429687498 21.92036132812504
-84.68266601562499 21.899072265624966
-84.78583984374995 21.84228515625003
-84.83823242187498 21.827929687500017
-84.88720703125 21.85698242187499
-84.87724609375002 21.894140625
-84.53276367187499 22.03115234375005
-84.49423828124998 22.041601562500034
-84.43305664062493 22.03129882812499
-84.37314453124998 22.035937500000045
-84.32636718749995 22.074316406250034
-84.38300781249995 22.25556640625001
-84.36127929687495 22.37890625
-84.28134765625003 22.474218749999977
-84.12177734374993 22.618554687499994
-84.044921875 22.66601562499997
-83.25781249999997 22.967578125000045
-83.17724609374997 22.983007812499977
-82.66582031249996 23.043554687499977
-82.58779296874997 23.064550781249977
-82.35053710937495 23.153955078124994
-82.10136718749999 23.19042968749997
-81.83745117187496 23.163037109374983

