32.72021484375006 35.145361328125034
32.78408203125008 35.115771484375045
32.86943359374999 35.08940429687499
32.919531250000034 35.08784179687504
32.98593750000009 35.11640624999998
33.07753906250002 35.14619140625001
33.191015625000034 35.17314453125002
33.24833984374999 35.15693359374998
33.32558593750008 35.15361328125002
33.38378906250006 35.162695312500006
33.42421875000002 35.14091796875002
33.45595703125002 35.101416015625034
33.4638671875 35.00493164062502
33.47578125000007 35.00034179687506
33.52568359374999 35.03867187500006
33.61445312500007 35.02275390625002
33.675390625000034 35.01787109374999
33.72578125000001 35.037304687499955
33.756933593750034 35.03974609375001
33.792285156250045 35.048193359375034
33.83203125000006 35.06718749999999
33.86640625000007 35.09360351562506
33.9033203125 35.08544921875
33.96572265625002 35.05678710937502
34.004492187500034 35.06523437499996
34.02363281250001 35.04555664062502
34.05019531250002 34.988378906250034
33.93652343750006 34.971484375000045
33.82246093750007 34.96591796874998
33.75898437500001 34.973242187500034
33.69941406250007 34.969873046874994
33.514453125000045 34.80644531249999
33.41494140625008 34.75087890625005
33.29658203125007 34.71772460937504
33.17607421874999 34.69804687500002
33.11552734374999 34.69555664062506
33.06230468749999 34.6748046875
33.02490234375 34.63691406250001
33.02392578125 34.6
33.007910156250034 34.56958007812506
32.94179687500008 34.57587890625001
32.91425781250007 34.63549804687497
32.86718750000006 34.66113281250006
32.75009765625009 34.647802734375006
32.69296875000009 34.649365234374955
32.50556640625001 34.70625
32.449023437500045 34.72944335937504
32.41376953125007 34.77802734374998
32.31718749999999 34.95332031249998
32.30097656250007 35.08295898437501
32.39091796874999 35.0498046875
32.475 35.08999023437502
32.55595703124999 35.15576171875003
32.65234375000006 35.18266601562499
32.71269531249999 35.17104492187502

