14.895800781250045 50.86137695312502
14.982910156250028 50.886572265625006
14.98994140625004 50.92724609375003
14.984472656249977 51.00341796875
14.99375 51.01435546875001
15.125976562500028 50.99287109374998
15.258593750000045 50.95854492187499
15.277050781249983 50.88300781249998
15.312597656250034 50.84575195312502
15.354394531250023 50.81176757812503
15.394628906250063 50.796289062499994
15.463964843750063 50.79384765625002
15.643945312500051 50.748876953125006
15.730566406250006 50.73969726562501
15.819238281250051 50.70869140624998
15.89394531250008 50.676904296874994
15.948535156250017 50.67026367187498
15.973828125000011 50.63544921874998
16.00722656250008 50.61162109375002
16.066406250000057 50.62993164062502
16.282226562500057 50.655615234375006
16.359960937499977 50.62138671874996
16.4125 50.585156249999955
16.41972656249999 50.57363281250002
16.39228515625001 50.541650390624966
16.379101562500068 50.51689453124999
16.35664062500001 50.50048828125003
16.282519531250017 50.483007812500034
16.24072265625003 50.454687500000034
16.21035156250005 50.42373046875002
16.230761718750045 50.39409179687502
16.291308593750045 50.371875
16.334179687500068 50.36689453124998
16.350488281250023 50.34521484375003
16.487597656250045 50.248388671875006
16.5966796875 50.121923828125006
16.63916015625003 50.10214843750006
16.67910156250008 50.09746093749999
16.725292968750068 50.116064453125034
16.778613281250017 50.15703125
16.841796875 50.186718749999955
16.895312500000074 50.20195312499996
16.989648437500023 50.23691406249998
16.993359375000068 50.25971679687501
16.91474609375004 50.34521484375003
16.86914062499997 50.41450195312501
16.880078124999983 50.42705078124999
16.980761718750074 50.41611328124998
17.151953125000034 50.37832031250002
17.41523437500004 50.254785156249966
17.462304687500023 50.254785156249966
17.554589843749994 50.2640625
17.65468750000005 50.28422851562502
17.702246093750063 50.30717773437499
17.72011718750008 50.29863281250002
17.735449218750006 50.23076171874996
17.709277343750074 50.19355468750001
17.58935546874997 50.15747070312506
17.596289062500063 50.139501953125034
17.627050781250034 50.11640625000004
17.681054687500023 50.100781249999955
17.74658203125003 50.056787109374966
17.791699218749983 50.00659179687503
17.83125 49.983300781249994
17.874804687500045 49.97226562499998
17.98378906250005 49.99907226562502
18.01464843750003 50.02026367187497
18.028320312500057 50.035253906250006
18.04951171875004 50.031933593749955
18.087695312500074 50.00727539062501
18.099218750000034 49.99277343749998
18.20527343750004 49.96474609375005
18.26630859375004 49.930273437500034
18.305273437500006 49.91406250000003
18.34843749999999 49.92983398437502
18.516210937500063 49.902392578125045
18.56240234375008 49.879345703124955
18.577148437500057 49.84111328124999
18.568847656250057 49.81791992187496
18.59462890625005 49.75781249999997
18.806933593750045 49.61372070312501
18.829296874999983 49.540136718750034
18.832226562500068 49.51079101562502
18.80703125000008 49.509228515624955
18.74970703125004 49.49399414062506
18.67617187500005 49.48847656250001
18.596484375000074 49.49145507812497
18.53457031250008 49.464697265625034
18.476074218750057 49.421093749999955
18.415820312500045 49.39091796875002
18.383105468750045 49.36391601562502
18.364843750000063 49.33623046874999
18.160937500000074 49.25737304687499
18.132617187500074 49.224560546874955
18.109960937500006 49.179785156250006
18.10039062499999 49.11933593750001
18.0859375 49.06513671874998
18.050878906250034 49.03652343750002
17.940722656250074 49.011962890625
17.913281250000068 48.998730468749955
17.892675781250063 48.97114257812504
17.830859375000074 48.928613281249994
17.758496093750068 48.88813476562498
17.62539062500005 48.84184570312499
17.48261718750001 48.82778320312505
17.296875 48.84282226562499
17.18847656250003 48.86093750000006
17.135644531250023 48.841064453125
17.063281250000017 48.78076171874997
16.985253906250023 48.67690429687505
16.953125 48.59882812500004
16.928320312500063 48.62089843749999
16.883691406250023 48.703710937500006
16.83320312500004 48.71430664062501
16.764453125000074 48.722021484375006
16.71269531249999 48.734228515625006
16.60097656250005 48.78188476562502
16.543554687500006 48.796240234375006
16.47792968750005 48.80009765624999
16.414843750000074 48.77207031249998
16.367285156250063 48.73896484374998
16.219335937500034 48.739404296874994
16.057226562500034 48.754785156249994
15.825195312500028 48.864453124999955
15.765039062500023 48.86542968749998
15.700781249999977 48.860449218750034
15.599414062500045 48.886376953124994
15.402929687500063 48.95737304687498
15.310937500000051 48.974023437499994
15.252734375000017 48.96386718749997
15.199609375000023 48.948144531249966
15.161718750000034 48.94628906250003
15.139746093750006 48.969335937500006
15.066796875000051 48.99785156249996
14.993457031250045 49.00112304687502
14.972167968750057 48.98393554687496
14.947363281250063 48.827734375000034
14.922558593750068 48.77138671875002
14.821875 48.774023437500006
14.785937500000045 48.74736328125002
14.706640625000063 48.67192382812499
14.691308593750023 48.599218750000034
14.553906250000011 48.61333007812496
14.488671875000051 48.62553710937496
14.431054687500051 48.61625976562502
14.36757812500008 48.57622070312496
14.189843750000023 48.57856445312498
14.049121093750045 48.60249023437498
13.98876953125 48.69243164062502
13.92431640625 48.72802734374997
13.84316406250008 48.75986328124998
13.814746093750074 48.766943359375006
13.76992187500008 48.815966796875045
13.684960937499994 48.87670898437497
13.547656250000017 48.95966796875001
13.440722656250074 48.95556640624997
13.401171875000017 48.97758789062502
13.383691406249994 49.00810546875002
13.339062500000068 49.060791015625
13.28876953125004 49.09746093750002
13.227832031250045 49.11166992187498
13.140527343750023 49.158349609374966
13.023730468750045 49.260107421875006
12.916699218750068 49.330468749999966
12.81337890625008 49.329345703125
12.747851562500045 49.36621093750006
12.681152343750057 49.41450195312504
12.632031249999983 49.46123046874996
12.555761718750006 49.57485351562502
12.500292968750074 49.63969726562499
12.457031250000057 49.67978515624998
12.408203125000057 49.713183593750045
12.39052734375008 49.73964843750002
12.450195312499972 49.80014648437498
12.471875 49.83007812500006
12.497558593750028 49.85307617187502
12.5125 49.87744140625003
12.512011718750045 49.89580078125002
12.457617187499977 49.95551757812501
12.384179687500023 49.99858398437502
12.276464843750034 50.042333984375034
12.207812500000074 50.097509765625006
12.18251953125008 50.14804687499998
12.175 50.17583007812496
12.127832031250023 50.21342773437499
12.089746093749994 50.26855468750003
12.089843750000028 50.30175781250003
12.099218750000063 50.310986328124955
12.134863281250034 50.31093750000005
12.1748046875 50.28837890624999
12.23115234375004 50.244873046875
12.277343750000028 50.18144531249996
12.305664062500028 50.20571289062502
12.358593750000068 50.27324218750002
12.452636718750028 50.34980468749998
12.54902343750004 50.39340820312498
12.635546874999989 50.397070312500006
12.706445312500051 50.40913085937498
12.765429687500074 50.43095703124999
12.868261718750063 50.42221679687498
12.942675781250045 50.406445312499955
12.966796874999972 50.41621093750001
12.997070312500028 50.45605468750003
13.016406250000045 50.49038085937502
13.181152343750028 50.51049804687503
13.237695312500023 50.576757812500034
13.269531250000028 50.57641601562506
13.30605468750008 50.58632812500002
13.341015625000011 50.61142578124998
13.374609375 50.62172851562505
13.401171875000017 50.60932617187501
13.436132812500034 50.60107421875
13.47255859375008 50.61694335937503
13.526562500000068 50.692822265624955
13.556738281250006 50.70463867187496
13.701367187500068 50.71650390624998
13.898535156250006 50.76127929687496
13.998437500000023 50.801123046875006
14.096484374999989 50.82275390625006
14.201757812500034 50.861230468749994
14.369042968750023 50.89873046874999
14.377050781250063 50.9140625
14.299414062500034 50.95258789062504
14.273339843750051 50.976904296875006
14.255859375000057 51.00185546875002
14.283203125000028 51.02949218749998
14.319726562499994 51.03779296874998
14.367285156250006 51.02626953125002
14.507324218750028 51.00986328124998
14.545703125000045 50.99394531250002
14.559667968750034 50.95493164062498
14.59521484375 50.91860351562502
14.623828125000045 50.914746093749955
14.613574218750017 50.85556640624998
14.658203125000028 50.832617187500006
14.723339843750068 50.814697265625
14.76650390625008 50.81831054687504
14.797460937499977 50.842333984375045
14.809375 50.85898437500006

