27.439257812500017 5.039208984374994
27.491015625000074 4.967578124999974
27.664160156250006 4.845996093749989
27.71923828125003 4.778320312500057
27.76142578125001 4.703222656250034
27.78808593750003 4.644677734375009
27.84160156249999 4.597753906250034
27.916601562500006 4.567919921875003
27.98066406250001 4.532080078124977
28.019824218750074 4.479394531249994
28.078613281250057 4.424804687499972
28.192089843749983 4.350244140624966
28.24726562500004 4.34853515624998
28.31103515624997 4.338037109374966
28.367187500000057 4.318652343750017
28.42753906249999 4.324169921874983
28.524804687500023 4.37285156249996
28.639550781250023 4.45449218749998
28.72705078125 4.504980468749963
28.939355468749994 4.487060546875043
29.057421875000074 4.445947265625023
29.151464843750034 4.388183593749972
29.22490234374999 4.391894531250017
29.38486328125009 4.498388671875048
29.469628906250023 4.611816406249972
29.552050781250045 4.636035156250017
29.676855468750034 4.586914062500043
29.77988281250009 4.480957031250043
29.870214843750034 4.327148437499972
29.933984375000023 4.268505859375011
30.02138671875008 4.17763671874998
30.19492187500009 3.981933593749986
30.42070312499999 3.883886718749991
30.50830078125 3.835693359375043
30.536914062500045 3.78720703125002
30.553515625000045 3.722949218749974
30.559375 3.652783203124983
30.58671874999999 3.624218750000026
30.647656250000068 3.634130859375006
30.69990234375001 3.644091796874989
30.75722656250008 3.624218750000026
30.79697265625009 3.573144531250009
30.816894531250057 3.533349609374994
30.83857421875001 3.490722656250014
30.895312500000045 3.463671875
30.90644531250001 3.408935546875043
30.86757812500008 3.34213867187502
30.827832031250068 3.28261718749998
30.779296875000057 3.163378906250017
30.754003906250034 3.041796875000031
30.78652343750008 3.001367187499966
30.82138671875009 2.967578125000017
30.839941406250034 2.933496093749994
30.85078125000001 2.893652343749963
30.8466796875 2.847021484374963
30.76953125 2.677978515624986
30.729882812500023 2.5302734375
30.728613281250034 2.455371093750017
30.830078125 2.400439453125017
30.9619140625 2.403271484374983
31.00361328125001 2.369384765625
31.04531250000008 2.315527343750048
31.08212890625009 2.288085937500043
31.137597656250023 2.288867187500031
31.176367187500034 2.270068359375017
31.191406250000057 2.232275390624963
31.236328125000057 2.191357421874969
31.26283910565263 2.15966100329689
31.258984375000068 2.153320312500043
31.17890625000001 2.072949218750011
30.98173828124999 1.932373046874972
30.935546875 1.91533203124996
30.86796874999999 1.858935546875017
30.714257812500023 1.70234375
30.67402343750001 1.676074218749974
30.590625 1.579394531250003
30.529296875 1.532421875000026
30.479492187500057 1.466503906249997
30.441308593750023 1.381787109374969
30.387402343750068 1.29697265625002
30.399609375000068 1.256103515625043
30.414062500000057 1.25473632812502
30.44951171874999 1.259179687500037
30.468359375000034 1.257519531249969
30.47783203124999 1.238818359374974
30.321093750000045 1.185302734375
30.24013671875008 1.102783203124972
30.182910156250045 0.97348632812502
30.047363281250057 0.863525390625
29.94287109375 0.819238281250037
29.931640625 0.792871093749994
29.923828125 0.673925781250006
29.93447265625008 0.499023437499986
29.88544921875001 0.418945312500014
29.814648437500068 0.263623046874997
29.77783203125 0.166357421874977
29.749707031250068 0.147216796874986
29.717675781250023 0.098339843749983
29.69785156250009 -0.060205078124994
29.684375 -0.113574218750031
29.683337597440925 -0.120226265693532
29.64375 -0.119726562500034
29.59716796875 -0.134179687499966
29.49638671874999 -0.18017578125
29.417480468750057 -0.33876953124998
29.35957031250001 -0.45244140624996
29.32695312499999 -0.5296875
29.334667968750068 -0.577441406250031
29.366406250000068 -0.639941406249974
29.4189453125 -0.629687500000017
29.4521484375 -0.60693359375
29.51035156250009 -0.61171875
29.64248046875008 -0.507226562500023
29.64334096045684 -0.506446194533865
29.647851562500023 -0.535253906249963
29.608203125000045 -0.691308593750037
29.6064453125 -0.783105468750009
29.590039062500068 -0.887109374999966
29.561914062500023 -0.97734375
29.56406250000009 -1.121386718750003
29.579980468750023 -1.356738281249989
29.576953125000045 -1.387890625000026
29.537792968750068 -1.409765625000034
29.467968750000068 -1.468066406250017
29.40195312500009 -1.507421875000034
29.35166015625009 -1.517578124999972
29.268164062500034 -1.621582031250028
29.221363135671822 -1.685877438229497
29.19765625000005 -1.643652343749991
29.071191406250023 -1.605371093750009
29.032812500000034 -1.647460937499972
28.987597656250045 -1.837597656249983
28.909375 -2.008007812499969
28.916113281250063 -2.082324218750017
28.879101562500068 -2.152929687500006
28.872167968749977 -2.186914062500009
28.875683593749983 -2.227734374999969
28.903417968750063 -2.239843750000034
28.91669921875001 -2.28769531250002
28.85664062500001 -2.371484375000037
28.850292968750068 -2.447851562499963
28.85791637821137 -2.445939502146445
28.85761718750004 -2.446679687499994
28.89140624999999 -2.555566406249966
28.89394531250008 -2.635058593750003
28.92177734375005 -2.68203125
29.01435546875001 -2.720214843750028
29.014160156250057 -2.758300781249972
29.01660156250003 -2.799609375000031
29.064746093750045 -2.850781249999983
29.15322265625005 -2.95527343750004
29.22441406249999 -3.053515624999989
29.226074218750057 -3.138671875000014
29.212304687500023 -3.28125
29.210672263593665 -3.340868960062679
29.195996093750068 -3.338476562500034
29.175488281250068 -3.346484374999989
29.157519531250045 -3.369628906249986
29.142187500000034 -3.407910156249969
29.13867187500003 -3.490429687499997
29.147265625000074 -3.616894531250011
29.1376953125 -3.70341796874996
29.110156250000074 -3.75
29.103320312500017 -3.787597656249972
29.1171875 -3.816210937500017
29.1171875 -3.852246093749997
29.103320312500017 -3.895507812500014
29.086132812500068 -4.091796875000028
29.08828125000005 -4.168554687500034
29.099316406249983 -4.205664062499963
29.08906250000004 -4.24492187499996
29.05761718750003 -4.286328124999969
29.062988281250057 -4.317187500000031
29.132910156250006 -4.343457031249969
29.14541015625005 -4.334863281249994
29.218164062500023 -4.117871093750011
29.227636718750034 -4.071191406250009
29.245117187500057 -4.065039062500006
29.25449218750009 -4.10117187499999
29.201562500000023 -4.436816406249974
29.20263671875 -4.511035156250003
29.169238281250017 -4.504101562500011
29.147070312500034 -4.528808593749986
29.12421875000001 -4.586035156250006
29.114062500000074 -4.714062499999969
29.112304687500057 -5.02587890625
29.10175781250004 -5.054003906249946
29.11660156250005 -5.1240234375
29.15693359375001 -5.236035156249997
29.226074218750057 -5.371386718749946
29.371972656250023 -5.61640625000004
29.37060546875 -5.630273437500023
29.34160156249999 -5.634667968750037
29.3330078125 -5.661914062499989
29.34072265625008 -5.74638671874996
29.34003906250001 -5.766210937500006
29.32958984375 -5.798535156250026
29.21435546875 -5.892285156250026
29.189550781249977 -5.915039062499957
29.183691406250034 -5.9578125
29.193164062500017 -6.037988281249952
29.21523437500008 -6.08847656250002
29.249609375000034 -6.108984375000034
29.269726562500068 -6.131445312499991
29.289453125000023 -6.175585937500003
29.311328125000045 -6.191113281249969
29.424023437500068 -6.49130859375002
29.43632812499999 -6.509082031250003
29.45371093750009 -6.516894531250003
29.476171875000034 -6.514648437499986
29.48388671875 -6.537597656249957
29.47988281250008 -6.633007812500026
29.51123046875 -6.719921874999969
29.53652343750008 -6.754199218750031
29.61591796875001 -6.822265624999943
29.751757812500045 -6.995312500000026
29.835839843750023 -7.063281250000017
29.928320312500034 -7.094921874999983
30.01298828124999 -7.145214843750011
30.089648437500045 -7.214160156250031
30.147070312500034 -7.299218750000037
30.20761718750009 -7.473925781250017
30.21367187499999 -7.557519531249994
30.204296875000068 -7.586523437499949
30.22148437499999 -7.66953125
30.26503906250008 -7.767871093749946
30.27734375 -7.848339843749997
30.29443359375 -7.872558593749957
30.36748046874999 -7.90283203125
30.396093750000034 -7.928417968749969
30.44199218750009 -7.99658203125
30.46816406250008 -8.02099609375
30.499414062500023 -8.03300781249996
30.532226562500057 -8.064355468749952
30.56679687500008 -8.115039062499974
30.580566406250057 -8.180957031249989
30.577132508448415 -8.220141097946225
30.327539062500023 -8.258203125
30.05136718750009 -8.300292968749972
29.766210937500034 -8.34375
29.48378906250008 -8.386914062500026
29.215625 -8.42783203125002
28.972265625000034 -8.464941406250034
28.89814453125004 -8.485449218750034
28.93447265625008 -8.59023437499998
28.917773437500045 -8.70058593749998
28.86953125000008 -8.78583984375004
28.793554687500063 -8.891015624999966
28.75878906249997 -8.9326171875
28.68125 -9.014648437500014
28.616503906250045 -9.072265624999943
28.484277343750023 -9.169433593750028
28.400683593750045 -9.224804687500026
28.400195312500017 -9.275
28.54052734375003 -9.51005859374996
28.60419921875001 -9.678808593749963
28.63007812500004 -9.83125
28.62890625 -9.91875
28.623535156250057 -10.098828125000011
28.6171875 -10.312988281250028
28.607421875000057 -10.39736328124998
28.6455078125 -10.550195312500037
28.638867187500068 -10.669238281249946
28.544238281250074 -10.802343749999977
28.51796875000005 -10.93320312499999
28.4703125 -11.10957031250004
28.40419921875005 -11.354394531250009
28.357226562500074 -11.483007812500006
28.383398437500063 -11.566699218750003
28.40703124999999 -11.622851562499989
28.431835937499983 -11.698339843749991
28.482519531250006 -11.81210937499999
28.541601562500063 -11.879199218749989
28.574609375000023 -11.908105468750009
28.769433593750023 -12.051269531249957
28.85 -12.120507812500023
28.973437500000017 -12.257812500000028
29.06435546875005 -12.348828125
29.191210937500074 -12.370214843750006
29.34375 -12.404785156249943
29.42753906249999 -12.43125
29.485546875000068 -12.418457031249972
29.5048828125 -12.386132812499966
29.50224609374999 -12.317578125000026
29.49199218749999 -12.266894531250003
29.50820312500008 -12.22822265625004
29.55976562500001 -12.202441406250017
29.691992187500034 -12.198339843749991
29.749609375000034 -12.164062500000014
29.79511718750001 -12.155468749999955
29.795312500000023 -12.306152343750014
29.79550781250009 -12.450585937500037
29.79560546875001 -12.625878906250051
29.795800781250023 -12.827050781249994
29.79609375000001 -12.992089843750051
29.79628906250008 -13.167480468749986
29.79648437500009 -13.369726562499977
29.795312500000023 -13.392773437499969
29.775195312500045 -13.438085937499963
29.722656250000057 -13.453808593749969
29.651757812500023 -13.414355468750003
29.647656250000068 -13.372949218750009
29.63027343750008 -13.29853515625004
29.59716796875 -13.260546875000031
29.554199218750057 -13.248925781249966
29.481445312500057 -13.267968750000023
29.3818359375 -13.32285156250002
29.25371093749999 -13.370800781250011
29.20185546875001 -13.398339843750037
29.111621093750017 -13.395117187499991
29.014257812499977 -13.368847656249969
28.94228515625005 -13.307128906250014
28.921679687500045 -13.214648437500003
28.858789062500023 -13.11943359374996
28.773144531250068 -12.981933593750014
28.730078125 -12.925488281249983
28.672949218750006 -12.861328124999957
28.61542968750001 -12.854101562500006
28.550878906250006 -12.836132812499983
28.51123046875 -12.742187500000028
28.474414062500045 -12.623339843749974
28.451464843750074 -12.577441406250031
28.412890625000045 -12.518066406250014
28.357714843750074 -12.482031249999963
28.237304687500057 -12.434570312499972
28.06884765625003 -12.368164062499943
27.85742187500003 -12.284863281250026
27.756835937500057 -12.280859375
27.644335937500045 -12.266796874999983
27.573828124999977 -12.227050781249972
27.53339843750001 -12.195312499999986
27.487011718750068 -12.079687499999977
27.423632812500017 -11.944531249999969
27.238085937500074 -11.783496093750031
27.196386718750006 -11.605078125
27.159179687500057 -11.579199218749977
27.09541015625004 -11.59375
27.04609375000004 -11.615917968749997
27.026660156250074 -11.663769531249969
26.976855468750045 -11.824609374999966
26.94960937499999 -11.89882812499998
26.93085937500001 -11.919335937499994
26.890429687500017 -11.94355468750004
26.82402343749999 -11.965234375
26.72968750000004 -11.97597656249998
26.596386718750068 -11.97207031249998
26.42968750000003 -11.94785156250002
26.339648437500074 -11.929882812500011
26.096386718749983 -11.903222656249994
26.025976562500034 -11.890136718749986
25.926562500000045 -11.855273437499989
25.85488281250008 -11.820117187500031
25.61884765625004 -11.744140625
25.51191406250001 -11.753417968750028
25.4599609375 -11.699804687500034
25.413378906250017 -11.673535156250011
25.349414062500045 -11.623046875000028
25.32070312500005 -11.553515624999974
25.282617187500023 -11.404980468750011
25.291796875000045 -11.325488281249974
25.319335937500057 -11.236914062499963
25.28876953125004 -11.212402343750028
25.245996093750023 -11.212402343750028
25.184863281250017 -11.242968749999946
25.075976562500017 -11.260058593749974
24.87685546875005 -11.299121093750017
24.806347656249983 -11.321191406249994
24.728125 -11.337792968749994
24.668261718750017 -11.352929687499966
24.51855468749997 -11.438476562499986
24.466601562500045 -11.44765625
24.37792968750003 -11.417089843749991
24.33515625000001 -11.371289062499983
24.37792968750003 -11.319335937499972
24.396289062500017 -11.255175781249946
24.36572265625003 -11.1298828125
24.319921875 -11.071777343749986
24.187207031250068 -11.029980468749997
24.136523437500045 -11.025976562499977
24.115136718750023 -10.955664062499949
24.078417968750017 -10.891503906250023
24.002734375000045 -10.879101562499983
23.96650390625004 -10.871777343749997
23.92871093749997 -10.891503906250023
23.907324218750063 -10.943457031249949
23.901171875000045 -10.98320312499996
23.833886718750023 -11.013671874999957
23.696386718749977 -11.00761718749996
23.55996093750008 -10.978613281250006
23.463964843750063 -10.969335937499977
23.400195312500045 -10.976464843750009
23.15673828125 -11.074804687499977
23.076269531250034 -11.087890624999972
22.814746093750045 -11.080273437500026
22.666503906250057 -11.059765625000026
22.561035156250057 -11.055859375000026
22.486132812500074 -11.08671875
22.392968750000023 -11.159472656249989
22.31494140625003 -11.19863281249998
22.27880859375003 -11.194140624999946
22.256640625000045 -11.163671874999963
22.226171875000063 -11.121972656249994
22.21669921875008 -11.012695312500028
22.177929687499983 -10.892285156250011
22.20351562500005 -10.829492187500009
22.28046875000001 -10.783984374999974
22.30703125 -10.691308593750009
22.28320312500003 -10.5515625
22.28164062500008 -10.453320312500011
22.30244140625004 -10.396679687500026
22.274511718750034 -10.259082031249974
22.19775390625003 -10.040625
22.089160156250017 -9.862792968749972
21.94863281250008 -9.7255859375
21.856640624999983 -9.594238281249972
21.81318359375001 -9.46875
21.82949218750005 -9.16845703125
21.871875 -8.903515625000026
21.905371093750063 -8.693359375000028
21.89589843750008 -8.341113281250031
21.800878906250006 -8.111914062499963
21.780078125000017 -7.865429687500011
21.83359375 -7.60166015625002
21.841601562500045 -7.420996093749977
21.80605468750008 -7.328613281249986
21.78164062500008 -7.314648437499983
21.751074218750063 -7.305468749999974
21.510839843750063 -7.29667968749996
21.19033203125005 -7.284960937499974
20.910937500000074 -7.281445312499969
20.60781250000005 -7.277734375
20.558398437500017 -7.244433593749974
20.53583984375004 -7.18281250000004
20.536914062500074 -7.12177734375004
20.598730468750063 -6.935156250000034
20.590039062500068 -6.919921874999943
20.482226562500045 -6.915820312500003
20.190039062500006 -6.946289062499986
19.99746093750005 -6.976464843750009
19.87519531250001 -6.986328124999972
19.66035156250001 -7.037109375000014
19.527636718750074 -7.144433593750037
19.483789062500023 -7.279492187500011
19.487402343750034 -7.390722656250034
19.479882812500023 -7.472167968750014
19.419335937500023 -7.55732421875004
19.371679687500006 -7.655078124999974
19.36992187499999 -7.706542968749972
19.34082031250003 -7.966601562500017
19.142675781250063 -8.001464843750014
18.944433593750006 -8.001464843750014
18.898339843750023 -7.998144531249963
18.653417968750034 -7.936035156250014
18.56269531250004 -7.9359375
18.484667968750045 -7.968554687499974
18.33486328125008 -8.00029296874996
18.191503906250006 -8.023828124999952
18.047167968750074 -8.10078125
18.0087890625 -8.107617187499969
17.91308593750003 -8.067675781250003
17.77880859375003 -8.071386718749963
17.643359375000074 -8.090722656249994
17.57958984375003 -8.099023437499994
17.53603515625005 -8.075878906249997
17.41132812500004 -7.881933593750006
17.24501953125008 -7.623339843749989
17.155078125000074 -7.461328125000023
17.12158203125 -7.41904296875002
17.063769531250017 -7.363085937499989
16.98476562499999 -7.257421874999963
16.95205078125008 -7.157031250000031
16.965820312500057 -7.062109374999963
16.91943359375003 -6.933984374999966
16.813085937500034 -6.772558593750034
16.742968750000045 -6.618457031249989
16.709375 -6.471679687500028
16.700976562500017 -6.345996093750003
16.717773437500057 -6.241406250000011
16.697265625000057 -6.164257812500011
16.639550781250023 -6.114550781250003
16.608007812499977 -6.0515625
16.58515625000004 -6.025292968750037
16.53710937500003 -5.9658203125
16.431445312500074 -5.900195312499946
16.315234375000017 -5.865625
16.06015625 -5.864941406249955
15.72695312500008 -5.863867187500006
15.425 -5.868847656249955
15.089355468750028 -5.874511718749957
14.749414062500051 -5.880078125000026
14.657910156250068 -5.88886718750004
14.398632812500011 -5.89267578125002
14.190820312500023 -5.875976562499986
14.113769531250057 -5.865136718749994
13.978515625000028 -5.857226562499989
13.764550781250051 -5.855175781250011
13.649023437500063 -5.86171875
13.37148437499999 -5.861816406249943
13.346484375000074 -5.863378906249991
13.302636718750023 -5.881835937500028
13.184375 -5.85625
13.068164062500017 -5.864843750000034
13.003320312500051 -5.83613281250004
12.860839843750057 -5.854101562499977
12.791601562500006 -5.877734374999989
12.680664062500028 -5.960839843749952
12.514550781250051 -6.004199218750003
12.452929687500017 -6.000488281249957
12.411718750000063 -5.986328125
12.315039062500063 -5.895312500000017
12.240429687500068 -5.80732421875004
12.213671875000017 -5.75869140624998
12.255273437500051 -5.74648437499998
12.386035156250045 -5.727734374999983
12.484570312500068 -5.71875
12.503710937500045 -5.695800781249957
12.518945312500051 -5.42460937499996
12.522363281250023 -5.148925781250014
12.487402343750006 -5.112695312500009
12.453222656250063 -5.090625
12.451464843750074 -5.071484374999955
12.502734375000017 -5.036914062500017
12.573535156250074 -4.996582031249972
12.596191406250057 -4.978417968750009
12.6748046875 -4.905371093749963
12.829687500000034 -4.736621093749946
12.94746093750004 -4.695312499999972
13.05732421875004 -4.651074218750026
13.072753906249972 -4.634765624999986
13.087402343750028 -4.601953124999966
13.136621093750023 -4.604296874999989
13.152343750000028 -4.620312499999969
13.176464843750068 -4.65585937500002
13.219628906250051 -4.705859374999989
13.29726562500008 -4.765234375
13.375781250000074 -4.829394531250017
13.414941406250051 -4.837402343749972
13.478417968750023 -4.804980468750017
13.551660156250023 -4.756738281249966
13.65957031250008 -4.721484374999974
13.685351562499989 -4.68867187500004
13.699414062500011 -4.618359375000011
13.707617187500006 -4.543261718749989
13.717089843750074 -4.454492187500023
13.739062500000017 -4.442480468749977
13.77802734375004 -4.433886718750003
13.849511718750051 -4.458886718750037
13.882324218749972 -4.48466796874996
13.940917968750028 -4.48466796874996
13.978417968750023 -4.461230468749974
14.046875 -4.417480468749943
14.133886718750063 -4.4
14.227050781250057 -4.358105468750026
14.316210937499989 -4.304101562500037
14.358300781250051 -4.299414062499963
14.402929687500006 -4.369726562499991
14.442773437500023 -4.419042968750006
14.449804687500034 -4.449511718749989
14.409960937500017 -4.508105468750031
14.365429687499983 -4.58554687499999
14.402929687500006 -4.681640625000028
14.411914062500045 -4.775
14.410742187499977 -4.83125
14.44091796875 -4.854101562499991
14.46162109375004 -4.864941406249983
14.493945312500074 -4.851660156250034
14.557617187500057 -4.855761718749974
14.633984374999983 -4.885058593749989
14.707910156250051 -4.881738281250023
14.779296875000028 -4.845703124999972
14.912109375 -4.705566406250014
15.10625 -4.461035156250034
15.267187500000034 -4.307617187499943
15.394628906250063 -4.24492187499996
15.480957031250057 -4.17177734374998
15.525976562500006 -4.087988281249963
15.60009765625 -4.030957031249983
15.75458984375004 -3.985546874999969
15.872460937500051 -3.934277343750011
15.990039062500045 -3.766210937499963
16.146777343750074 -3.464160156249974
16.190625 -3.194433593750006
16.217382812499977 -3.030273437499957
16.20185546875001 -2.464746093750023
16.191601562500068 -2.27910156249996
16.21533203125 -2.17783203125002
16.273925781250057 -2.10820312499996
16.43359374999997 -1.960839843750037
16.54072265625004 -1.84013671874996
16.62246093750008 -1.698925781249969
16.780078125000045 -1.37636718749998
16.84912109375 -1.272460937499957
16.87988281250003 -1.225878906249974
16.974707031250006 -1.13994140624996
17.107617187500068 -1.064453125000028
17.278808593750057 -0.999609374999963
17.542871093750023 -0.775
17.75283203125008 -0.549023437500011
17.72412109375 -0.27753906250004
17.77314453125004 -0.052392578124994
17.8876953125 0.234130859375028
17.925195312500023 0.537304687499969
17.885742187500057 0.856884765624969
17.902441406250006 1.11806640624998
18.011718750000057 1.422119140625014
18.05781250000004 1.534863281249983
18.072851562499977 1.719384765625009
18.072167968750023 2.01328125000002
18.21162109375001 2.414941406250051
18.34345703125004 2.655419921875009
18.490917968750068 2.924414062500006
18.54707031250004 3.087011718750006
18.622167968749977 3.304052734374991
18.610351562500057 3.478417968749994
18.59667968750003 3.678710937500028
18.633691406250023 3.95429687500004
18.619921875000074 4.11660156249998
18.567480468750034 4.257568359375014
18.59414062500005 4.346240234375045
18.69990234375001 4.382617187499989
18.83173828125004 4.5234375
19.068554687500068 4.89140625
19.32343750000004 5.070751953125026
19.500976562500057 5.127490234375045
19.68603515625 5.121386718750045
19.80654296875005 5.089306640624997
19.8625 5.031298828124989
20.00234375000005 4.944726562500023
20.226367187500045 4.829638671875031
20.3935546875 4.686181640625023
20.48652343750001 4.541552734375045
20.55810546875003 4.46269531249996
20.64746093750003 4.435644531249963
20.79296875 4.447314453125031
20.95576171875004 4.413134765624989
21.125585937500006 4.332177734375023
21.229785156250017 4.30219726562504
21.268359375000045 4.323095703125034
21.350195312500034 4.311376953125048
21.53759765625 4.244824218749983
21.68701171875 4.28139648437498
21.90820312500003 4.253906249999972
22.422167968750017 4.134960937499983
22.44970703125003 4.155126953125006
22.461816406249994 4.159765624999977
22.505664062500045 4.207666015624966
22.61718750000003 4.445556640625028
22.711718750000017 4.591748046874969
22.755761718750023 4.646679687499969
22.864550781250074 4.723876953124972
22.99287109375001 4.74384765625004
23.11591796875004 4.736914062499963
23.218847656250034 4.702978515624977
23.312890625000023 4.663525390625026
23.41718750000004 4.663134765625031
23.523632812500068 4.701269531249991
23.68183593750004 4.770800781250031
23.848437500000045 4.816357421874983
23.99169921875003 4.866259765625031
24.227734375000068 4.953857421875014
24.31982421875 4.994140625000057
24.437109375 5.009960937499997
24.765527343750023 4.930078124999966
24.97841796875005 4.982958984375003
25.065234375000074 4.967431640625037
25.24931640624999 5.024560546875037
25.28310546875005 5.062695312499983
25.40019531249999 5.255908203125003
25.52509765625004 5.31210937499999
25.713867187500057 5.283691406249986
25.819921875000063 5.253710937500003
26.173535156249983 5.171142578125057
26.632617187500074 5.085205078125043
26.76757812500003 5.071923828125009
26.822070312500045 5.062402343750023
26.870117187500057 5.075683593749972
27.020605468749977 5.184375
27.071875 5.199755859375017
27.11494140625001 5.197851562499991
27.403320312500057 5.109179687500045

