11.538378906250017 54.82958984375003
11.65810546875008 54.83315429687505
11.739550781250074 54.807421875000045
11.75898437500004 54.767675781250034
11.765917968750017 54.679443359375
11.680371093750011 54.653710937499994
11.585937500000028 54.66245117187498
11.457421875000051 54.62885742187498
11.03554687500008 54.773095703124966
11.041699218750011 54.89335937499996
11.058593749999972 54.940576171874994
11.25849609375004 54.951806640624966
11.361425781250034 54.89165039062496

10.417285156250074 54.83715820312497
10.340527343750068 54.85893554687496
10.215625 54.94096679687499
10.199902343750011 54.96274414062498
10.265527343750051 54.94882812499998
10.346972656250045 54.905957031249955
10.413671875000034 54.896826171875034
10.504882812499972 54.86054687500001
10.484375 54.84755859375005

12.511035156250045 54.950878906249955
12.357519531250034 54.961816406249966
12.184472656250023 54.892480468749966
12.118847656250068 54.91440429687498
12.143652343750063 54.958691406249955
12.16171875 54.97480468750004
12.219921875000068 54.993603515624955
12.258789062499972 55.021093750000034
12.274023437500063 55.06411132812502
12.310058593750028 55.040917968749994
12.417187500000011 55.03120117187498
12.469531250000017 55.01748046875002
12.513281250000034 54.997314453125
12.54921875000008 54.965771484374955

9.957128906250034 54.872460937499966
9.903906250000034 54.896630859374994
9.80625 54.90600585937506
9.771191406250068 55.05991210937506
9.78125 55.069042968749955
9.830371093750045 55.058251953124966
9.998828124999989 54.98647460937502
10.057714843750006 54.90791015624998
10.061230468750011 54.886376953124966

10.689746093750074 54.745068359374955
10.629492187500063 54.82607421875002
10.621679687500063 54.851416015625034
10.692480468750006 54.90327148437501
10.73828125 54.962011718750006
10.856738281250074 55.05219726562498
10.925 55.15786132812502
10.951074218750023 55.156201171874955
10.92080078125008 55.06210937500006
10.765234375 54.79965820312506
10.73408203125004 54.75073242187503

15.05078125 55.00493164062496
14.885546874999989 55.03295898437497
14.684179687500006 55.10224609374998
14.713671875000074 55.238037109375
14.765332031250011 55.29672851562498
15.132617187500045 55.14453124999997
15.13710937500008 55.087158203125
15.087695312500045 55.021875

10.686816406250017 55.55761718750003
10.738085937500045 55.44633789062499
10.81923828125008 55.321875
10.785351562500011 55.269775390625
10.808398437499989 55.203027343749994
10.785253906249977 55.133398437500006
10.623828125000045 55.052441406249955
10.442773437500023 55.04877929687501
10.254589843750068 55.08789062499997
9.98876953125 55.163183593750034
9.967382812499977 55.20546875000005
9.930078125000023 55.22890625000002
9.858984375 55.35722656249996
9.860644531249989 55.515478515625034
9.994238281250034 55.535302734374994
10.2861328125 55.61083984375003
10.353613281250063 55.598974609375006
10.424023437500011 55.56035156249996
10.505078125000011 55.55805664062501
10.622753906250011 55.61284179687499
10.645117187500034 55.60981445312498

12.571582031250017 55.55400390624999
12.550878906250063 55.55625
12.520312500000045 55.61459960937498
12.569921875000034 55.65009765625004
12.599218750000063 55.680224609375045
12.620019531250023 55.67934570312502
12.648437500000057 55.64677734374996
12.665722656250011 55.596533203125034

10.590332031249972 55.76508789062501
10.526953125000034 55.783789062500006
10.520312500000017 55.848486328125034
10.544335937500023 55.90659179687498
10.516113281250057 55.95854492187499
10.547167968750074 55.99194335937503
10.636328125000034 55.914160156250006
10.661718750000034 55.87758789062502
10.627343750000051 55.833886718749994
10.607324218750051 55.783056640625034

12.571191406250023 55.68496093750002
12.545214843750074 55.655810546875045
12.507031250000011 55.63662109375002
12.407128906249994 55.61625976562496
12.320605468750045 55.587841796874955
12.243457031250045 55.53789062499999
12.21503906250004 55.46650390625001
12.275390625 55.41425781250004
12.385156250000051 55.385644531249966
12.413085937500057 55.28618164062496
12.322460937500068 55.23710937499999
12.089941406250034 55.188134765624966
12.065527343750034 55.069921875000034
12.073046875000074 54.97675781249998
12.06884765625 54.909033203125034
12.050390625000063 54.815332031249966
11.862304687500028 54.772607421874966
11.740917968749983 54.91533203124999
11.739843750000034 54.97246093749999
11.703613281250028 55.039160156250006
11.696777343750057 55.09599609375002
11.65380859375 55.186914062499994
11.475878906249989 55.211523437500034
11.406835937500063 55.214746093749966
11.310253906250011 55.197851562500006
11.286328125000011 55.204443359375006
11.170703124999989 55.32861328125
11.189746093750045 55.465625
11.128027343750006 55.53476562499998
11.119531250000051 55.566064453124966
11.12099609375008 55.600732421874994
11.070312500000057 55.629296874999966
11.008789062500057 55.64443359375002
10.97890625 55.721533203125006
11.049609375000017 55.740234375
11.224414062500017 55.73120117187503
11.275488281250034 55.73647460937505
11.322265625000057 55.752539062500034
11.463671874999989 55.87929687499999
11.459570312500063 55.9072265625
11.474707031250034 55.943457031250006
11.627734375000017 55.956884765625006
11.695898437500063 55.90791015624998
11.682226562500034 55.829492187499994
11.690917968750028 55.72900390625003
11.78359375000008 55.70166015624997
11.819726562500051 55.69765625000002
11.858300781250023 55.771875
11.885351562500006 55.807958984375034
11.92207031250004 55.828076171874955
11.9345703125 55.89589843750002
11.912792968750011 55.93730468750002
11.866406250000068 55.968164062499994
12.039648437500006 56.052148437499966
12.21894531250004 56.11865234375
12.323242187500057 56.12211914062499
12.428222656250028 56.105859374999966
12.525781250000023 56.08339843750002
12.578710937500063 56.06406249999998
12.608398437500057 56.03300781249996
12.542968750000057 55.95898437499997
12.52480468750008 55.91845703125
12.56875 55.785058593749994

11.011425781250068 57.229101562500006
10.873828124999989 57.26225585937502
10.934570312500028 57.30859375000006
11.085742187500017 57.329931640625034
11.174511718750068 57.32290039062502
11.076855468750068 57.27690429687499
11.052148437499994 57.252539062500006

10.338476562500006 57.02133789062506
10.296093750000068 56.99912109374998
10.287011718749994 56.822949218749955
10.296679687500017 56.78090820312502
10.28271484375 56.62050781250002
10.383593750000045 56.554833984374966
10.490234375 56.52050781249997
10.845898437499983 56.52172851562497
10.882812500000057 56.492871093749955
10.92617187499999 56.443261718749966
10.894433593750023 56.35903320312505
10.8564453125 56.29550781249998
10.753417968749972 56.24199218749999
10.621191406250034 56.202099609374955
10.53896484375008 56.20034179687505
10.426953125000011 56.276171875000045
10.373730468749983 56.2515625
10.31875 56.21289062500003
10.226660156250063 56.00537109375003
10.183007812500051 55.86518554687498
10.159375 55.85380859374996
10.10732421875008 55.87446289062498
10.017382812500045 55.87607421874998
9.90371093750008 55.842822265625045
9.962011718750034 55.813085937500006
10.023632812499983 55.76142578124998
9.999023437500028 55.73554687500004
9.899023437500006 55.70756835937502
9.810351562500045 55.650976562500034
9.773242187500045 55.608154296875
9.661425781250017 55.55747070312498
9.591113281250074 55.49321289062496
9.625585937499977 55.41357421874997
9.640234375000034 55.34365234375002
9.670996093750006 55.26640625000002
9.64326171875004 55.204736328124966
9.50478515625008 55.11625976562499
9.453710937500063 55.03955078125
9.572363281250063 55.04052734375
9.645410156250023 55.022802734375034
9.68818359375004 55.00014648437505
9.732324218750051 54.96801757812497
9.705273437500068 54.92832031249998
9.739746093750057 54.825537109375006
9.725 54.825537109375006
9.661230468750063 54.834375
9.615820312500034 54.855419921874955
9.498730468749983 54.840429687500006
9.34199218750004 54.806298828124994
9.254980468750063 54.808007812499966
9.185839843750017 54.84467773437498
8.902929687500034 54.89692382812498
8.857226562500045 54.90112304687503
8.670703125000045 54.90332031250003
8.670312500000051 54.90341796875006
8.661425781250017 54.98593749999998
8.63828125 55.045556640624966
8.57294921875004 55.13427734375
8.669824218750051 55.15566406250002
8.65107421875004 55.32856445312498
8.615917968749983 55.41821289062503
8.3453125 55.51030273437496
8.132128906250017 55.59980468749998
8.181347656250011 55.90117187500002
8.202343750000011 55.982373046874955
8.12148437500008 56.13989257812497
8.1298828125 56.321191406249966
8.163964843750023 56.60688476562498
8.231738281250074 56.618066406249966
8.281445312500068 56.61669921875003
8.473144531250028 56.5654296875
8.55292968750004 56.560302734375
8.607617187499983 56.514501953125006
8.671679687500074 56.49565429687499
8.718066406250017 56.544287109375034
8.736132812500045 56.62744140625
8.888085937500023 56.73505859374998
8.994531250000023 56.77480468750002
9.067089843750068 56.793847656249994
9.140332031250068 56.75043945312501
9.196386718750034 56.70166015625003
9.209667968750068 56.80839843750002
9.254882812500057 57.01171875000006
9.110449218750034 57.04365234374998
8.992773437500034 57.01611328124997
8.876074218750063 56.88725585937502
8.77197265625 56.725292968749955
8.603125 56.710400390624955
8.468359375000034 56.66455078125003
8.346679687500028 56.71210937500004
8.26826171875004 56.754003906250034
8.266308593750011 56.815332031249994
8.28408203125008 56.85234374999999
8.427050781250074 56.98442382812499
8.61855468750008 57.11127929687498
8.811523437500057 57.11005859375001
8.952246093750034 57.15058593750001
9.036328125000011 57.15541992187502
9.298828125000028 57.14653320312499
9.433593750000028 57.17431640625006
9.554296875000034 57.23247070312499
9.815136718750068 57.478417968749994
9.962304687500023 57.58095703125002
10.259082031249989 57.617041015625006
10.533300781250006 57.73540039062496
10.609960937500063 57.736914062500006
10.48095703125 57.64868164062497
10.460253906250045 57.61455078125002
10.444628906250045 57.56220703125001
10.537109375000057 57.44853515624996
10.517578125 57.37934570312498
10.524121093749983 57.24321289062496
10.43691406250008 57.17226562499999

