43.159375 11.365722656250043
43.048632812500045 11.194335937500028
42.92275390625008 10.999316406250003
42.84414062500002 10.997949218749994
42.78300781249999 11.009277343749986
42.7412109375 11.04238281249998
42.65498046875001 11.078320312500026
42.557714843750034 11.080761718749983
42.46513671874999 11.047070312500054
42.30810546875006 11.005224609374963
42.16621093750001 10.991601562500037
42.05214843750008 10.968359375
41.95742187500002 10.941015625000034
41.87216796875009 10.955810546875028
41.79824218750002 10.980468749999986
41.78203124999999 11.187792968750031
41.7646484375 11.412890624999974
41.76650390625002 11.589111328124986
41.79267578125007 11.686035156250014
41.815625 11.72377929687498
41.94960937500002 11.857861328125026
41.995898437500045 11.912353515625028
42.14912109375001 12.134130859375006
42.28037109375009 12.324267578125017
42.378515625000034 12.46640625000002
42.408593750000136 12.494384765625028
42.45 12.52133789062502
42.479394531250136 12.51362304687504
42.670117187500125 12.3765625
42.703710937500034 12.380322265624983
42.767480468750136 12.422851562500028
42.82529296875009 12.569335937500028
42.86591796875001 12.622802734375
42.883300781250114 12.62128906250004
43.005664062500045 12.662304687500054
43.11669921875006 12.708593749999977
43.130859375 12.660449218750031
43.29863281249999 12.463867187500028
43.35351562500006 12.36704101562502
43.409765625000034 12.18994140625
43.38027343750002 12.091259765624969
43.33671874999999 12.027001953125023
43.27207031250009 11.969531250000045
43.04804687500001 11.829052734375026
42.79902343750007 11.739404296874966
42.64003906250002 11.560107421875031
42.52177734374999 11.572167968750009
42.53974609375001 11.504296875000037
42.58378906249999 11.496777343750011
42.65273437500002 11.509570312500045
42.78974609375007 11.561718750000011
42.91152343750008 11.586621093750011
43.04277343749999 11.588476562500034
43.16171875000009 11.56601562499999
43.24599609375002 11.499804687500003

