-71.76376953125 18.203955078124977
-71.73725585937501 18.270800781250017
-71.76191406249998 18.34130859374997
-71.87255859374994 18.416210937499955
-71.94038085937501 18.512597656249966
-72.00039062499997 18.59790039062503
-71.98686523437496 18.6103515625
-71.86650390624996 18.614160156249966
-71.82421874999997 18.645507812500057
-71.74321289062499 18.73291015625
-71.72705078124997 18.80322265625003
-71.733642578125 18.85639648437504
-71.78637695312497 18.920019531250034
-71.80712890624994 18.987011718749983
-71.742041015625 19.045507812500006
-71.65703125000002 19.130761718749966
-71.64531250000002 19.163525390624983
-71.64721679687497 19.195947265625023
-71.74648437500002 19.28583984375004
-71.75317382812497 19.324462890625
-71.70693359374997 19.421972656250063
-71.71147460937499 19.48657226562497
-71.75742187499995 19.68818359375001
-71.77924804687495 19.718164062499994
-71.73510742187503 19.735107421875
-71.70605468749997 19.79516601562497
-71.6673828125 19.84863281250003
-71.615966796875 19.87744140625003
-71.55776367187494 19.895361328125034
-71.44169921875002 19.89399414062504
-71.28134765624995 19.84736328125004
-71.2359375 19.84814453125
-71.08193359375 19.890478515625034
-70.95415039062499 19.913964843750023
-70.83388671875 19.88725585937499
-70.78525390624995 19.850878906250045
-70.68593749999997 19.793261718750017
-70.63618164062495 19.77563476562497
-70.47934570312498 19.776953124999977
-70.43642578124994 19.77124023437497
-70.30473632812493 19.676074218750045
-70.19384765625 19.638037109375006
-70.12944335937502 19.636132812499994
-70.01406249999997 19.672949218750034
-69.95683593749993 19.671875
-69.89121093749998 19.58974609375005
-69.87832031250002 19.473291015625023
-69.82343750000004 19.367138671874983
-69.73940429687497 19.29921875
-69.324951171875 19.327734375000034
-69.23247070312499 19.271826171875006
-69.26425781249998 19.225683593750034
-69.32275390625 19.201074218749994
-69.51972656249998 19.212011718750006
-69.60595703124994 19.20649414062504
-69.62324218750001 19.160498046874977
-69.6236328125 19.117822265624994
-69.50834960937496 19.107617187499955
-69.39526367187503 19.086083984375023
-69.28022460937504 19.051904296874966
-69.16303710937504 19.028466796874994
-69.03129882812493 19.01318359375
-68.90136718750003 18.98847656250001
-68.68476562500004 18.90478515625003
-68.44541015624995 18.714453124999977
-68.38139648437496 18.67114257812503
-68.33916015624999 18.611523437499955
-68.35927734375 18.53808593750003
-68.44482421875 18.417724609375
-68.49321289062502 18.379003906250034
-68.56376953124999 18.35546875000003
-68.61220703125 18.30625
-68.658837890625 18.222021484375006
-68.68740234374997 18.214941406250006
-68.72099609374996 18.218408203124994
-68.77846679687494 18.26611328125003
-68.81953124999995 18.33930664062501
-68.93496093749994 18.40800781249999
-69.07226562500003 18.399218750000045
-69.27451171874992 18.43984375
-69.39697265625 18.420117187499955
-69.51943359375 18.415673828125023
-69.64472656250004 18.436376953124977
-69.77065429687502 18.44355468750004
-69.89638671874997 18.417724609375
-70.01831054687503 18.373632812500006
-70.06333007812495 18.345654296874983
-70.1416015625 18.277099609375057
-70.18310546875003 18.251757812500045
-70.47993164062501 18.21728515625003
-70.56542968750003 18.26757812499997
-70.644677734375 18.336230468750017
-70.75883789062499 18.345605468749966
-70.92431640624994 18.29248046874997
-71.02783203125 18.273193359375057
-71.06997070312497 18.250341796875006
-71.08222656249998 18.224365234375057
-71.08261718749995 18.12836914062504
-71.10600585937502 18.070019531249955
-71.26728515625001 17.849609375
-71.35830078125 17.694140625000045
-71.39570312499998 17.64609375
-71.43896484375 17.635595703125006
-71.51835937500002 17.725
-71.56904296875004 17.757373046875045
-71.63173828125002 17.773632812499983
-71.65830078125 17.821142578125063
-71.65722656249997 17.888671875000057
-71.67373046874994 17.95410156249997
-71.71245117187502 18.005468750000034
-71.76831054687503 18.039160156249977

