124.2823242187502 -9.427929687500011
124.13457031249999 -9.413867187499989
124.11552734375016 -9.423144531250017
124.09013671875005 -9.41640625
124.05244140625018 -9.375390624999966
124.03632812500018 -9.341601562500017
124.19814453125002 -9.256152343750017
124.44443359375009 -9.190332031250023
124.43828125000016 -9.238574218749989
124.41298828124997 -9.314355468749966
124.37568359375001 -9.349902343750017
124.31933593750011 -9.413769531249969

127.11455078125016 -8.583593750000048
126.91523437500001 -8.715234375000037
126.79248046875 -8.755078124999983
126.66542968750014 -8.782031249999974
126.56855468750018 -8.832910156250037
126.48691406250009 -8.912695312500034
126.38251953125001 -8.957617187500034
126.2647460937502 -8.972753906250006
126.16425781250018 -8.996679687500006
126.07304687500016 -9.043554687499963
125.94609375000005 -9.123925781249994
125.89472656250007 -9.132128906249974
125.84033203125 -9.130175781250017
125.73515625000016 -9.160937499999974
125.40800781249999 -9.275781250000023
125.21025390625016 -9.403515625000011
125.06816406250016 -9.511914062499983
125.03359375000014 -9.381835937499957
124.99697265625014 -9.325976562500031
124.96826171874994 -9.29423828124996
124.9585937500002 -9.254687499999989
124.96015625000018 -9.213769531249994
124.9775390625 -9.194921874999977
125.10048828124997 -9.18984375
125.14941406250011 -9.122949218749966
125.1490234375002 -9.04257812500002
125.12441406250014 -9.015429687500003
125.10039062500016 -9.004003906249977
124.97324218750009 -9.064257812500003
124.93681640625005 -9.053417968750011
124.91503906250011 -9.031542968750003
124.92226562500002 -8.942480468749977
125.0269531250002 -8.85908203125004
125.11572265625 -8.708007812499986
125.17802734375016 -8.647851562499994
125.32314453125014 -8.591308593750014
125.38183593750011 -8.575390624999969
125.8042968750002 -8.492187499999986
125.90507812500005 -8.486523437499983
126.17285156249994 -8.48896484375004
126.53105468749999 -8.470800781249977
126.61972656250003 -8.459472656249986
126.73457031250018 -8.422753906249966
126.845703125 -8.377343750000037
126.90468750000002 -8.341601562500031
126.96640625000009 -8.315722656250003
127.05849609375002 -8.348242187499963
127.21484374999994 -8.372949218750023
127.25703125000001 -8.394531249999986
127.29609375000018 -8.424511718749969

125.57949218750014 -8.311816406250003
125.50712890625016 -8.275097656249983
125.5840820312502 -8.178613281249966
125.62109375 -8.15
125.6460937500002 -8.139941406249989

