-80.15068359374996 -3.01171875
-80.24570312499995 -3.008300781250014
-80.27294921875 -2.995898437499974
-80.27216796875001 -2.951757812500034
-80.24980468749999 -2.811914062499966
-80.22368164062499 -2.753125
-80.14570312500001 -2.696289062500043
-80.08076171875001 -2.668847656250037
-79.99726562499995 -2.673828124999986
-79.90903320312503 -2.725585937499972
-80.01323242187502 -2.819531250000011
-80.07119140625002 -2.833789062499989
-80.09340820312502 -2.845898437500054
-80.13159179687497 -2.973144531250043

-90.46440429687499 -1.341992187499997
-90.51953125000003 -1.299121093749974
-90.47719726562502 -1.220996093750045
-90.43198242187503 -1.239843749999977
-90.39873046875002 -1.26230468750002
-90.37915039062503 -1.292285156250003
-90.42392578125 -1.33994140625002

-89.53662109374997 -0.952343750000026
-89.577294921875 -0.933789062499969
-89.60263671875 -0.913476562500009
-89.60859374999998 -0.888574218749994
-89.54345703125003 -0.82685546875004
-89.47993164062495 -0.793359375000051
-89.42314453124993 -0.722265625000048
-89.31840820312502 -0.68007812499998
-89.287841796875 -0.68984375
-89.267431640625 -0.70458984375
-89.259375 -0.728417968749966
-89.29487304687501 -0.7859375
-89.35834960937498 -0.826074218749966
-89.41889648437495 -0.911035156250037

-90.38710937499997 -0.773339843749966
-90.542138671875 -0.67646484375004
-90.53168945312501 -0.581445312500037
-90.4697265625 -0.51738281249996
-90.26938476562503 -0.484667968750045
-90.18530273437497 -0.544824218750037
-90.19272460937498 -0.658789062499991
-90.26108398437503 -0.741992187499974
-90.3154296875 -0.757226562499966
-90.33486328124997 -0.771582031249963

-91.52636718749997 -0.478222656249969
-91.61074218750002 -0.443945312500006
-91.64658203125003 -0.390820312500026
-91.65415039062498 -0.3109375
-91.64667968749995 -0.284472656250031
-91.46015624999998 -0.255664062500017
-91.39936523437495 -0.32246093750004
-91.39995117187496 -0.420898437500014
-91.42597656249995 -0.46083984374998

-90.62045898437498 -0.364257812500028
-90.80903320312493 -0.329394531250031
-90.8677734375 -0.271386718750023
-90.82036132812502 -0.1921875
-90.78037109374995 -0.160449218749989
-90.66752929687496 -0.189843750000023
-90.55332031249998 -0.278417968750034
-90.57392578125001 -0.333984374999986

-91.21005859375 -0.039306640625
-91.17622070312495 -0.223046875000037
-90.97553710937501 -0.416894531250009
-90.95063476562501 -0.525195312500045
-90.96845703124998 -0.575585937500009
-90.95893554687501 -0.59531250000002
-90.862548828125 -0.671777343749966
-90.79965820312498 -0.752050781249977
-90.90551757812497 -0.940527343750006
-91.13105468749998 -1.019628906249963
-91.37153320312495 -1.016992187500051
-91.41904296875003 -0.996679687499991
-91.48354492187494 -0.92460937499996
-91.49541015624996 -0.860937499999963
-91.45830078124996 -0.799511718749969
-91.33408203124998 -0.70625
-91.14467773437502 -0.622851562500045
-91.12094726562498 -0.559082031250014
-91.19702148437503 -0.49697265624998
-91.24951171874997 -0.373632812499977
-91.36918945312502 -0.287207031249963
-91.428857421875 -0.02338867187504
-91.46870117187495 -0.010302734375031
-91.55 -0.046679687499989
-91.59008789062497 -0.01479492187498
-91.59682617187502 0.002099609375009
-91.50917968750002 0.062255859375
-91.49101562499996 0.10517578125004
-91.36137695312502 0.125830078124991
-91.30576171874998 0.09140625
-91.27216796874995 0.025146484374986

-78.965625 1.245361328124986
-78.99169921875 1.293212890624957
-78.9232421875 1.348925781250031
-78.89980468750002 1.359765625000023
-78.90922851562499 1.252783203124977

-78.18066406249997 0.968554687499989
-78.03701171875002 0.898730468749974
-77.82954101562495 0.82539062500004
-77.702880859375 0.837841796874997
-77.67319335937498 0.782226562500043
-77.64863281249995 0.7236328125
-77.601318359375 0.689501953124974
-77.52612304687494 0.660351562499997
-77.48139648437498 0.651171874999989
-77.46767578124994 0.636523437500017
-77.42275390625002 0.424853515624974
-77.39633789062498 0.393896484374977
-77.29267578124998 0.360400390624989
-77.16572265624998 0.347753906249991
-77.11411132812503 0.355078124999977
-77.00244140625003 0.296240234374977
-76.92011718749995 0.268505859375011
-76.82934570312503 0.247753906249955
-76.767724609375 0.241650390624955
-76.73930664062496 0.250830078124963
-76.72900390625 0.272119140625037
-76.67851562500002 0.268164062500034
-76.60302734375 0.240966796875
-76.49462890624994 0.23544921875002
-76.42729492187499 0.261230468750043
-76.41796874999997 0.303906250000026
-76.41337890625002 0.378857421875026
-76.38818359375003 0.404980468750011
-76.31103515625003 0.448486328125
-76.27060546874995 0.439404296875011
-76.06791992187496 0.345556640624991
-76.02617187499999 0.313085937500034
-75.97485351562503 0.247753906249955
-75.87978515625002 0.150976562499963
-75.77666015624996 0.089257812499994
-75.61733398437502 0.062890624999952
-75.46396484375003 -0.038427734374991
-75.28447265624996 -0.10654296875002
-75.340478515625 -0.1421875
-75.39838867187498 -0.145996093749972
-75.4759765625 -0.157128906250023
-75.583740234375 -0.12285156249996
-75.62626953124996 -0.12285156249996
-75.63203124999998 -0.157617187500023
-75.56059570312499 -0.20009765624998
-75.49106445312495 -0.248339843750031
-75.465966796875 -0.321777343749986
-75.42470703125002 -0.408886718749969
-75.32524414062502 -0.506542968749969
-75.26323242187499 -0.555371093749969
-75.259375 -0.590136718750031
-75.27871093749994 -0.653906249999977
-75.28359374999997 -0.707128906249977
-75.24960937499998 -0.951855468750011
-75.27241210937498 -0.966796875000028
-75.30917968749995 -0.968066406250031
-75.34819335937499 -0.966796875000028
-75.380126953125 -0.940234374999946
-75.408056640625 -0.92431640625
-75.42041015624994 -0.962207031249989
-75.44916992187495 -1.07119140624998
-75.51386718749998 -1.316308593750009
-75.57055664062497 -1.53125
-75.64165039062499 -1.607324218749966
-75.74453125 -1.728125
-75.88544921875001 -1.893457031249994
-76.08979492187498 -2.13310546874996
-76.24091796874995 -2.243945312499989
-76.36015624999999 -2.331347656250031
-76.49936523437495 -2.432324218749997
-76.67910156249997 -2.562597656249977
-76.88076171875002 -2.6359375
-77.161474609375 -2.737695312500037
-77.36005859374995 -2.809667968749949
-77.50649414062494 -2.859960937499991
-77.65898437500002 -2.912402343750017
-77.86059570312497 -2.981640625
-77.93847656250003 -3.046972656249977
-78.06791992187502 -3.20683593749996
-78.12822265624996 -3.283886718750026
-78.18330078124998 -3.350195312500034
-78.19462890624999 -3.380468749999977
-78.18745117187495 -3.399804687500009
-78.16098632812498 -3.432128906250028
-78.15849609374999 -3.465136718750003
-78.19487304687493 -3.485839843749957
-78.22631835937494 -3.489160156250009
-78.24038085937497 -3.472558593749994
-78.25073242187494 -3.436132812500034
-78.28417968750003 -3.399023437500034
-78.32304687499993 -3.388281249999977
-78.34536132812497 -3.397363281249952
-78.347265625 -3.43125
-78.39804687499995 -3.594824218750034
-78.39995117187499 -3.674316406249986
-78.42143554687502 -3.705761718749997
-78.41977539062492 -3.77685546875
-78.47104492187498 -3.843066406249989
-78.49345703124993 -3.902050781250011
-78.50908203125002 -3.9521484375
-78.550439453125 -3.986914062499977
-78.56513671874998 -4.04160156250002
-78.60336914062495 -4.157324218749977
-78.64799804687499 -4.248144531250006
-78.67939453124998 -4.325878906250026
-78.68515625 -4.383984374999969
-78.66123046875 -4.425097656249989
-78.6529296875 -4.458203124999983
-78.67446289062494 -4.51767578125002
-78.68603515625 -4.56240234374998
-78.74306640625 -4.592675781250023
-78.86152343749995 -4.665039062500028
-78.90761718750002 -4.714453124999963
-78.92578125 -4.770703124999969
-78.91420898437494 -4.81865234374996
-78.91918945312497 -4.858398437499986
-78.97539062499996 -4.873242187499983
-78.99526367187502 -4.90800781249996
-79.03330078124995 -4.96914062499998
-79.07626953125 -4.990625
-79.18666992187494 -4.958203124999969
-79.26811523437502 -4.957617187500034
-79.33095703125002 -4.927832031250006
-79.39941406250003 -4.840039062499969
-79.45576171874995 -4.766210937500034
-79.50190429687495 -4.670605468749997
-79.51616210937502 -4.539160156249963
-79.57768554687502 -4.500585937500006
-79.63852539062498 -4.454882812500017
-79.71098632812499 -4.467578125000031
-79.797265625 -4.47636718749996
-79.84511718749997 -4.445898437499963
-79.96289062499997 -4.390332031250011
-80.06352539062496 -4.327539062500009
-80.13955078125 -4.29609375
-80.19746093749998 -4.311035156250028
-80.23217773437494 -4.349023437500037
-80.293359375 -4.416796874999989
-80.38349609374995 -4.463671875000031
-80.42416992187498 -4.461425781250014
-80.47856445312496 -4.430078125000023
-80.48847656249995 -4.393652343749977
-80.44384765625 -4.335839843750009
-80.35288085937495 -4.20849609375
-80.45375976562497 -4.205175781250034
-80.48847656249995 -4.165527343749957
-80.49345703124999 -4.119140625000014
-80.51000976562497 -4.069531250000026
-80.49013671875002 -4.010058593749989
-80.43720703124998 -3.978613281249977
-80.35786132812498 -4.003417968749972
-80.30327148437496 -4.00507812500004
-80.26689453125002 -3.948828125000034
-80.23051757812496 -3.924023437499955
-80.19414062500002 -3.90585937499999
-80.17924804687502 -3.877734375000031
-80.21757812499999 -3.787695312499991
-80.22885742187498 -3.738867187499991
-80.21728515625003 -3.710742187500031
-80.21894531250001 -3.654492187500026
-80.22060546875 -3.613183593749966
-80.24375 -3.576757812500006
-80.24541015624999 -3.522167968749983
-80.26523437499995 -3.492480468749974
-80.271875 -3.461035156249963
-80.27353515624995 -3.424609375
-80.29833984375003 -3.406445312500026
-80.32465820312495 -3.387890624999983
-80.303125 -3.374804687499974
-80.15986328124995 -3.324316406249991
-80.100341796875 -3.274023437499963
-80.02666015625002 -3.228125
-79.96333007812498 -3.157714843749986
-79.92158203125001 -3.090136718749989
-79.82270507812493 -2.776953125000034
-79.72988281250002 -2.579101562499972
-79.74550781250002 -2.484667968750003
-79.82241210937497 -2.356542968750006
-79.83974609375002 -2.167871093750037
-79.8326171875 -2.110546874999983
-79.84213867187498 -2.067382812499986
-79.89340820312503 -2.14570312500004
-79.88032226562495 -2.423632812500003
-79.92558593750002 -2.54853515625004
-79.98901367187497 -2.578710937499977
-80.03017578125002 -2.556738281250034
-80.00664062500002 -2.353808593749989
-80.05307617187498 -2.390722656250048
-80.12714843749995 -2.528417968750034
-80.2486328125 -2.630566406249969
-80.25527343749994 -2.664648437499991
-80.28471679687499 -2.70673828125004
-80.37856445312502 -2.667968750000043
-80.45009765625002 -2.625976562500014
-80.68486328124999 -2.396875
-80.83906249999995 -2.349023437499994
-80.93217773437502 -2.269140624999963
-80.95161132812498 -2.235449218750034
-80.96279296875002 -2.189257812500031
-80.86762695312501 -2.14121093750002
-80.770361328125 -2.076660156250014
-80.76059570312495 -1.934570312500014
-80.76313476562495 -1.822949218750011
-80.83500976562502 -1.63242187500002
-80.80141601562502 -1.383398437499991
-80.82001953124998 -1.285839843750011
-80.90239257812499 -1.07890625
-80.84140624999998 -0.974707031250048
-80.62368164062497 -0.898730468750017
-80.55390624999995 -0.847949218749974
-80.50507812499995 -0.683789062500026
-80.45546874999997 -0.585449218749972
-80.3583984375 -0.625097656249963
-80.28237304687497 -0.620507812500009
-80.38476562499994 -0.583984375000028
-80.46831054687502 -0.43603515625
-80.482275390625 -0.368261718750048
-80.3212890625 -0.165820312500017
-80.23701171874995 -0.113085937500017
-80.13339843749998 -0.006054687499969
-80.04614257812497 0.155371093749963
-80.025 0.41015625
-80.06103515625 0.592285156249986
-80.08828124999994 0.78476562500002
-80.03593749999993 0.834570312499963
-79.90351562499995 0.860205078125034
-79.79584960937495 0.922265624999966
-79.74121093750003 0.97978515624996
-79.61318359374997 0.971142578124983
-79.46538085937496 1.060058593749972
-79.22905273437496 1.104589843749991
-78.899658203125 1.20625
-78.82705078124994 1.295947265624989
-78.85966796875002 1.45537109374996
-78.82885742187497 1.434667968750006
-78.73710937500002 1.358691406249974
-78.681640625 1.283447265625014
-78.58764648437503 1.236669921874991
-78.51152343749996 1.198828125
-78.31210937500003 1.046093749999969

