34.2125 31.292285156250017
34.24531250000007 31.20830078124996
34.32851562500002 30.99501953125005
34.400976562500034 30.827832031249983
34.48994140625007 30.596289062499977
34.51777343750007 30.50737304687499
34.52968750000008 30.44604492187503
34.65859375000008 30.191455078125017
34.73505859375001 29.982031249999977
34.791113281250034 29.812109375
34.86982421875001 29.563916015624983
34.904296875 29.477343750000017
34.84853515625002 29.432128906250057
34.73642578125009 29.270605468750006
34.61718750000006 28.757910156250006
34.44648437500001 28.357324218750023
34.42714843750008 28.10649414062499
34.39970703124999 28.016015625000023
34.31855468750007 27.88896484374999
34.22011718750008 27.764306640624994
34.04511718750001 27.828857421875
33.76025390625 28.04765624999999
33.59414062500008 28.255566406249983
33.416113281250034 28.389843749999983
33.24775390625007 28.567724609374977
33.201953125000045 28.695703125000023
33.203710937500034 28.777783203124955
33.13017578124999 28.978271484375057
33.07578125000009 29.07304687499999
32.87060546875006 29.286230468749977
32.81171875000001 29.4
32.76669921875009 29.45
32.721484375000045 29.521777343750017
32.64716796875007 29.798437499999977
32.56572265624999 29.973974609375034
32.47304687500002 29.925439453124994
32.48945312500001 29.851513671874955
32.40859375000008 29.749316406250017
32.35976562500008 29.63066406249999
32.39726562499999 29.533789062499977
32.565039062500034 29.386328125000034
32.59902343750002 29.321923828124966
32.63808593750002 29.182177734375017
32.63183593750006 28.99223632812496
32.65888671875007 28.927734375000057
32.78447265624999 28.78662109375
32.82949218750002 28.70288085937497
32.85654296875009 28.630615234375
32.89824218749999 28.565234375000017
33.02285156250008 28.442285156249994
33.2021484375 28.208300781250045
33.37226562500001 28.05058593749996
33.494921875000045 27.974462890625006
33.54707031250001 27.898144531249983
33.55878906250001 27.701220703125017
33.5498046875 27.60737304687501
33.65742187500001 27.43056640625005
33.69726562500006 27.341113281250017
33.80166015625008 27.268164062500006
33.84931640625001 27.184912109375006
33.89306640625006 27.049462890625023
33.95908203125009 26.649023437499977
34.04951171875007 26.55073242187501
34.32929687500001 26.024365234374983
34.56513671875001 25.69116210937497
34.67929687500009 25.442529296875023
34.85322265625001 25.139794921874994
35.19414062499999 24.475146484375045
35.397070312500034 24.269970703124983
35.47783203124999 24.154785156250057
35.62470703125007 24.066015625
35.78388671875007 23.93779296874999
35.63203125000001 23.950341796874966
35.59384765625009 23.942578124999983
35.540820312500045 23.920654296875057
35.515234375000034 23.842871093750006
35.50439453125006 23.77929687500003
35.52275390624999 23.442529296874994
35.56435546875002 23.271093750000063
35.697851562500034 22.946191406250023
35.79736328125006 22.848730468749977
35.84580078125009 22.785693359375017
35.91337890624999 22.739648437499966
36.22968750000001 22.628808593750023
36.41455078125006 22.394189453125023
36.829687500000034 22.09765625
36.87041015624999 22.015771484375023
36.871386718750045 21.99672851562505
36.543261718750045 21.996630859375017
36.21523437500002 21.99658203125
35.887011718750045 21.99653320312501
35.55898437500008 21.99648437499999
35.23085937500002 21.996435546874977
34.90273437500008 21.996386718750074
34.57460937500008 21.996337890625057
34.24648437500002 21.996289062499955
33.91845703125 21.996240234375023
33.59033203125 21.996191406250034
33.26220703125006 21.996142578125017
32.93408203125 21.99609375
32.606054687500034 21.995996093749994
32.27783203125006 21.995996093749994
31.949804687500034 21.995898437500045
31.621679687500034 21.99584960937503
31.434472656250023 21.99584960937503
31.466406250000034 22.08466796875001
31.48613281249999 22.147802734375006
31.464257812500023 22.191503906250034
31.40029296875008 22.202441406250017
31.35849609375009 22.188623046874966
31.260644531250023 22.002294921875034
31.209179687500068 21.99487304687503
31.092675781250023 21.99487304687503
30.71064453125001 21.994921875000017
30.328613281250057 21.995019531249966
29.94667968750008 21.99511718749997
29.56455078125009 21.99511718749997
29.18251953125008 21.995214843750006
28.800585937500074 21.995263671875023
28.418554687500034 21.99531250000001
28.036425781250074 21.99536132812503
27.654492187500068 21.995458984375063
27.272460937500057 21.995507812499966
26.890429687500017 21.995556640624983
26.508398437500006 21.99560546875
26.12636718750005 21.99565429687499
25.74433593750004 21.995751953125023
25.3623046875 21.99580078125004
24.980273437500074 21.99584960937503
24.980273437500074 22.220410156249955
24.980273437500074 22.444970703124966
24.980273437500074 22.669531249999977
24.980273437500074 22.89409179687499
24.980273437500074 23.11865234375
24.980273437500074 23.34321289062501
24.980273437500074 23.56782226562501
24.980273437500074 23.792382812500023
24.980273437500074 24.016943359375034
24.980273437500074 24.241503906250045
24.980273437500074 24.466064453125057
24.980273437500074 24.690625
24.980273437500074 24.915185546874966
24.980273437500074 25.139746093749977
24.980273437500074 25.36430664062499
24.980273437500074 25.5888671875
24.980273437500074 25.81342773437501
24.980273437500074 26.037988281250023
24.980273437500074 26.262548828125034
24.980273437500074 26.487109375000017
24.980273437500074 26.71166992187503
24.980273437500074 26.936230468749955
24.980273437500074 27.160839843749983
24.980273437500074 27.385400390624994
24.980273437500074 27.609960937500006
24.980273437500074 27.83452148437499
24.980273437500074 28.05908203125
24.980273437500074 28.28364257812501
24.980273437500074 28.508203125000023
24.980273437500074 28.732763671875034
24.980273437500074 28.957324218750045
24.980273437500074 29.181884765625057
24.9716796875 29.223828124999983
24.916113281250063 29.376269531250045
24.86591796875004 29.57026367187504
24.810839843750017 29.808740234375023
24.80371093749997 29.88603515624996
24.71162109375004 30.131542968749983
24.703222656250034 30.201074218750023
24.72646484375005 30.250585937499977
24.877539062500006 30.457519531250057
24.92304687500004 30.558007812499994
24.961425781250057 30.678515625000045
24.973925781250017 30.77656250000004
24.929492187500017 30.92646484375001
24.877539062500006 31.06123046875004
24.859960937499977 31.199169921874983
24.85273437500001 31.334814453124977
24.929980468750045 31.42749023437503
25.02265625000001 31.514013671874977
25.057226562500034 31.56718749999999
25.11201171875001 31.626904296874983
25.150488281250034 31.65498046875001
25.225488281250023 31.533789062500034
25.38222656250008 31.512792968750006
25.89326171875001 31.620898437500017
26.457324218750074 31.51210937500005
26.768652343750006 31.470361328124966
27.248046875000057 31.377880859374955
27.54003906250003 31.21269531249999
27.6201171875 31.191748046875063
27.829980468750023 31.19501953125001
27.96757812499999 31.09741210937503
28.51484375000001 31.05043945312505
28.806933593750017 30.942675781250045
28.972753906250063 30.856738281250017
29.072070312500045 30.830273437499955
29.15996093749999 30.834570312500034
29.27890625000009 30.86694335937497
29.42851562499999 30.92744140625004
29.59160156249999 31.011523437500017
29.92978515625009 31.227490234374983
30.049414062500034 31.26542968749996
30.127539062500034 31.255664062500017
30.222656250000057 31.258398437500063
30.262304687500034 31.316845703124955
30.312304687500045 31.357031249999977
30.34375 31.402734374999966
30.395117187500034 31.457617187500034
30.570996093750068 31.472998046874977
30.92353515625001 31.56684570312501
30.88417968750008 31.522363281249994
30.56298828125 31.41699218750003
30.70048828124999 31.403857421875017
30.84140625000009 31.439892578124983
31.00175781249999 31.462792968750023
31.030859375000034 31.507568359375
31.051953125000068 31.59155273437497
31.08291015625008 31.60332031249999
31.193945312500034 31.587597656249983
31.524414062500057 31.458251953125
31.60654296875009 31.45576171875001
31.83925781250008 31.52631835937501
31.88896484374999 31.541406249999966
31.964257812500023 31.50209960937505
32.136035156250045 31.34106445312503
32.07607421875008 31.344482421875
31.89218750000009 31.48247070312496
31.87587890625008 31.413720703124994
31.771093750000034 31.292578125
31.902050781250068 31.240185546874983
32.00849609375001 31.22050781249996
32.065625 31.152978515624966
32.10175781250007 31.09282226562499
32.20654296875 31.119042968749994
32.28183593750009 31.200878906249955
32.242773437500034 31.24653320312504
32.21621093750002 31.29375
32.250585937500034 31.29492187500003
32.323535156250045 31.25605468750001
32.532812500000034 31.100732421874994
32.603320312500045 31.06875
32.68457031250006 31.07402343749996
32.85449218750006 31.11772460937499
32.90156250000001 31.110937500000034
33.1298828125 31.168164062499955
33.15673828125006 31.12622070312503
33.1943359375 31.08452148437499
33.3779296875 31.130957031250034
33.66650390625 31.13041992187499
33.90253906250001 31.18095703124999
34.17626953125 31.303906249999983
34.198144531250136 31.322607421874977

