-89.33725585937495 14.411376953125043
-89.17011718750001 14.360302734375026
-89.12050781250002 14.370214843750006
-89.05712890624997 14.329150390624989
-89.02685546875003 14.296972656250006
-89.00019531250001 14.25273437500006
-88.86831054687497 14.163671875000034
-88.84594726562494 14.124755859375
-88.74736328124993 14.072265624999972
-88.7076171875 14.032080078125048
-88.665625 14.015527343750051
-88.58315429687497 14.000146484375023
-88.51254882812498 13.978955078124969
-88.50434570312498 13.964208984374977
-88.49765624999995 13.904541015625
-88.482666015625 13.854248046875057
-88.44912109375002 13.850976562500009
-88.40849609374999 13.875390625
-88.27622070312498 13.942675781250031
-88.15102539062494 13.987353515624989
-88.08046874999997 13.960595703125051
-88.038720703125 13.90463867187502
-87.99101562499996 13.879638671874986
-87.89199218750002 13.894970703124997
-87.80224609374994 13.889990234374963
-87.7314453125 13.841064453125028
-87.71533203125 13.812695312500026
-87.75854492187503 13.649951171875003
-87.77421875000002 13.580322265625028
-87.78188476562497 13.521386718750009
-87.75644531249995 13.50600585937498
-87.73164062499995 13.483105468750026
-87.73701171874998 13.45136718750004
-87.814208984375 13.399169921874972
-87.83837890625003 13.385791015625003
-87.82070312499997 13.285156250000014
-87.87807617187494 13.224414062499989
-87.93085937500004 13.180664062500043
-88.02343749999997 13.16875
-88.18066406249994 13.164013671875026
-88.417138671875 13.213525390624994
-88.591552734375 13.281054687499989
-88.68564453124998 13.281494140624986
-88.65585937499995 13.259179687499966
-88.58154296875 13.244970703125006
-88.48388671875 13.197167968750037
-88.51201171874996 13.183935546875006
-88.86704101562498 13.283251953124989
-89.27763671874996 13.478076171874974
-89.52324218749999 13.509130859374991
-89.80419921874994 13.560107421874989
-89.97045898437497 13.683154296875017
-90.09521484375 13.736523437500054
-90.10590820312504 13.783007812500017
-90.10473632812497 13.834765624999989
-90.04814453124999 13.904052734374986
-89.94267578125002 13.997363281249989
-89.87270507812497 14.04560546875004
-89.83994140624995 14.055078125000023
-89.79370117187503 14.050097656249989
-89.74936523437498 14.077001953125048
-89.71113281249998 14.141308593749997
-89.67128906249997 14.182714843750006
-89.57026367187498 14.224658203125017
-89.54716796874999 14.241259765625031
-89.55502929687498 14.27724609374998
-89.57695312500002 14.347070312499994
-89.57363281249997 14.390087890624969
-89.54052734374997 14.409912109375014
-89.50087890624997 14.413769531249997
-89.41884765624997 14.431103515624983
-89.38325195312498 14.42763671874998
-89.36259765624996 14.416015625000014

