11.335351562500051 0.999707031250026
11.130664062500017 1.00039062499999
10.858886718750057 1.001269531249989
10.587207031250045 1.002148437499997
10.315429687500028 1.003076171875009
10.178906250000011 1.003564453125009
10.028515625000011 1.00400390625002
9.979785156250017 0.99770507812498
9.946679687500023 0.967138671874963
9.906738281250057 0.960107421875037
9.860351562500028 0.986230468750037
9.803906250000068 0.998730468750011
9.788671875 1.025683593749989
9.760546875000045 1.074707031250028
9.70458984375 1.079980468750037
9.67646484375004 1.074707031250028
9.636132812499994 1.046679687500003
9.5908203125 1.031982421875028
9.599414062500074 1.054443359374986
9.509863281250034 1.114794921875031
9.445312500000028 1.120654296874974
9.385937500000011 1.139257812500034
9.434082031250057 1.296386718749986
9.494238281250063 1.435302734375043
9.584277343750017 1.540234375000011
9.632128906250074 1.56552734375002
9.64765625000004 1.617578124999966
9.718847656250063 1.788671875
9.80703125 1.927490234375043
9.779687500000023 2.06821289062502
9.800781250000057 2.304443359375
9.826171875 2.297802734374983
9.830371093750045 2.275488281249963
9.836914062500057 2.242382812499969
9.870117187500057 2.21328125
9.979882812500051 2.16777343749996
10.30703125000008 2.167724609375043
10.502246093750074 2.167626953125023
10.79091796875008 2.167578125
11.09658203125008 2.167480468749986
11.328710937500034 2.167431640624983
11.330078125000057 1.935888671874977
11.331152343750006 1.740185546874983
11.332324218750074 1.528369140624989
11.333593750000063 1.307617187500057
11.334667968750011 1.120751953124994

8.76044921875004 3.754345703124983
8.910058593750051 3.758203124999966
8.950683593749972 3.705322265625028
8.946093750000017 3.627539062499991
8.792187500000011 3.400390624999986
8.763476562500045 3.304638671875026
8.70400390625008 3.223632812500043
8.652343750000028 3.217089843749946
8.474902343750045 3.264648437499957
8.444921875000063 3.293505859374974
8.434277343750011 3.33242187499999
8.451757812500034 3.42290039062496
8.464648437499989 3.450585937500009
8.549804687500028 3.467626953125006
8.577246093750006 3.482373046874997
8.62275390625004 3.57998046874998
8.6376953125 3.668847656249966
8.675878906250034 3.735937499999963
8.73574218750008 3.758300781249986

