40.18251953125002 15.642919921875034
40.21142578124994 15.64814453125004
40.23408203125001 15.665869140625006
40.250097656250034 15.703466796875034
40.408203125 15.629199218749989
40.39902343750009 15.579882812499989
40.304687500000114 15.577343749999983
40.19580078124994 15.598144531249972
40.095117187499966 15.590917968750006
39.975195312500034 15.612451171875051
39.94746093750018 15.696142578125034
40.023925781250114 15.655615234375034
40.063476562500114 15.665869140625006
40.07050781250001 15.676611328124977
40.01630859375018 15.733251953125063
39.93994140625 15.744531250000051
39.945214843749966 15.789062499999972
39.979394531250136 15.806591796874983
40.00048828124994 15.828271484374966
39.95673828125001 15.889404296874972
40.042578125000034 15.875488281249972
40.096777343750034 15.838476562500006
40.132421875000034 15.795263671874977
40.141210937500034 15.696142578125034

40.11005859375018 15.985742187499966
40.01240234375018 16.022656249999955
39.99609374999994 16.04267578125004
40.039062500000114 16.080957031250023
40.04814453124999 16.1044921875
40.07646484375016 16.08242187500005

38.911718750000034 17.427148437499994
39.03447265625016 17.085546875000034
39.142578125 16.729150390624994
39.222558593750136 16.193701171874977
39.298925781250034 15.921093749999955
39.422265625000136 15.786669921875017
39.50654296875007 15.532128906250023
39.57880859375001 15.522509765625017
39.63125 15.452539062499966
39.72080078125009 15.213671874999974
39.785546875000136 15.124853515625006
39.819433593750034 15.201269531250034
39.815625 15.245312500000026
39.79033203125016 15.31884765625
39.81347656249994 15.413574218750028
39.863769531250114 15.470312500000034
39.97832031250016 15.393115234375031
40.04101562499994 15.334521484375003
40.05781250000018 15.21708984374996
40.084082031250034 15.15195312500002
40.20410156249994 15.014111328124997
40.30527343750009 14.974023437500009
40.4365234375 14.963964843750006
40.546289062500136 14.933593750000028
40.634375 14.883007812500026
40.79931640625 14.74301757812502
41.17646484375018 14.620312499999983
41.47968750000007 14.243896484375028
41.658203125000114 13.983056640625009
42.245117187500114 13.587646484375
42.34648437500016 13.398095703125023
42.39931640625002 13.212597656249983
42.522851562500136 13.221484375000017
42.73447265625009 13.018603515624989
42.796191406250045 12.864257812499986
42.96953125000016 12.808349609375043
42.99902343749994 12.899511718749963
43.08291015625002 12.82460937499998
43.11669921875006 12.708593749999977
43.005664062500045 12.662304687500054
42.883300781250114 12.62128906250004
42.86591796875001 12.622802734375
42.82529296875009 12.569335937500028
42.767480468750136 12.422851562500028
42.703710937500034 12.380322265624983
42.670117187500125 12.3765625
42.479394531250136 12.51362304687504
42.45 12.52133789062502
42.408593750000136 12.494384765625028
42.378515625000034 12.46640625000002
42.28994140625002 12.570214843750023
42.225 12.661962890624977
42.134277343750114 12.771435546874983
42.04658203125018 12.820605468749974
41.952148437500114 12.882324218750014
41.85957031250007 13.025878906250043
41.76503906250002 13.183935546875006
41.625 13.313232421875057
41.362890625000034 13.499804687500045
41.12236328124999 13.73613281250006
40.938574218750034 13.983105468750011
40.820117187500045 14.111669921875006
40.76953125000006 14.144482421875026
40.524414062500114 14.225195312500034
40.353125 14.33808593750004
40.22148437500016 14.431152343749986
40.140625000000114 14.4560546875
40.06210937500009 14.459130859375009
39.89511718750009 14.440673828124972
39.75615234374999 14.499023437500043
39.69794921875007 14.499023437500043
39.60488281250002 14.516064453124969
39.531835937500034 14.53671875
39.44609374999999 14.511865234374994
39.270117187500034 14.470312499999977
39.19804687499999 14.479394531250051
39.158593750000136 14.5375
39.13544921875001 14.581884765624963
39.074218750000114 14.628222656249989
39.023828125000136 14.628222656249989
38.99570312500009 14.586865234374997
38.81201171875006 14.482324218750023
38.50439453125 14.424414062500034
38.43144531250016 14.428613281250009
38.37695312500006 14.470410156249997
38.22148437499999 14.649658203125
38.17705078124999 14.678808593749991
38.14199218750008 14.681494140625006
38.069921875000034 14.702734374999977
38.00253906250009 14.73710937500006
37.943457031250034 14.810546875000014
37.884179687500136 14.852294921874986
37.8203125 14.70849609375
37.70839843750002 14.457226562499969
37.64843750000006 14.322558593749974
37.571191406250136 14.14907226562498
37.546777343750136 14.143847656249989
37.50722656250008 14.156396484374966
37.35371093750007 14.372460937500023
37.257226562500136 14.45375976562498
37.18515625000009 14.445996093749997
37.132617187500045 14.406054687500031
37.099414062500045 14.333984375
37.0634765625 14.28925781250004
37.024511718750034 14.271972656249972
36.940722656250045 14.280566406250045
36.81191406250008 14.315039062500048
36.67910156250002 14.30756835937504
36.542382812500136 14.258203125
36.52431640625002 14.2568359375
36.492285156250034 14.544335937500037
36.470800781250034 14.736474609375023
36.448144531250136 14.940087890625023
36.426757812500114 15.132080078125057
36.521777343750045 15.250146484375037
36.56601562500009 15.362109375000017
36.679199218750114 15.726367187500074
36.724511718750136 15.798876953125017
36.813476562500114 15.993945312500045
36.82587890625018 16.05029296874997
36.91376953125001 16.296191406250074
36.90546875000001 16.459521484375045
36.88779296875009 16.624658203125023
36.93574218750018 16.72236328125004
36.97871093750001 16.800585937500074
36.97578125000007 16.866552734375006
36.995214843750034 17.020556640625017
37.00898437500018 17.058886718750017
37.061523437500114 17.06127929687497
37.16953125000009 17.041406250000023
37.24882812499999 17.05688476562497
37.34042968750009 17.05708007812501
37.41103515625002 17.061718749999983
37.45292968749999 17.108691406250045
37.510156250000136 17.288134765625017
37.54746093750009 17.324121093749966
37.575976562500045 17.335009765625045
37.65673828125006 17.368261718749977
37.725976562500136 17.420507812499977
37.78242187500007 17.45800781249997
37.80332031250009 17.46552734375001
37.86298828125007 17.47026367187499
37.92255859375001 17.49233398437505
37.950097656250136 17.517675781250063
38.02529296875008 17.537792968749983
38.0989257812501 17.526464843749977
38.148535156250034 17.54853515625004
38.181542968750136 17.562841796875006
38.219042968750045 17.56396484374997
38.253515625000034 17.584765625000045
38.26728515625007 17.61669921874997
38.289843750000045 17.637011718750017
38.34736328125018 17.68359375000003
38.37373046875001 17.717333984375045
38.385546875000045 17.751269531250045
38.39716796875007 17.778369140625045
38.42246093750009 17.82392578125001
38.522851562500136 17.93852539062499
38.60947265625009 18.005078124999955

