22.68837890625008 58.59702148437498
22.75380859375008 58.604687499999955
22.82011718749999 58.62153320312501
22.96425781250005 58.60571289062497
23.292871093750023 58.483496093750034
23.3232421875 58.450830078124966
23.12714843750001 58.435986328124955
23.082617187500006 58.398486328125045
23.035449218750074 58.37231445312503
22.979882812500023 58.363867187500006
22.885156250000023 58.31127929687503
22.75703125000001 58.260888671874994
22.730273437500074 58.230664062499955
22.4984375 58.23623046875002
22.371679687500034 58.217138671875034
22.269335937500045 58.160742187500006
22.227343750000017 58.05180664062502
22.152441406250034 57.96679687500003
22.076269531250063 57.93603515624997
21.996875 57.93134765624998
21.97802734375003 57.96328125000002
21.985546875000068 57.99516601562502
22.152929687500063 58.115332031250006
22.18769531250004 58.154345703125045
22.104394531250023 58.17167968750002
22.034570312499994 58.21337890625
21.882128906250045 58.26235351562502
21.8544921875 58.30166015625002
21.89101562500008 58.304589843749994
21.924414062500034 58.31586914062498
21.96503906250004 58.348828124999955
21.98408203125001 58.38666992187504
21.8623046875 58.49716796874998
21.924414062500034 58.514257812500006
22.001855468749994 58.51025390624997
22.081347656250045 58.478125
22.168554687500034 58.515820312499955
22.20556640625003 58.52138671875002
22.26660156250003 58.507958984374966
22.328125 58.58085937499999
22.47441406249999 58.604882812499994
22.546972656250034 58.627392578124955
22.617382812499983 58.62124023437502

23.260351562500063 58.53999023437501
23.0634765625 58.611083984375
23.109082031250068 58.659228515625045
23.165429687499994 58.678125
23.33281249999999 58.64858398437502
23.3564453125 58.57553710937506
23.343554687500045 58.55034179687499

22.84169921875005 58.77744140624998
22.79287109375005 58.797216796875006
22.767285156250068 58.820898437500034
22.66142578124999 58.70917968750001
22.54218750000004 58.68999023437502
22.47265625 58.712060546874966
22.478906250000023 58.75380859375005
22.41103515625005 58.86337890624998
22.30742187499999 58.895458984374955
22.161914062500017 58.89848632812502
22.05625 58.94360351562497
22.462597656249983 58.97431640625001
22.50458984375001 59.02646484374998
22.587207031250074 59.08120117187505
22.64941406250003 59.08710937500001
22.702246093750063 59.07441406249998
22.712207031250045 59.03198242187506
22.72548828125008 59.01508789062498
22.909863281250068 58.9912109375
22.98164062500004 58.91982421875002
23.00869140625005 58.83393554687501
22.92373046875005 58.826904296875

25.61572265625003 59.62753906250006
25.79375 59.634667968749994
26.46083984375008 59.55390624999998
26.625 59.55390624999998
26.85205078125003 59.471777343750034
26.974707031250063 59.45063476562498
27.33583984375008 59.450488281250045
27.892578125 59.41420898437502
28.00185546875005 59.46982421874998
28.0125 59.484277343749994
28.065820312500023 59.453173828125045
28.13300781250004 59.40307617187497
28.151074218749983 59.374414062499994
28.12832031250005 59.35756835937502
28.06132812499999 59.34326171875006
28.04609375000001 59.32783203125001
28.01640624999999 59.30170898437501
27.93818359375004 59.29702148437505
27.89765625000004 59.27763671874999
27.849511718750023 59.19267578125002
27.757617187500045 59.05200195312503
27.668854749312374 58.98206404352496
27.523730468750074 59.006933593750006
27.298144531250045 58.994921875000045
27.10732421875008 58.954199218750006
26.97412109375003 58.88427734374997
26.966406250000034 58.80556640625002
27.15673828125 58.64794921874997
27.236621093750017 58.45224609374998
27.32392578125004 58.40190429687502
27.42548828125004 58.30307617187506
27.47265624999997 58.216748046874955
27.49707031249997 58.184130859375074
27.623828125000045 58.014257812500006
27.643057672481774 58.01575689012631
27.644140625 58.01391601562503
27.673437500000034 57.93461914062496
27.721972656250045 57.905468749999955
27.76875 57.88413085937498
27.77851562500004 57.87070312499998
27.776953125000063 57.85673828124999
27.752832031250023 57.84101562499998
27.542089843750006 57.799414062500034
27.514746093750034 57.76420898437496
27.491992187500017 57.724951171875034
27.4 57.66679687500002
27.37177734375004 57.61254882812497
27.354296875000017 57.55029296875
27.35195312500008 57.528125
27.32656250000005 57.525488281250006
27.187109375000063 57.53833007812503
27.03339843750001 57.57875976562502
26.966015625000068 57.609130859375
26.89980468750008 57.608789062499994
26.819726562499994 57.588720703125006
26.53261718750005 57.53100585937497
26.462109375000068 57.54448242187496
26.29804687500004 57.60107421875003
26.21503906250001 57.662744140624994
26.030371093750034 57.78554687500005
26.015234375000063 57.814746093750045
25.99111328125005 57.83818359375002
25.79375 57.868554687499994
25.720898437500068 57.91381835937497
25.66015625000003 57.92016601562503
25.57128906250003 57.94277343750002
25.34003906250001 58.03945312499999
25.282617187500023 58.048486328124966
25.268652343750034 58.03222656250003
25.27265625000004 58.009375
25.258300781250057 57.99614257812496
25.228710937500068 57.99658203125006
25.17519531250008 58.03212890625002
25.111035156250068 58.06342773437498
24.911328125000068 58.00458984374998
24.839062499999983 57.988720703124955
24.77578125000008 57.985253906249966
24.45888671875008 57.907861328124994
24.3625 57.86616210937504
24.322558593750017 57.87060546875006
24.33203125 57.909765625000034
24.46386718750003 58.10595703125003
24.4875 58.261621093749966
24.535742187500006 58.283007812500045
24.549707031250023 58.304589843749994
24.52910156249999 58.354248046875
24.392187499999977 58.386083984375006
24.3369140625 58.38139648437502
24.287207031250006 58.328027343749994
24.235644531250074 58.28955078124997
24.114843750000063 58.26611328124997
24.01093750000004 58.30664062499997
23.76757812500003 58.36083984375
23.7060546875 58.433007812499966
23.691503906250063 58.50561523437503
23.562792968750045 58.57583007812502
23.50927734374997 58.658544921875006
23.53066406250008 58.71625976562504
23.647460937500057 58.75415039062503
23.680761718750006 58.78715820312499
23.53359375000005 58.78193359375001
23.503613281250068 58.78984375000002
23.497167968750006 58.81953125000001
23.43203125000005 58.92065429687503
23.48964843750005 58.960498046875045
23.51503906250008 58.999218749999955
23.467773437500057 59.03217773437501
23.480175781249983 59.069677734375006
23.516992187500023 59.107568359374994
23.494433593750045 59.195654296875006
23.64052734375008 59.242333984374994
23.782519531250045 59.27514648437503
24.08339843750005 59.291894531249966
24.053613281250023 59.37231445312503
24.175390625000063 59.375927734374955
24.38037109374997 59.47265625000003
24.58359375 59.455664062500034
24.877539062500006 59.52207031249998
25.44375 59.521142578124966
25.52089843750008 59.55947265625005
25.507421875 59.59799804687498
25.50927734375003 59.639013671875006

