42.28037109375009 12.324267578125017
42.14912109375001 12.134130859375006
41.995898437500045 11.912353515625028
41.94960937500002 11.857861328125026
41.815625 11.72377929687498
41.79267578125007 11.686035156250014
41.76650390625002 11.589111328124986
41.7646484375 11.412890624999974
41.78203124999999 11.187792968750031
41.79824218750002 10.980468749999986
41.87216796875009 10.955810546875028
41.95742187500002 10.941015625000034
42.05214843750008 10.968359375
42.16621093750001 10.991601562500037
42.30810546875006 11.005224609374963
42.46513671874999 11.047070312500054
42.557714843750034 11.080761718749983
42.65498046875001 11.078320312500026
42.7412109375 11.04238281249998
42.78300781249999 11.009277343749986
42.84414062500002 10.997949218749994
42.92275390625008 10.999316406250003
42.90615234375002 10.960253906250045
42.862890625000034 10.903222656249966
42.80976562500001 10.845996093750031
42.76308593750002 10.786914062499989
42.65957031250008 10.621386718750017
42.65644531250007 10.6
42.66923828124999 10.567578124999983
42.725195312500034 10.491748046874989
42.78369140625006 10.369628906249972
42.81640625000006 10.257373046875017
42.841601562500045 10.203076171874969
42.9125 10.140820312499983
43.014746093750034 10.01259765624998
43.06894531250009 9.926220703124969
43.18164062500006 9.879980468749963
43.21845703125007 9.770166015624966
43.303125 9.609082031250011
43.394335937500045 9.480273437499974
43.482519531250034 9.379492187499963
43.58105468750006 9.340722656249966
43.62050781250002 9.33740234375
43.826757812500034 9.15078125
43.98378906250002 9.008837890625031
44.02285156250008 8.986035156250011
44.30625 8.893066406249986
44.63203125000001 8.78608398437504
44.8935546875 8.700195312500043
45.22695312500008 8.590820312500043
45.555468750000045 8.48300781250002
45.86328125000006 8.379882812499972
46.29599609375009 8.23496093750002
46.64472656250001 8.118164062500028
46.919531250000034 8.026123046875028
46.97822265625001 7.997070312500057
47.3056640625 7.997070312500057
47.63769531250006 7.997070312500057
47.97822265625007 7.997070312500057
47.73164062500001 7.759326171875031
47.45283203125007 7.490478515625057
47.159765625000034 7.207861328125034
46.97119140625 7.026025390625023
46.67177734375008 6.737255859374997
46.422949218750034 6.49726562500004
46.16679687499999 6.234667968750003
45.93496093750008 5.997216796875037
45.633593750000045 5.668261718749989
45.4384765625 5.455419921874977
45.1328125 5.12167968750002
44.94052734375009 4.912011718750023
44.91162109375006 4.899902343750043
44.63662109375008 4.915771484374986
44.36953125000002 4.931201171875017
44.028125 4.95097656249996
43.98886718750009 4.950537109374963
43.88945312499999 4.93076171875002
43.82919921875009 4.911425781249989
43.58349609375 4.854980468750043
43.53828125000007 4.840332031249986
43.333984375 4.750390625000051
43.12568359375001 4.644482421875054
43.01601562500002 4.563330078125034
42.930957031250045 4.445312499999972
42.89472656250001 4.361083984375043
42.85664062500001 4.32421875
42.79160156250009 4.2919921875
42.35517578125007 4.21225585937502
42.22841796875008 4.201660156249986
42.02412109375001 4.137939453124972
41.91533203124999 4.031298828125003
41.88398437500007 3.977734375000026
41.737695312500136 3.979052734375017
41.48193359375006 3.96328125
41.372460937500136 3.946191406249994
41.31894531250009 3.943066406249969
41.22089843750007 3.943554687499983
41.140429687500045 3.962988281250034
41.087207031250045 3.991943359374986
41.02080078124999 4.057470703125006
40.872656250000034 4.190332031249994
40.76523437500009 4.273046874999963
40.528710937500136 4.17763671874998
40.316015625000034 4.082714843749997
40.014160156250114 3.947949218749997
39.842187500000136 3.851464843749966
39.79033203125016 3.754248046874963
39.65751953124999 3.577832031249997
39.538867187500045 3.469189453124969
39.4944335937501 3.456103515624974
39.22548828125008 3.478759765624972
39.12832031250002 3.500878906250037
38.9677734375 3.520605468749963
38.75273437500016 3.558984374999966
38.608007812500034 3.60009765625
38.45156250000008 3.604833984374991
38.22529296875018 3.618994140625034
38.08613281250007 3.64882812499998
37.944921875000034 3.746728515625023
37.762890625000125 3.86464843749998
37.575488281250045 3.9859375
37.38251953125007 4.110839843750043
37.154589843750045 4.254541015625009
36.90556640625016 4.411474609375006
36.84824218750009 4.427343750000048
36.82363281250008 4.430126953124997
36.55302734374999 4.437255859375028
36.271875 4.444726562500037
36.081933593750136 4.449707031249986
36.02197265625 4.468115234375006
35.97871093750007 4.503808593749994
35.919824218750136 4.619824218749997
35.845605468750136 4.70263671875
35.76308593750002 4.808007812499966
35.75615234374999 4.950488281250045
35.779296875000114 5.10556640625002
35.800292968750114 5.156933593749997
35.788476562500136 5.208105468750034
35.79140625000008 5.278564453125
35.745019531250136 5.343994140625014
35.46865234375008 5.419091796875037
35.42402343750001 5.41328125
35.37792968750006 5.385156250000051
35.32529296875009 5.364892578125009
35.287597656250114 5.384082031250003
35.26464843750006 5.412060546875026
35.26386718750007 5.457910156250037
35.268359375000045 5.49228515625002
35.25244140625006 5.511035156250017
35.16445312500008 5.581201171875023
35.08193359375008 5.673144531250003
35.03193359375001 5.774902343750043
34.98359375000001 5.85830078124998
34.95898437500006 6.045068359375023
34.89785156250002 6.159814453125037
34.83808593750001 6.30014648437502
34.74921875000007 6.567871093750028
34.71064453125001 6.660302734375037
34.63876953125009 6.722167968750028
34.56279296874999 6.77983398437496
34.484375 6.89838867187504
34.27929687500006 7.002832031250009
34.20039062500007 7.084570312499963
34.064257812500045 7.225732421875037
34.03017578125002 7.296972656249977
34.02041015625008 7.36796875
33.97792968750002 7.434570312500028
33.902441406250034 7.509521484375028
33.66611328125009 7.670996093749977
33.60097656250008 7.690429687500028
33.51630859375007 7.707763671875
33.39228515625001 7.723730468749963
33.22597656250002 7.760644531250023
33.08076171875001 7.82373046875
33.0146484375 7.86855468749998
32.99892578125008 7.899511718749991
33.01259765625002 7.951513671875006
33.06523437499999 8.040478515625011
33.16523437500001 8.25107421875002
33.23427734375002 8.396386718750051
33.28105468749999 8.437255859375028
33.409375 8.447753906250028
33.54531250000008 8.443408203125031
33.644824218750045 8.432568359375054
33.78505859375008 8.431103515625011
33.95332031250007 8.443505859374966
34.01972656250001 8.492089843750009
34.07275390625 8.545263671875006
34.09453124999999 8.582226562499983
34.10175781250001 8.676367187499977
34.1015625 8.751855468749994
34.09101562500007 9.041259765624972
34.08457031250009 9.218505859375028
34.0771484375 9.420996093749977
34.078125 9.461523437499977
34.07929687500007 9.513476562499989
34.12031250000001 9.729687499999983
34.15908203125008 9.853417968749966
34.18525390625007 9.918554687500006
34.29150390625006 10.124755859375
34.31123046875007 10.190869140624969
34.31484375000002 10.2515625
34.275683593750045 10.528125
34.34394531250007 10.658642578124969
34.431445312500045 10.787841796875
34.50800781250001 10.84287109375002
34.571875 10.880175781249974
34.60175781250001 10.864550781249989
34.675 10.804931640625014
34.77128906249999 10.746191406250034
34.81621093749999 10.759179687500023
34.88232421875 10.810546875
34.931445312500045 10.864794921875045
34.924902343750034 10.962109374999969
34.96914062500008 11.161767578124966
34.96074218749999 11.276757812500037
35.00791015625009 11.419873046874969
35.059667968750034 11.621044921875011
35.08271484375001 11.748291015625
35.1123046875 11.816552734374966
35.25244140625006 11.957031249999986
35.37275390625007 12.155566406250017
35.44960937500008 12.300585937499989
35.59609375000008 12.537304687499983
35.67021484374999 12.623730468750011
35.730566406250034 12.661035156249966
35.82060546874999 12.684863281250031
35.98759765624999 12.706298828125043
36.10751953125009 12.72646484374998
36.12519531250007 12.757031249999983
36.13535156250009 12.805322265624966
36.13710937500008 12.911132812500028
36.16015625 13.093310546875017
36.212207031250045 13.27109375
36.27353515625009 13.405761718749986
36.30683593750001 13.466845703125003
36.34628906250009 13.526269531250023
36.390625 13.62607421875002
36.44707031249999 13.842041015625057
36.44394531250009 13.988427734375037
36.52431640625002 14.2568359375
36.542382812500136 14.258203125
36.67910156250002 14.30756835937504
36.81191406250008 14.315039062500048
36.940722656250045 14.280566406250045
37.024511718750034 14.271972656249972
37.0634765625 14.28925781250004
37.099414062500045 14.333984375
37.132617187500045 14.406054687500031
37.18515625000009 14.445996093749997
37.257226562500136 14.45375976562498
37.35371093750007 14.372460937500023
37.50722656250008 14.156396484374966
37.546777343750136 14.143847656249989
37.571191406250136 14.14907226562498
37.64843750000006 14.322558593749974
37.70839843750002 14.457226562499969
37.8203125 14.70849609375
37.884179687500136 14.852294921874986
37.943457031250034 14.810546875000014
38.00253906250009 14.73710937500006
38.069921875000034 14.702734374999977
38.14199218750008 14.681494140625006
38.17705078124999 14.678808593749991
38.22148437499999 14.649658203125
38.37695312500006 14.470410156249997
38.43144531250016 14.428613281250009
38.50439453125 14.424414062500034
38.81201171875006 14.482324218750023
38.99570312500009 14.586865234374997
39.023828125000136 14.628222656249989
39.074218750000114 14.628222656249989
39.13544921875001 14.581884765624963
39.158593750000136 14.5375
39.19804687499999 14.479394531250051
39.270117187500034 14.470312499999977
39.44609374999999 14.511865234374994
39.531835937500034 14.53671875
39.60488281250002 14.516064453124969
39.69794921875007 14.499023437500043
39.75615234374999 14.499023437500043
39.89511718750009 14.440673828124972
40.06210937500009 14.459130859375009
40.140625000000114 14.4560546875
40.22148437500016 14.431152343749986
40.353125 14.33808593750004
40.524414062500114 14.225195312500034
40.76953125000006 14.144482421875026
40.820117187500045 14.111669921875006
40.938574218750034 13.983105468750011
41.12236328124999 13.73613281250006
41.362890625000034 13.499804687500045
41.625 13.313232421875057
41.76503906250002 13.183935546875006
41.85957031250007 13.025878906250043
41.952148437500114 12.882324218750014
42.04658203125018 12.820605468749974
42.134277343750114 12.771435546874983
42.225 12.661962890624977
42.28994140625002 12.570214843750023
42.378515625000034 12.46640625000002

