-59.74658203125003 -52.25087890624999
-59.76445312499993 -52.2421875
-59.78486328125001 -52.2046875
-59.7859375 -52.15615234374996
-59.79331054687495 -52.134179687500016
-59.75322265624996 -52.141406249999974
-59.681005859375006 -52.18007812500004
-59.68266601562499 -52.231640624999976

-58.43271484374998 -52.09902343749996
-58.512841796874966 -52.07109375000004
-58.54140625 -52.02841796875005
-58.49707031250003 -51.9994140625
-58.46054687499995 -52.0015625
-58.43881835937498 -52.01103515625006

-60.94726562499994 -51.79951171875005
-60.8759765625 -51.79423828125004
-60.91616210937502 -51.89697265625001
-60.94755859375002 -51.946289062500014
-61.03198242187497 -51.94248046875004
-61.11577148437499 -51.87529296875003
-61.14501953125 -51.83945312500001
-61.051660156249994 -51.81396484374997
-61.01875 -51.78574218749999

-60.141552734374955 -51.480957031249986
-60.008691406249966 -51.41054687500003
-59.91708984374995 -51.38808593749998
-59.84160156249993 -51.40332031249998
-59.788427734375034 -51.445996093750054
-59.711328124999966 -51.43925781250002
-59.49345703124999 -51.395703125000026
-59.46508789062497 -51.41054687500003
-59.387597656249994 -51.35996093750003
-59.32084960937499 -51.383593750000045
-59.26806640624997 -51.427539062500024
-59.2939453125 -51.47851562500002
-59.354199218749955 -51.510937500000054
-59.392431640625006 -51.55615234375003
-59.43701171875003 -51.59267578125001
-59.51420898437493 -51.626562499999984
-59.57319335937498 -51.68085937500003
-59.71489257812496 -51.80771484375003
-59.92138671875003 -51.969531250000045
-59.98974609375 -51.98408203124999
-60.13227539062501 -51.993847656250026
-60.19375 -51.982714843749974
-60.24633789062497 -51.98642578125002
-60.28828124999998 -52.07373046875004
-60.353466796874955 -52.13994140625003
-60.38422851562501 -52.154003906250054
-60.452001953125034 -52.16025390625
-60.48408203125001 -52.1703125
-60.50839843749998 -52.1947265625
-60.686376953125006 -52.18837890624995
-60.81220703124998 -52.147753906250024
-60.96142578125 -52.05732421874999
-60.7625 -51.946484375000054
-60.59106445312494 -51.95156250000002
-60.44975585937493 -51.877148437500054
-60.33447265625 -51.83955078125003
-60.28867187499998 -51.80126953124996
-60.23847656249998 -51.77197265625003
-60.23813476562498 -51.73378906249998
-60.276513671874994 -51.71660156250003
-60.32832031249998 -51.718359375000034
-60.379589843749955 -51.73515624999999
-60.50009765624998 -51.75654296875
-60.58251953124997 -51.71269531250003
-60.528076171875 -51.69638671875
-60.467236328124955 -51.69716796874998
-60.28095703125001 -51.65605468750004
-60.24516601562499 -51.638867187500004
-60.302636718749994 -51.58046875
-60.41494140624994 -51.54501953124998
-60.50581054687498 -51.48544921875001
-60.52275390624999 -51.46318359375
-60.518261718749955 -51.42783203125
-60.56845703124995 -51.35781250000003
-60.51572265624998 -51.354296875000024
-60.44545898437494 -51.39941406249998
-60.286230468750006 -51.461914062500014

-60.24882812499996 -51.39599609374999
-60.27587890624994 -51.36318359374997
-60.275341796874926 -51.28056640625002
-60.17138671874997 -51.273437499999986
-60.06982421874997 -51.30791015624999
-60.07646484375002 -51.34257812500004
-60.11171875 -51.39589843749997

-58.697509765625 -51.328515625000016
-58.50625 -51.30810546875003
-58.42583007812499 -51.32421875000003
-58.37871093749999 -51.37304687500003
-58.40673828125 -51.41835937500002
-58.46743164062502 -51.41181640625002
-58.51923828125001 -51.42392578125
-58.508935546874966 -51.48359375
-58.47373046874998 -51.50908203125003
-58.271582031250006 -51.574707031249986
-58.234521484374994 -51.578613281249986
-58.24111328125002 -51.55107421875006
-58.27622070312498 -51.50605468750003
-58.28930664062497 -51.45751953125001
-58.25922851562498 -51.41708984375003
-58.206445312499966 -51.40468749999999
-57.976513671874926 -51.384375
-57.92250976562494 -51.40351562500002
-57.808496093749994 -51.51796874999997
-57.91542968750002 -51.5337890625
-57.96044921874994 -51.58320312500003
-57.866357421874966 -51.604589843750034
-57.79179687499996 -51.63613281249998
-57.83115234374998 -51.684570312499986
-57.83818359374999 -51.709179687500026
-58.00395507812502 -51.743457031249996
-58.15092773437493 -51.76542968750003
-58.217626953125034 -51.82246093750001
-58.33598632812499 -51.86376953124999
-58.683496093749994 -51.93623046875001
-58.64306640625003 -51.99482421875005
-58.6376953125 -52.02304687500002
-58.652783203124955 -52.09921875
-59.13125 -52.00791015625005
-59.19584960937502 -52.01767578124999
-59.068017578124994 -52.173046875000026
-59.162792968749926 -52.20175781250001
-59.25634765625 -52.183105468750036
-59.341503906249926 -52.19599609375
-59.39565429687494 -52.30800781249999
-59.53222656249997 -52.23642578124997
-59.64873046874999 -52.134375
-59.649169921875 -52.07724609375005
-59.53666992187499 -51.970605468749994
-59.57080078125003 -51.92539062500002
-59.308740234374994 -51.78046874999998
-59.26176757812493 -51.737304687499986
-59.18002929687498 -51.7125
-59.09541015624998 -51.70410156249997
-59.059521484374955 -51.68544921874999
-59.06538085937498 -51.6501953125
-59.099462890625006 -51.58974609375003
-59.096630859374955 -51.49140624999998
-58.88666992187498 -51.357910156249964
-58.91748046874997 -51.27207031249997
-58.850195312500034 -51.26992187499998

