-6.679687499999972 61.414306640625
-6.703027343750023 61.41767578124998
-6.7705078125 61.452246093750006
-6.888134765624983 61.534765625000034
-6.929248046874989 61.602929687499966
-6.934863281249989 61.634326171875074
-6.905908203124966 61.630810546874955
-6.881640624999989 61.60278320312503
-6.770019531249972 61.584375
-6.740625 61.57050781250004
-6.741064453124949 61.536376953125
-6.703515624999937 61.495947265625034
-6.699462890625 61.444628906250045

-6.642773437499983 61.768310546875
-6.670166015624972 61.76865234374998
-6.764257812499949 61.815332031249994
-6.839160156249932 61.84077148437501
-6.863964843749926 61.862255859374955
-6.884765625 61.89912109375001
-6.841796874999943 61.903710937499966
-6.790771484374943 61.895361328125034
-6.662109375000028 61.861767578124955
-6.62583007812492 61.82670898437499
-6.623193359374994 61.805957031250045

-7.097119140625011 62.10053710937501
-7.065185546874972 62.07324218750003
-7.11679687499992 62.04682617187498
-7.179394531249983 62.04003906250003
-7.254931640625017 62.04614257812503
-7.379101562499983 62.074804687500006
-7.422607421874972 62.14028320312502
-7.336767578124977 62.13867187500006
-7.235302734375011 62.151220703125034
-7.186865234375006 62.139306640624994

-6.655810546874989 62.093603515625006
-6.696435546874994 62.09433593749998
-6.76889648437492 62.131494140624994
-6.823437499999926 62.139111328124955
-6.840527343749955 62.119287109374994
-6.837695312499989 62.09541015625004
-6.809472656249937 62.080419921875006
-6.722558593749994 61.99038085937502
-6.714404296874932 61.96416015625002
-6.725195312500006 61.95146484375002
-6.809716796874994 61.977441406249966
-7.013574218749937 62.093994140625
-7.172167968749932 62.285595703124955
-6.958642578124937 62.31625976562498
-6.803662109374983 62.265966796875034
-6.631054687500011 62.227880859375006

-6.453857421874972 62.18652343750003
-6.524707031250017 62.197851562500034
-6.544140624999983 62.20561523437502
-6.559472656249994 62.22451171875005
-6.552050781249989 62.278125
-6.554589843749966 62.35566406250001
-6.473046874999966 62.291894531249994
-6.406054687499989 62.25864257812498

