162.99345703125 5.277246093749994
162.9298828125 5.30078125
162.92109375 5.317919921875031
162.958203125 5.33500976562496
162.98320312500016 5.325732421875017

158.25654296875018 6.791015625000014
158.1833984375 6.801269531249972
158.16083984375 6.882812499999986
158.12763671875018 6.904638671874991
158.13476562499994 6.94482421875
158.1861328125002 6.97773437500004
158.29462890625 6.951074218750037
158.3349609375 6.893164062499963
158.309375 6.854638671875009
158.31484375000014 6.813671875000011

151.63945312500016 7.333007812500043
151.57832031250007 7.338085937500011
151.56972656249997 7.345507812500003
151.57509765625002 7.351318359375043
151.604296875 7.357226562500003
151.60781250000014 7.375390624999966
151.5928710937501 7.379248046874949
151.6056640625 7.388720703125017
151.6294921875001 7.390429687500017
151.64326171875007 7.379248046874949
151.6504882812502 7.362841796874989
151.64775390625016 7.346191406249972

151.86425781249994 7.426757812500043
151.85595703124994 7.431787109374994
151.85996093750003 7.457373046874977
151.8653320312501 7.466162109374991
151.8818359375 7.467089843750003
151.91054687500014 7.460156250000011
151.9125976562501 7.453857421874972
151.8814453125001 7.432031249999966

138.06708984375018 9.41904296875002
138.06191406250002 9.445751953124955
138.0850585937502 9.494580078124955
138.11689453125 9.550195312500009
138.1469726562501 9.583593749999977
138.18583984375005 9.593310546875003
138.21357421875018 9.54721679687502
138.18251953124997 9.507373046874989
138.1426757812502 9.500683593749955

