174.62187500000016 -21.70585937499999
174.59296874999995 -21.702343749999983
174.58720703125022 -21.68007812499998
174.60419921875013 -21.667480468749986
174.62773437499993 -21.675976562500026
174.62968750000016 -21.695019531249997

-178.709521484375 -20.670507812500006
-178.71494140625003 -20.67031250000005
-178.723095703125 -20.666796875000045
-178.72910156249998 -20.66015625000003
-178.73056640625003 -20.652832031250043
-178.72753906250003 -20.645214843749997
-178.72456054687504 -20.64570312500001
-178.719189453125 -20.65234375000003
-178.71420898437498 -20.659765625000034
-178.71162109374998 -20.667773437499974

-178.54633789062498 -19.175
-178.57373046874994 -19.16494140625005
-178.59594726562494 -19.151367187500043
-178.598681640625 -19.13710937499998
-178.589306640625 -19.118847656249983
-178.56767578124996 -19.109277343749994
-178.55668945312496 -19.11298828125004
-178.56298828125 -19.11875
-178.576171875 -19.12519531250004
-178.57407226562503 -19.143164062499963
-178.55712890625006 -19.154101562499974
-178.540625 -19.15703125000003
-178.535107421875 -19.166015625

178.48769531250014 -19.017089843750043
178.3589843750002 -19.045605468749983
178.31562500000024 -19.01015625000005
178.2879882812499 -19.003710937499974
178.21132812500014 -19.066503906249977
178.18916015625024 -19.092285156249986
178.18183593749995 -19.111718750000037
178.16210937500006 -19.12148437499999
178.02080078125022 -19.151660156250003
177.95869140625018 -19.121582031250014
178.00078125000022 -19.10107421875
178.05195312500018 -19.06015625000002
178.10410156250015 -19.066210937500003
178.1566406250002 -19.02792968750002
178.20839843750008 -18.96962890625005
178.28222656250017 -18.95703124999997
178.3342773437501 -18.934472656249994
178.42031250000008 -18.950781250000034
178.48789062500015 -18.974121093749986

-179.797607421875 -18.969824218750006
-179.81245117187498 -18.968164062500023
-179.83022460937497 -18.95556640625003
-179.83935546874997 -18.96171875000003
-179.8455078125 -18.97080078125002
-179.84858398437498 -18.99130859375002
-179.85122070312497 -19.0029296875
-179.86503906249996 -18.998730468750026
-179.86733398437497 -18.97841796874998
-179.86279296875003 -18.964160156250003
-179.85620117187503 -18.94326171875001
-179.83110351562496 -18.924218750000037
-179.799853515625 -18.940332031250037

-178.7736328125 -18.252441406249957
-178.82734375 -18.22216796875
-178.84790039062503 -18.202050781249994
-178.79086914062498 -18.18632812499999
-178.7630859375 -18.191406249999957
-178.7619140625 -18.23388671875

179.3404296875001 -18.110449218749977
179.25351562500015 -18.03056640624996
179.2564453125002 -17.999023437500014
179.27177734375016 -17.97070312500003
179.3064453125001 -17.94404296875001
179.3378906250001 -17.989550781250045
179.36240234375015 -18.065234375
179.34931640625013 -18.102343750000017

-179.01840820312503 -17.991796874999963
-179.03920898437502 -17.988378906249977
-179.06381835937498 -17.97236328125001
-179.07900390624997 -17.94414062500003
-179.04760742187494 -17.920410156249986
-178.99912109375003 -17.947363281249977
-178.9880859375 -17.97666015624999

-178.30683593750004 -17.963281250000023
-178.3572265625 -17.9208984375
-178.32539062499998 -17.875781250000045
-178.28032226562496 -17.886425781249997
-178.25458984375004 -17.92998046874999
-178.25112304687497 -17.952734375

178.77607421875024 -17.746777343750054
178.74765625000015 -17.685742187500054
178.78710937500017 -17.624414062499994
178.83105468750006 -17.61884765625001
178.85253906250017 -17.68125
178.82753906250008 -17.729003906249986

178.28017578125014 -17.41621093750004
178.30947265625002 -17.43535156250003
178.33857421875013 -17.438476562500043
178.4109375000001 -17.523046875000034
178.52324218750005 -17.595800781250034
178.59160156250016 -17.651464843750006
178.5957031250001 -17.699023437500003
178.57490234375013 -17.749316406250045
178.60380859375016 -17.83935546875
178.61787109375018 -17.932812500000026
178.66767578125018 -18.08085937499999
178.59736328125024 -18.108984375000034
178.48671875000008 -18.1123046875
178.46113281250018 -18.138964843750017
178.42343750000015 -18.12421875000004
178.3315429687501 -18.13525390624997
178.24375000000015 -18.183984375000037
178.16015625000017 -18.250195312500026
178.0639648437501 -18.25039062499998
177.95546875000002 -18.2640625
177.84707031250014 -18.254882812500014
177.7708007812501 -18.21953125
177.63642578125024 -18.18105468749998
177.45732421875016 -18.148242187500045
177.38320312500014 -18.120703125000034
177.3213867187502 -18.077539062500023
177.2634765625001 -17.96865234375005
177.2548828125001 -17.914941406250037
177.26396484375022 -17.863476562500026
177.3163085937502 -17.846093750000037
177.3601562500001 -17.820019531250054
177.36640625000013 -17.786035156249966
177.38574218750017 -17.76230468750002
177.41093749999993 -17.753710937500045
177.42324218750014 -17.737304687499986
177.4055664062501 -17.68212890625003
177.40068359375016 -17.631640625000045
177.5044921875002 -17.53955078125003
177.61796875000022 -17.46103515625002
177.81796875000026 -17.388476562499974
177.94023437500016 -17.395117187500006
178.12763671875013 -17.339257812499994
178.18759765625026 -17.31298828124997
178.24716796875015 -17.329101562499957
178.28017578125014 -17.371972656249994

179.38896484375022 -17.393847656250003
179.3731445312502 -17.256152343750017
179.40761718750014 -17.25732421875
179.43281250000013 -17.271582031249963
179.4471679687502 -17.30625
179.4223632812501 -17.366796875

-178.98183593749997 -17.30703125
-179.00390625000003 -17.294921875000014
-178.975537109375 -17.2375
-178.971484375 -17.21269531249996
-179.01494140624996 -17.182421875000017
-179.01767578124998 -17.161328124999983
-179.005029296875 -17.148339843749994
-178.95283203125 -17.182031250000023
-178.92114257812503 -17.20839843749998
-178.91484375 -17.223046875000023
-178.92456054687503 -17.248632812500006
-178.95649414062504 -17.27285156250005

177.18281250000018 -17.16386718749996
177.21015625000024 -17.084277343750003
177.23925781250017 -17.059375
177.25751953125013 -17.05419921875
177.28740234375016 -17.048632812500017
177.27578125000014 -17.104882812500023
177.23417968750016 -17.147070312500006

179.9258789062502 -17.00029296875003
179.89697265625017 -16.964062500000026
179.93095703125016 -16.875976562500014
180.00000000000017 -16.78574218750002
179.99921875000018 -16.85878906249998
180.00000000000017 -16.963085937499997

-180 -16.962988281249977
-180 -16.90781250000002
-179.999951171875 -16.85878906249998
-180 -16.824316406249977
-180 -16.78554687499998
-179.893603515625 -16.70039062500004
-179.86098632812502 -16.688281249999974
-179.82231445312496 -16.76533203125004
-179.86777343749998 -16.850292968750026
-179.97490234374996 -16.924804687500014

179.98720703125008 -16.541210937500026
179.9846679687501 -16.52216796874997
180.00000000000017 -16.48886718750002
180.00000000000017 -16.54003906249997

-179.999951171875 -16.54003906249997
-179.999951171875 -16.48886718750002
-179.94365234375 -16.441406250000043
-179.900927734375 -16.43154296874998
-179.92734375000003 -16.47910156249999
-179.92944335937503 -16.502832031250023

179.8482421875002 -16.301660156249994
179.79384765625014 -16.370312500000026
179.7481445312502 -16.44628906249997
179.61914062500006 -16.527734375000037
179.56416015625024 -16.636914062499983
179.56816406250016 -16.747460937500037
179.6970703125001 -16.631933593750034
179.84101562500013 -16.5375
179.88496093750018 -16.51845703125001
179.93037109375024 -16.519433593750037
179.92656250000016 -16.551660156250023
179.90595703125024 -16.58359375000005
179.8900390625002 -16.666992187499986
179.92792968750024 -16.744433593750045
179.8208007812501 -16.73691406250002
179.71474609375014 -16.743554687500037
179.5889648437501 -16.78701171875001
179.46542968749998 -16.80605468749998
179.4193359375002 -16.806542968749994
179.375 -16.791992187499957
179.34599609375016 -16.76972656250004
179.3233398437502 -16.718066406250003
179.30048828125013 -16.710351562500023
179.20234375000024 -16.712695312499974
179.05546875000016 -16.813574218750006
179.00683593750017 -16.900195312499974
178.95039062500024 -16.90400390625004
178.88369140625014 -16.88603515625003
178.80292968750018 -16.9521484375
178.70664062500015 -16.976171875
178.66503906250017 -16.92001953125002
178.6380859375002 -16.851269531250054
178.60371093750013 -16.80058593750003
178.49746093750014 -16.787890625000017
178.51376953125026 -16.72607421875003
178.54199218750017 -16.700488281249974
178.56777343750008 -16.663867187499974
178.5835937500001 -16.621875
178.6342773437501 -16.64853515625005
178.6863281250001 -16.665625
178.7445312500002 -16.63417968750005
178.80507812500014 -16.631445312500034
178.86572265625006 -16.54003906249997
178.96054687500015 -16.482812500000037
179.0914062500002 -16.4375
179.2246093750001 -16.405175781250023
179.29355468750015 -16.398632812500026
179.35917968750022 -16.37988281250003
179.47509765625017 -16.294140625000054
179.55175781250017 -16.24990234375001
179.6352539062501 -16.223242187500006
179.71503906250024 -16.20761718750002
179.78886718750016 -16.221484375
179.84814453125017 -16.214257812500037
180.00000000000017 -16.152929687499977
179.99921875000018 -16.16855468750005

-180 -16.16826171874999
-180 -16.15605468749999
-180 -16.152929687499977
-179.969384765625 -16.126074218750006
-179.944580078125 -16.126074218750006
-179.95615234375003 -16.149218750000017

177.0824218750002 -12.515625
177.0193359375001 -12.507324218749957
177.00625 -12.491113281250037
177.0263671875001 -12.4875
177.06757812500018 -12.47695312499999
177.11806640625014 -12.482324218750023
177.12695312500017 -12.49287109375004
177.12148437500014 -12.505468750000034

