21.540625 60.09790039062506
21.486035156249983 60.12680664062498
21.506738281250023 60.14833984375002
21.567968749999977 60.17231445312501
21.634082031250045 60.168994140625045
21.648144531250068 60.140869140625
21.628320312500023 60.10781250000002

21.73310546875004 60.106152343749955
21.69501953125001 60.114355468750034
21.704785156250068 60.17231445312501
21.764257812500006 60.198828125
21.864355468750063 60.201806640624994
21.83320312500001 60.14052734375002

22.3017578125 60.34755859375002
22.35498046875 60.35585937500002
22.41552734375 60.303369140624994
22.31289062500005 60.26997070312501
22.305761718750006 60.22856445312502
22.346289062500006 60.20283203125001
22.360546875000068 60.165576171875074
22.25830078125003 60.165625
22.209375 60.19697265624998
22.188085937500006 60.23676757812501
22.140527343750023 60.26489257812506
22.07714843749997 60.28632812499998
22.10820312499999 60.31489257812501
22.12587890625005 60.35585937500002
22.175097656250045 60.37075195312502

21.921484375000063 60.332275390625
21.818652343750074 60.38183593749997
21.8056640625 60.401220703125034
21.845996093750045 60.412451171875006
21.81933593750003 60.45229492187502
21.827246093750034 60.46992187499998
21.906835937500006 60.43847656249997
21.950292968750063 60.401708984375034
21.907812500000034 60.39316406249998
21.979785156250045 60.35522460937497
21.994238281250063 60.33666992187503

21.436914062500023 60.483056640624994
21.36904296875005 60.48823242187498
21.3 60.479785156250045
21.24433593750004 60.525976562500034
21.21455078125001 60.603857421875006
21.224707031250034 60.62060546875003
21.26806640625 60.63828125
21.30126953125 60.595556640625006
21.45087890625001 60.529589843750074

21.22851562500003 63.22265625
21.287109375000057 63.22778320312497
21.366015625000045 63.261767578125045
21.421972656250006 63.24589843750002
21.415625 63.197363281250006
21.37763671875001 63.19921875000003
21.36718750000003 63.207226562499955
21.318457031250034 63.17949218749999
21.30976562500004 63.162695312500034
21.25341796875003 63.152001953124994
21.14931640625005 63.19946289062497
21.08388671875005 63.27753906249998
21.236328125 63.27773437500002
21.221777343750063 63.25913085937506
21.217773437500057 63.24130859374998

24.69892578125004 64.95781249999999
24.578613281250057 64.97856445312505
24.57656250000008 65.04287109375
24.65117187499999 65.07397460937503
24.786035156250023 65.08642578125
24.97060546875005 65.05532226562497
24.99755859375003 65.03872070312497
24.891796874999983 65.02626953125
24.848242187500006 64.99101562500002

28.269140625000063 69.87143554687498
28.411718750000063 69.82275390625
28.800390625000034 69.73149414062505
29.1416015625 69.67143554687499
29.333398437499966 69.47299804687498
29.23886718750009 69.39394531250002
29.19179687499999 69.36669921875
29.02490234375003 69.28798828125002
28.846289062500034 69.17690429687497
28.832617187500006 69.11899414062498
28.891894531250017 69.06059570312499
28.96582031249997 69.02197265625003
28.89892578125003 69.00966796875
28.692187500000017 68.96103515625003
28.566015625000063 68.92822265625
28.4140625 68.904150390625
28.45351562500005 68.87226562499998
28.70595703125005 68.86552734375002
28.744824218750068 68.85644531250006
28.772851562499994 68.84003906249998
28.777636718750017 68.81381835937498
28.752050781250034 68.77143554687495
28.479296875000074 68.53764648437502
28.470703125 68.48837890625003
28.56015625 68.35136718749999
28.68515625 68.18979492187503
29.062988281250057 68.11796875000005
29.34384765625009 68.061865234375
29.52421875000016 67.92910156250002
29.82158203125016 67.75400390624998
29.97919921875001 67.68857421874998
29.98808593750016 67.66826171875002
29.94121093749999 67.5474609375
29.75058593750009 67.42641601562502
29.572265625 67.32436523437502
29.387695312499943 67.20141601562503
29.24335937500001 67.09658203125
29.087011718750063 66.97094726562497
29.06904296875004 66.93022460937502
29.06621093749999 66.891748046875
29.093066406250045 66.84921875000003
29.29326171875016 66.69550781249998
29.371191406250034 66.61704101562498
29.464355468750114 66.53217773437501
29.544335937499966 66.439697265625
29.590722656250023 66.3568359375
29.670898437500114 66.276123046875
29.720703125000114 66.23486328125003
29.803515625000045 66.17705078125005
29.903417968750034 66.09106445312503
29.936621093750034 66.02294921875
30.0875 65.7865234375
30.102734375000068 65.72626953124995
30.095312500000034 65.68168945312505
30.02900390625001 65.67070312500002
29.88261718750016 65.66362304687499
29.72392578125016 65.634375
29.715917968750034 65.62456054687502
29.81943359375009 65.56875
29.728027343750114 65.47343750000007
29.71484375 65.33696289062505
29.6171875 65.26533203124995
29.60800781250009 65.24868164062502
29.61240234375009 65.23476562500002
29.62968750000016 65.22387695312503
29.810546875000114 65.20473632812502
29.826171875000114 65.18530273437497
29.82695312499999 65.14506835937505
29.81083984374999 65.10791015625003
29.72001953125016 65.080322265625
29.622460937499966 65.03950195312495
29.600878906250045 65.00195312500003
29.604199218750182 64.96840820312502
29.6375 64.91176757812502
29.701660156249943 64.84575195312499
29.783203124999943 64.80429687499998
30.07285156250009 64.7650390625
30.110253906249966 64.73256835937502
30.12617187500001 64.68808593750003
30.120117187499943 64.64462890625006
29.985546875000182 64.55771484375003
29.986621093750045 64.52426757812503
30.041894531250023 64.443359375
30.108105468750182 64.36611328124997
30.390625 64.28242187499998
30.48789062500009 64.23652343749995
30.513769531250034 64.2
30.52792968750009 64.14111328124997
30.526074218750068 64.07729492187502
30.50390625 64.02060546875003
30.41533203125016 63.94750976562497
30.21025390624999 63.80332031249998
30.00410156250001 63.74731445312503
29.991503906250045 63.735156250000045
30.055371093750182 63.689013671875045
30.41855468750009 63.50405273437502
30.6552734375 63.41748046874997
30.974804687500182 63.30063476562498
31.180859375000068 63.20830078124999
31.247460937500136 63.141894531250074
31.33671874999999 63.06806640625004
31.437011718750114 63.007714843749994
31.50927734375 62.95532226562497
31.536523437500136 62.92163085937503
31.53398437500016 62.88540039062502
31.43730468750016 62.77612304687497
31.38242187500009 62.691650390625
31.28564453125 62.56782226562498
31.186718750000182 62.48139648437498
30.93574218750001 62.32377929687502
30.565625 62.12758789062502
30.47968750000001 62.068212890625006
30.30644531250016 61.96484374999997
30.009960937500182 61.75737304687499
29.933203125000034 61.711572265624994
29.690136718750182 61.54609375000004
29.57939453124999 61.493457031250045
29.492382812500068 61.444238281249966
29.25166015625001 61.28779296874998
28.99296874999999 61.169042968750034
28.739062500000045 61.05874023437505
28.662890625000074 61.00283203125002
28.568164062500045 60.96020507812503
28.45507812500003 60.91962890625004
28.407421874999983 60.89692382812501
28.151953124999977 60.74584960937497
27.797656250000017 60.53613281249997
27.76162109375005 60.53286132812502
27.66933593750008 60.498974609374955
27.52509765625001 60.490771484375045
27.46240234375003 60.46484375000003
27.24189453125004 60.538671875000034
27.20527343750004 60.54345703125006
27.075585937499994 60.52514648437506
26.951171875000057 60.471484375000045
26.721484375000074 60.45507812499997
26.607421875 60.43769531249998
26.53466796875003 60.41289062499999
26.519726562499983 60.471582031249966
26.55117187499999 60.545996093750034
26.60175781250001 60.59560546875002
26.6064453125 60.62792968750003
26.56933593749997 60.624560546875045
26.49580078125001 60.551806640625045
26.45644531250008 60.46679687499997
26.377734375000017 60.42407226562497
26.204687500000034 60.40659179687506
26.03603515625005 60.47490234375002
25.95595703125008 60.47421874999998
26.00625 60.42529296875003
26.04023437500001 60.37158203125003
26.03583984375001 60.34150390625001
25.945898437500063 60.346777343750034
25.845800781250006 60.314599609374966
25.758007812500068 60.267529296874955
25.715429687500006 60.267431640625034
25.656445312500068 60.33320312500001
25.54824218750005 60.30249023437497
25.45576171875004 60.26123046875
25.267871093750045 60.248339843750045
25.155859375000063 60.194091796875
24.957617187499977 60.157470703125
24.848730468750006 60.15834960937502
24.60048828125005 60.1142578125
24.517968750000023 60.04628906250002
24.445605468750045 60.02128906249999
24.342578125000017 60.042333984375006
24.025195312500017 60.009179687499994
23.721777343750006 59.965673828125006
23.592675781249994 59.968164062499994
23.463574218749983 59.98623046875002
23.326757812500006 59.92578124999997
23.181445312500074 59.84492187500001
23.021289062500045 59.816015625
22.963867187500057 59.82636718749998
23.009765625 59.868798828124994
23.11572265625 59.91269531249998
23.1884765625 59.97221679687502
23.198437500000068 60.021826171875006
23.1484375 60.041308593750074
23.080175781250034 60.04726562500002
22.994140625 60.098535156249994
22.91171875 60.209716796875
22.86708984375005 60.2158203125
22.844433593750068 60.186621093750006
22.819140625000074 60.101367187500045
22.79345703124997 60.07680664062502
22.749804687500045 60.05727539062502
22.697363281250034 60.03759765625003
22.64619140625001 60.02802734375001
22.462695312500017 60.029199218749994
22.438574218750063 60.07226562499997
22.438574218750063 60.09028320312501
22.471093750000023 60.14697265625
22.442675781250017 60.156884765624994
22.46972656250003 60.201318359374966
22.512988281250045 60.19892578125001
22.564257812500017 60.20551757812504
22.589941406250006 60.22836914062498
22.587988281250034 60.255664062500045
22.516699218750006 60.262744140625045
22.512304687499977 60.281347656250034
22.575878906250068 60.359082031249955
22.584960937500057 60.38056640624998
22.560351562500017 60.385009765625
22.520507812500057 60.37656249999998
22.257910156250034 60.400927734375045
21.933984375000023 60.500292968750045
21.854296875000045 60.50541992187502
21.805273437500006 60.594140624999966
21.727148437500006 60.582910156249994
21.61328124999997 60.53095703124998
21.52783203124997 60.570410156250034
21.43603515625003 60.59638671874998
21.41064453125 60.636962890625
21.411914062500074 60.69682617187502
21.404003906250068 60.767431640625034
21.37890625 60.85004882812498
21.36054687500001 60.96748046875001
21.377734375000045 61.059228515624966
21.450976562500045 61.12714843750004
21.479101562500006 61.17050781249998
21.513476562500074 61.28120117187498
21.52119140625004 61.41083984375001
21.50175781249999 61.45498046875002
21.506640625000017 61.484326171874955
21.565039062500006 61.484326171874955
21.55234375 61.50952148437503
21.526660156250017 61.523291015625006
21.498242187499983 61.55195312499998
21.52246093750003 61.56713867187497
21.592382812499977 61.568212890625006
21.59804687500008 61.57788085937503
21.60595703125 61.59155273437497
21.551855468749977 61.666845703125034
21.54560546875004 61.70273437500006
21.470507812500017 61.81166992187505
21.384863281249977 61.91494140625002
21.255957031250006 61.989648437499966
21.30166015625008 62.11264648437498
21.35371093750004 62.22382812499998
21.343359375000063 62.277392578125074
21.323437499999983 62.34257812500002
21.165625 62.41406250000003
21.1421875 62.51479492187502
21.103613281250063 62.62294921875002
21.1181640625 62.689257812500045
21.14384765624999 62.73999023437497
21.19570312500008 62.79052734374997
21.45751953125003 62.95
21.473535156250023 63.033251953125045
21.650976562500006 63.03930664062503
21.568652343750045 63.11372070312501
21.54921875000008 63.155517578125
21.54511718750004 63.20429687499998
21.800390625 63.23769531250005
21.89570312500004 63.210253906250045
22.120312500000068 63.24414062500003
22.319726562500023 63.31044921875002
22.316210937500017 63.34565429687501
22.28554687500008 63.37719726562503
22.243261718750063 63.43793945312498
22.273242187500045 63.454785156249955
22.345996093750045 63.4423828125
22.312597656249977 63.47255859375002
22.318652343750074 63.50439453125003
22.398046874999977 63.49116210937498
22.527636718750017 63.579980468749966
22.532324218749977 63.64785156250002
22.75625 63.68334960937497
23.014453125000074 63.82182617187502
23.13359374999999 63.86494140625001
23.24873046875001 63.896142578124966
23.493945312500045 64.03447265625002
23.598925781250017 64.04091796875
23.652929687500006 64.13417968749997
23.861425781250034 64.25825195312504
23.92480468749997 64.27412109374998
24.022265625000045 64.38598632812503
24.27832031249997 64.515283203125
24.440625 64.68012695312501
24.530175781250023 64.73867187500002
24.55791015624999 64.80102539062503
24.65761718750005 64.80629882812505
24.74755859375 64.85209960937505
24.942187500000045 64.88403320312497
25.13427734375 64.87519531249995
25.21425781250005 64.85346679687495
25.288183593750006 64.86035156250003
25.28076171875 64.91640625
25.22802734375 64.95102539062503
25.271093749999977 64.98427734374997
25.372656249999977 65.00947265624995
25.3623046875 65.06513671875001
25.34023437500005 65.0986328125
25.255859375 65.14326171874995
25.29785156250003 65.24321289062505
25.307910156250017 65.35273437499998
25.347851562499983 65.479248046875
25.241796875000063 65.5462890625
24.839355468750057 65.66035156249995
24.764257812500034 65.65639648437502
24.674902343750034 65.67070312500002
24.58154296875003 65.75712890625005
24.623242187499983 65.83168945312505
24.628027343749977 65.85917968750005
24.591601562500017 65.85834960937495
24.532617187499994 65.82202148437503
24.404296875000057 65.78046874999998
24.2375 65.812353515625
24.155468749999983 65.80527343749998
24.049023437500068 65.98984375
23.99462890625 66.06035156249999
23.907324218750063 66.14824218750005
23.75146484375003 66.191162109375
23.720996093750017 66.21542968749998
23.700292968749977 66.25263671875001
23.69355468750004 66.30429687500003
23.673828125 66.38071289062498
23.68203125 66.44340820312505
23.701171875 66.48076171875002
23.76835937499999 66.50585937499997
23.865527343750074 66.57661132812501
23.885839843750034 66.62802734375
23.894140625000034 66.706884765625
23.938867187499994 66.77573242187498
23.988574218750017 66.81054687499997
23.97607421875003 66.838232421875
23.94179687500008 66.87783203125
23.86933593750004 66.93403320312498
23.75898437500004 67.00258789062502
23.67734375 67.06811523437506
23.641503906249994 67.12939453125
23.623046875000057 67.18413085937505
23.626074218750063 67.23393554687499
23.65664062500005 67.26782226562497
23.760937499999983 67.31049804687495
23.77490234375 67.32861328125
23.73359375000001 67.42290039062502
23.66083984375004 67.44003906249998
23.537109375000057 67.44916992187495
23.468066406250017 67.44995117187503
23.45488281249999 67.46025390624999
23.451464843750017 67.47919921874995
23.465429687500006 67.51787109375002
23.504492187500063 67.56215820312497
23.537011718750023 67.59038085937505
23.541308593750017 67.61430664062502
23.500195312499983 67.69619140625002
23.48779296875003 67.79658203124995
23.50185546875005 67.87519531249998
23.632910156250034 67.93320312499998
23.638867187499983 67.95439453125005
23.474218750000034 68.01733398437497
23.35546875 68.08867187500005
23.31855468750001 68.13032226562498
23.182519531250023 68.13662109375002
23.09785156250001 68.25756835937497
22.975390625000017 68.31645507812499
22.854101562499977 68.36733398437497
22.78242187500004 68.391015625
22.362109375000045 68.46406249999995
22.195117187500017 68.47797851562495
21.99746093750008 68.52060546875
21.850195312500006 68.57412109375
21.72402343750008 68.608544921875
21.61601562499999 68.6509765625
21.465429687500063 68.69067382812503
21.42236328124997 68.724609375
21.259765625 68.78745117187503
21.183398437500074 68.82880859375001
20.918554687500006 68.90693359375004
20.908984375000017 68.937744140625
20.907031250000074 68.96748046875001
20.895117187500034 68.97983398437503
20.622167968750034 69.03686523437503
20.675878906250063 69.06948242187502
20.889257812500006 69.07143554687497
21.065722656250074 69.04174804687497
21.104492187500057 69.05444335937497
21.127832031250023 69.080810546875
21.05263671875008 69.18657226562499
21.066113281250068 69.214111328125
21.14375 69.24726562499998
21.26679687500001 69.27368164062497
21.46123046874999 69.27749023437502
21.59375 69.27358398437502
21.62177734375001 69.27070312499998
21.819726562500023 69.15449218750001
21.98945312500004 69.04111328125
22.079687500000063 68.9927734375
22.300390624999977 68.85585937500002
22.382910156250006 68.77661132812503
22.410937500000045 68.71987304687502
22.50068359375001 68.72021484375
22.81103515625 68.6953125
23.07167968750008 68.67436523437499
23.144335937500045 68.642578125
23.324023437500074 68.64897460937505
23.4625 68.67763671875002
23.70703125000003 68.71386718750003
23.772558593750063 68.75839843749998
23.85400390625003 68.80590820312497
23.997363281250017 68.79843750000003
24.154101562500074 68.76088867187502
24.33203125 68.7115234375
24.490527343750045 68.68867187499998
24.703222656250034 68.65283203125003
24.802441406249983 68.60649414062502
24.941406250000057 68.59326171874997
25.08691406250003 68.63959960937501
25.172851562500057 68.76528320312502
25.249121093750034 68.82133789062499
25.35712890625001 68.86245117187502
25.48085937499999 68.880615234375
25.575292968750063 68.88715820312498
25.64667968750004 68.91914062500004
25.748339843750045 68.99013671875002
25.768164062500006 69.07612304687495
25.748632812500034 69.23144531249997
25.767187499999977 69.28266601562501
25.850195312500006 69.36650390625005
25.961523437500063 69.588623046875
26.011523437500017 69.65263671874999
26.07246093750001 69.691552734375
26.156152343749994 69.714697265625
26.308203124999977 69.78193359374995
26.525390625 69.91503906249997
26.58427734374999 69.92631835937505
26.74023437499997 69.93305664062501
26.934277343749983 69.928125
27.10869140624999 69.9046875
27.127539062500006 69.906494140625
27.205664062500034 69.918701171875
27.34804687500008 69.96005859375
27.59169921875008 70.04223632812503
27.74785156249999 70.06484375000002
27.88994140624999 70.061669921875
28.04726562500008 69.97167968749997

