55.65615234375002 -21.369042968750023
55.557617187500114 -21.358300781249966
55.362695312499966 -21.27363281250004
55.31035156250016 -21.217382812500034
55.23281250000002 -21.058398437499974
55.250000000000114 -21.00244140625003
55.31132812499999 -20.90410156249999
55.450488281250045 -20.865136718750037
55.59648437499999 -20.879589843750054
55.661914062500045 -20.90625
55.739160156250136 -21.021484375
55.83906250000007 -21.138574218749966
55.82246093750007 -21.27783203125
55.79736328125 -21.339355468750014

45.11757812500002 -12.98496093750002
45.087695312500045 -12.958496093750043
45.069433593750034 -12.89560546875002
45.088281249999966 -12.835058593750034
45.09355468750016 -12.786132812500014
45.04257812500009 -12.701269531250034
45.092382812500034 -12.653027343749983
45.13476562499994 -12.709179687500054
45.158789062500034 -12.712988281250034
45.223144531250114 -12.752148437500011
45.20429687500018 -12.824316406249977
45.20859375000009 -12.847949218749989
45.17939453125018 -12.920214843749974
45.18027343750009 -12.976757812500026

-52.32460937500002 4.770898437499966
-52.219970703125 4.862792968750028
-52.05810546875 4.717382812499977
-52.01230468749998 4.64599609375
-51.96191406250003 4.514404296875014
-51.979345703125006 4.429882812500026
-52.00170898437494 4.386230468750014
-52.00292968750003 4.352294921875028
-51.95478515624998 4.399072265624966
-51.92768554687498 4.436132812499977
-51.91958007812502 4.524316406249994
-51.880273437499994 4.633740234374997
-51.827539062499994 4.63569335937504
-51.78564453125 4.570507812499997
-51.69863281250002 4.286816406250011
-51.66582031250002 4.228808593750017
-51.653271484374926 4.138769531249963
-51.65810546874994 4.09848632812502
-51.652539062499955 4.061279296874986
-51.68344726562495 4.039697265625037
-51.76708984375003 3.992675781250043
-51.805273437500006 3.929931640624957
-51.82749023437498 3.869580078125011
-51.879492187500006 3.828564453125011
-51.928906249999955 3.776953124999963
-51.9443359375 3.735107421874972
-51.990625 3.702001953124977
-51.99951171874994 3.646875
-52.116113281249994 3.452294921874994
-52.16259765624997 3.364697265624997
-52.22944335937498 3.271679687499969
-52.27124023437497 3.237109375000031
-52.32788085937497 3.181738281250034
-52.356640624999955 3.11772460937496
-52.356640624999955 3.051562499999974
-52.396386718749994 2.972216796874974
-52.418408203124926 2.903857421875003
-52.45585937500002 2.864160156249994
-52.5546875 2.647656250000026
-52.559472656249994 2.573144531250037
-52.5830078125 2.52890625
-52.65317382812498 2.425732421875026
-52.70063476562498 2.36367187499999
-52.783398437499955 2.317187500000031
-52.87041015625002 2.266650390625031
-52.903466796874994 2.211523437499991
-52.96484374999997 2.183544921874983
-53.009716796874955 2.181738281249963
-53.082275390625 2.201708984374946
-53.18007812499994 2.211328124999952
-53.22978515624996 2.204882812499974
-53.25219726562497 2.232275390624963
-53.285498046875006 2.295214843749989
-53.334423828124955 2.339746093750009
-53.36601562499999 2.324218750000043
-53.43183593749998 2.27944335937498
-53.50898437499998 2.253125
-53.56396484375 2.261914062499955
-53.68369140624995 2.292919921874969
-53.73471679687498 2.30854492187504
-53.750146484374994 2.335009765625017
-53.767773437499955 2.354833984374963
-53.79423828125002 2.345996093750031
-53.82954101562501 2.312939453124955
-53.876611328124994 2.278271484374997
-53.94643554687502 2.232568359375023
-54.089746093749994 2.150488281249991
-54.130078124999955 2.12104492187504
-54.167382812499994 2.137060546875006
-54.22797851562501 2.153320312500043
-54.293066406250034 2.154248046874955
-54.43310546874997 2.207519531249972
-54.515087890624955 2.245458984374977
-54.55048828124998 2.293066406249991
-54.591943359374994 2.313769531249946
-54.61625976562496 2.32675781250002
-54.60473632812503 2.335791015624991
-54.56840820312499 2.34257812499996
-54.5359375 2.343310546875017
-54.48554687499998 2.41611328125002
-54.40200195312502 2.461523437500034
-54.256738281249994 2.713720703124991
-54.195507812499955 2.817871093749972
-54.18808593749995 2.874853515625034
-54.17070312499996 2.993603515624983
-54.203125 3.138183593750043
-54.18803710937496 3.17875976562496
-54.06318359375001 3.353320312499989
-54.00957031250002 3.448535156250031
-54.00595703124998 3.530517578125028
-53.99047851562503 3.589550781249983
-54.00590820312496 3.62041015624996
-54.03422851562496 3.629394531250014
-54.08198242187501 3.70595703124998
-54.11279296874997 3.769433593750037
-54.19746093750001 3.83442382812504
-54.25551757812502 3.90107421875004
-54.350732421874966 4.054101562500037
-54.34213867187498 4.140039062500051
-54.36914062499997 4.170947265625031
-54.39838867187498 4.202490234374977
-54.396240234375 4.24140625
-54.41601562500003 4.337646484374986
-54.440673828125 4.428027343750003
-54.44960937499994 4.48500976562498
-54.42607421874996 4.583007812500057
-54.44023437499999 4.691992187499963
-54.47114257812498 4.749316406250003
-54.479687499999955 4.836523437500006
-54.47333984374998 4.914697265625037
-54.446875 4.95878906249996
-54.45219726562493 5.013476562500003
-54.33164062499998 5.187402343749994
-54.24018554687501 5.288232421875023
-54.15595703124998 5.358984375000048
-54.08530273437498 5.411816406249969
-53.989599609375034 5.676025390624972
-53.91992187499994 5.768994140624997
-53.84716796874997 5.782226562500028
-53.45444335937498 5.563476562500043
-53.27036132812495 5.543261718750017
-52.89931640624994 5.425048828125
-52.764990234375034 5.273486328125031
-52.45395507812498 5.021337890625006
-52.29052734375 4.942187499999946
-52.288916015625034 4.876123046874994

-60.83662109374998 14.437402343750023
-60.86210937500002 14.426269531249972
-60.89941406249997 14.473779296874966
-61.06372070312497 14.467089843750031
-61.08886718750003 14.509570312499974
-61.09033203124997 14.5296875
-61.011328125000034 14.601904296874963
-61.10429687499996 14.621240234374994
-61.14111328125 14.652392578125031
-61.21972656249994 14.804394531249997
-61.21333007812498 14.848583984375026
-61.18081054687502 14.871923828124991
-61.127392578124955 14.87529296874996
-61.02709960937497 14.826171875
-60.952539062499966 14.75625
-60.92714843750002 14.755175781250003
-60.91865234374998 14.735351562499972
-60.933691406250034 14.68618164062498
-60.88916015625003 14.644531250000028
-60.869970703125006 14.613720703124969
-60.826269531250006 14.494482421875006

-61.286230468750006 15.886035156249989
-61.31074218750001 15.894677734374994
-61.31840820312499 15.954882812499989
-61.275292968749994 15.996240234374994
-61.25 16.006298828124983
-61.212353515624955 15.959912109374955
-61.20341796874999 15.921240234374977
-61.23046875 15.889941406249989

-61.67045898437493 15.962060546875023
-61.71025390624996 15.975927734375006
-61.75942382812494 16.06206054687499
-61.794091796874994 16.300976562499983
-61.76713867187502 16.340478515625023
-61.74804687500003 16.355273437500017
-61.641503906249994 16.325976562500017
-61.59702148437498 16.292187499999955
-61.552343750000034 16.270898437499994
-61.575048828125034 16.227148437500034
-61.563867187499994 16.047753906249994
-61.58955078124998 16.006933593750034

-61.44482421874997 16.219287109375045
-61.52216796875001 16.22802734375003
-61.53999023437501 16.299609375000045
-61.50058593749998 16.360205078124977
-61.52890624999998 16.433789062499955
-61.510644531249966 16.477685546875023
-61.47119140625003 16.506640625000045
-61.40644531249998 16.468310546875045
-61.396142578124994 16.413427734374977
-61.35546874999997 16.36318359375005
-61.17260742187503 16.256103515625
-61.32714843749997 16.230419921874983

9.454199218750063 42.65859375
9.473242187500034 42.615576171875006
9.509375 42.58559570312505
9.526171875000074 42.552636718749994
9.556445312500017 42.160937500000045
9.550683593749994 42.12973632812498
9.42841796875004 41.972412109375
9.400878906250028 41.92622070312501
9.394824218750045 41.73120117187497
9.374218750000011 41.678808593750034
9.330859375000074 41.62714843750001
9.253417968750028 41.46005859374998
9.186132812499977 41.38491210937502
9.003027343749977 41.47656249999997
8.89501953125 41.516162109375045
8.842089843750074 41.558886718750045
8.807519531250023 41.58837890625
8.82978515625004 41.62768554687503
8.879003906250034 41.668554687500006
8.886816406250034 41.70068359374997
8.770996093750057 41.73710937500002
8.717968750000011 41.76142578125001
8.718652343750051 41.80400390624996
8.758691406250023 41.87041015624999
8.74042968750004 41.925146484375034
8.673632812500017 41.92236328125
8.621875 41.93071289062502
8.615136718750023 41.959130859374966
8.653417968750006 41.99555664062501
8.702539062500051 42.04311523437502
8.700976562499989 42.095605468749966
8.641601562499972 42.118212890625045
8.587792968750023 42.16083984375001
8.566210937500074 42.21879882812502
8.607910156250057 42.258447265624994
8.67548828125004 42.28403320312498
8.62587890625008 42.343408203124994
8.592382812500006 42.3447265625
8.565625 42.35771484374999
8.5875 42.38530273437499
8.640039062500023 42.4265625
8.713085937500068 42.54975585937501
8.814843750000023 42.60791015624997
8.994921875000017 42.6453125
9.043652343750011 42.66166992187499
9.088378906250057 42.70498046875002
9.137890625000011 42.73291015625003
9.198046875000017 42.72919921874998
9.253515625000034 42.71245117187496
9.287695312499977 42.69462890624996
9.313378906250051 42.71318359375002
9.33837890625 42.76689453125002
9.323046875000074 42.814062500000034
9.330957031249994 42.94379882812501
9.36318359375008 43.01738281249999
9.41523437500004 43.02148437500003
9.463281250000051 42.98100585937496
9.46083984375008 42.94521484375002
9.478613281250063 42.860498046874994
9.48037109375008 42.80541992187497

-1.213574218749955 45.816601562499955
-1.280273437499972 45.89711914062502
-1.36870117187496 45.96767578125002
-1.388867187499983 46.032958984375
-1.388671875000028 46.05039062499998
-1.285058593749966 46.00268554687503
-1.178320312499977 45.90405273437503

2.839746093750051 50.711767578125006
2.862402343750063 50.71601562499998
2.921972656250034 50.72705078125
3.022851562500051 50.766894531250045
3.106835937500023 50.77944335937502
3.154882812500063 50.74892578125002
3.18203125000008 50.73168945312497
3.234960937500034 50.662939453125006
3.249804687500017 50.591162109375034
3.273339843750023 50.53154296874996
3.316210937500045 50.50737304687502
3.476953125000023 50.49946289062501
3.595410156250011 50.47734375000002
3.626757812499989 50.45732421875002
3.667285156249989 50.324804687500034
3.689355468750051 50.30605468750002
3.718847656250006 50.32167968750002
3.748046875 50.34350585937503
3.78857421875 50.34697265625002
3.85810546875004 50.33857421874998
3.949707031249972 50.3359375
4.04414062500004 50.321337890625045
4.174609375000045 50.246484374999966
4.169628906250011 50.221777343750006
4.144140625000063 50.178417968749955
4.135253906250028 50.143798828125
4.157714843749972 50.12988281250003
4.192187499999989 50.09414062500002
4.183886718750074 50.052832031250034
4.15029296875008 50.02387695312501
4.136816406249977 50
4.137011718750017 49.98447265624998
4.149316406250051 49.97158203125002
4.176074218749989 49.96025390625002
4.36875 49.944970703124994
4.545019531250006 49.96025390625002
4.656152343750023 50.00244140625
4.675097656250045 50.046875
4.706640625 50.097070312499994
4.77285156250008 50.13906250000002
4.818652343750074 50.15317382812498
4.860546874999983 50.135888671874994
4.790039062500028 49.95957031250006
4.841503906250011 49.91450195312501
4.849121093749972 49.847119140624955
4.86757812499999 49.78813476562502
4.930566406250051 49.78925781249998
5.006933593750063 49.77836914062499
5.061035156249972 49.75654296874998
5.124121093750034 49.72148437499996
5.215039062500011 49.68925781249996
5.278808593750028 49.677929687499955
5.30195312500004 49.65097656249998
5.353515624999972 49.61982421875001
5.434667968749977 49.55449218749996
5.507324218750057 49.51088867187502
5.54238281250008 49.51103515624999
5.610058593750011 49.52822265625002
5.710449218750028 49.53920898437502
5.78974609375004 49.53828125000001
5.82343750000004 49.50507812500001
5.901367187500028 49.48974609375
5.92890625000004 49.4775390625
5.959472656250057 49.454638671875045
6.011425781250068 49.44545898437502
6.074121093750051 49.454638671875045
6.119921875000074 49.485205078125034
6.18105468750008 49.498925781249994
6.2421875 49.494335937499955
6.277343749999972 49.4775390625
6.344335937500034 49.452734375
6.382226562500023 49.45815429687505
6.458105468750034 49.44287109375003
6.534277343750006 49.394677734374994
6.566308593750051 49.34619140624997
6.57470703125 49.31967773437498
6.60761718750004 49.29086914062498
6.735449218750063 49.16059570312498
6.776269531250023 49.154150390625006
6.820703125000023 49.173925781250034
6.849511718750023 49.20195312499999
6.891210937499977 49.20751953124997
6.958300781250074 49.19462890624999
7.001464843749972 49.17988281250001
7.022167968750011 49.123437499999966
7.036718750000063 49.112695312499994
7.065722656250017 49.124853515625006
7.117382812500068 49.127539062500006
7.199902343749983 49.113623046875006
7.313378906250023 49.129541015624966
7.404199218750051 49.15307617187497
7.45058593750008 49.15219726562498
7.525488281250063 49.08637695312498
7.610937500000063 49.06176757812503
7.799218750000051 49.041894531249966
8.001269531250017 49.010937499999955
8.080664062500006 48.98588867187502
8.134863281250034 48.97358398437498
8.140332031250011 48.88642578125001
8.124023437500057 48.873291015625
7.92275390625008 48.69853515625002
7.837988281250034 48.63603515624996
7.794824218750051 48.54682617187501
7.765136718750028 48.410009765625034
7.705664062500006 48.280029296875
7.616601562500051 48.15678710937496
7.58417968750004 48.064306640625034
7.608496093750006 48.002587890624966
7.593261718750028 47.90566406250002
7.538574218749972 47.773632812499955
7.529394531250063 47.67387695312499
7.565429687500028 47.606542968750034
7.615625 47.592724609374955
7.494921875000045 47.54736328125006
7.467382812500034 47.507666015625034
7.420019531250063 47.455175781250006
7.343164062500051 47.43310546875003
7.265722656249977 47.42578124999997
7.203125 47.43271484375006
7.167480468750057 47.45371093749998
7.169238281250045 47.473242187500034
7.136035156250045 47.48984375000006
7.053417968749983 47.489355468750034
6.968359375000063 47.45322265625006
6.900390625 47.39423828125004
6.921484375000034 47.361230468749966
6.984082031250068 47.35253906249997
7.000585937500063 47.33945312500006
7.000585937500063 47.32250976562497
6.978515625 47.30205078124999
6.952050781250023 47.26718749999998
6.820703125000023 47.163183593750034
6.688085937500006 47.058251953124966
6.666894531250023 47.026513671874994
6.624804687500074 47.00434570312501
6.45625 46.948339843750034
6.438574218750063 46.925878906250006
6.429003906250045 46.83227539062503
6.410156250000028 46.75541992187499
6.285156250000057 46.68305664062501
6.160742187500034 46.61103515624998
6.129687500000017 46.56699218749998
6.10703125 46.51606445312501
6.067968750000034 46.45854492187502
6.060253906250068 46.42817382812504
6.12324218750004 46.37861328124998
6.11591796875004 46.33764648437497
6.09589843750004 46.279394531250006
6.036132812500057 46.238085937500045
5.970019531250074 46.21469726562498
5.971484375000017 46.151220703125006
6.006640625000074 46.14233398437497
6.08662109375004 46.14702148437496
6.199414062500011 46.19306640625001
6.272949218750057 46.25224609374999
6.229589843750034 46.30844726562498
6.22421875 46.319433593750006
6.234667968750074 46.332617187500006
6.321875 46.39370117187502
6.42890625000004 46.43051757812498
6.578222656250006 46.437353515625034
6.758105468750045 46.415771484375
6.776074218750068 46.40664062499999
6.767382812500074 46.36918945312502
6.784179687500028 46.31396484375003
6.816796875000023 46.27519531249996
6.772070312500063 46.165136718750006
6.805664062500057 46.13066406249999
6.858007812500063 46.08940429687502
6.897265625000074 46.0517578125
6.953710937500006 46.01713867187496
7.003906250000028 45.95883789062498
7.021093750000063 45.92578125
6.940820312500051 45.86835937500004
6.804492187499989 45.81455078124998
6.789160156250063 45.78007812499999
6.79091796875008 45.740869140624994
6.80625 45.71000976562502
6.881445312500034 45.67036132812501
6.96240234375 45.58056640625003
7.013671874999972 45.50048828125006
7.126074218750063 45.423681640625034
7.153417968750034 45.40092773437502
7.146386718750023 45.38173828125002
7.116796875000034 45.349023437499994
7.078320312500011 45.23994140624998
7.032421875000068 45.22260742187501
6.98125 45.215576171875
6.842285156250057 45.135644531249966
6.780371093750063 45.14531249999999
6.692285156250051 45.14428710937503
6.627734375000045 45.11796875000002
6.634765625000057 45.06816406249999
6.691406250000057 45.02260742187502
6.724707031250006 44.97299804687506
6.73818359375008 44.92138671875003
6.801074218750017 44.883154296875034
6.88935546875004 44.86030273437501
6.939843750000023 44.858740234375034
6.972851562500011 44.84501953124999
6.992675781250057 44.82729492187502
7.030664062500051 44.716699218749966
7.007910156250034 44.68896484375
6.960351562500051 44.677148437499994
6.931933593750017 44.63164062499996
6.875195312500011 44.56455078124998
6.842968750000011 44.51069335937501
6.878613281249983 44.46328125000002
6.893847656250074 44.42817382812498
6.874804687500017 44.39204101562501
6.900195312500045 44.33574218749999
6.967285156250028 44.280029296875
7.1494140625 44.20170898437496
7.318554687500011 44.13798828125002
7.370898437500017 44.12739257812498
7.599414062500017 44.16835937499999
7.63720703125 44.16484374999999
7.665039062499972 44.11601562499999
7.677148437500051 44.083154296874966
7.651464843750063 44.03364257812498
7.589648437500074 43.965429687500034
7.522656250000011 43.91108398437498
7.48203125 43.864892578124994
7.490527343750045 43.822949218749955
7.493164062500057 43.76713867187496
7.43867187500004 43.75043945312504
7.436914062500051 43.76147460937497
7.41445312499999 43.77089843750002
7.395019531250028 43.765332031249955
7.380078125000011 43.75322265624996
7.377734375000074 43.731738281250045
7.261523437500017 43.69609375
7.181445312500045 43.65913085937498
6.86474609375 43.438330078125034
6.716601562500017 43.37358398437499
6.687402343750023 43.334570312500034
6.6572265625 43.26166992187501
6.570214843750051 43.19907226562498
6.49404296875008 43.169287109375034
6.305371093750011 43.13872070312502
6.11591796875004 43.072363281250006
6.030566406250074 43.100976562499966
5.809472656250051 43.09790039062497
5.671582031250011 43.17783203124998
5.406542968750017 43.228515625
5.320214843750023 43.34492187500001
5.199511718750045 43.352490234374955
5.120410156249989 43.348974609375034
5.073144531250051 43.366601562499994
5.060839843750045 43.40629882812499
5.059765624999983 43.444531249999955
4.975976562500051 43.42695312500004
4.911914062500074 43.42695312500004
4.873730468750011 43.41162109375
4.843554687499989 43.393945312499966
4.807910156250017 43.405224609374955
4.787207031250063 43.40141601562499
4.7890625 43.37890625
4.71210937500004 43.37329101562503
4.628710937500017 43.38710937499999
4.409765625 43.44721679687498
4.376171874999983 43.45639648437498
4.224218750000034 43.47963867187502
4.16279296875004 43.50366210937503
4.113085937500045 43.56303710937496
4.075097656250023 43.58183593749996
4.05263671875008 43.59306640625002
3.91083984375004 43.56308593750006
3.861621093750045 43.51635742187503
3.784765625000034 43.46162109374998
3.258886718750006 43.193212890625006
3.162890624999989 43.08076171875001
3.0517578125 42.915136718750034
3.043066406250006 42.837890625
3.090917968749977 42.59086914062496
3.197851562500006 42.461181640625
3.211425781250028 42.43115234375003
3.152148437500017 42.43100585937498
3.052636718749994 42.44721679687501
2.970019531250045 42.46723632812498
2.891406250000017 42.45605468750003
2.815625 42.42924804687499
2.749414062500051 42.413037109374955
2.70185546875004 42.40849609375002
2.670019531250034 42.39301757812498
2.654785156250028 42.36210937499999
2.651660156250017 42.34047851562502
2.567968750000034 42.345800781250034
2.374414062500023 42.39028320312505
2.200390625000011 42.42094726562499
2.098339843750011 42.38608398437498
2.032714843750057 42.353515625
1.986523437500068 42.358496093750034
1.951464843750017 42.39277343750001
1.927929687500011 42.42631835937502
1.85976562500008 42.45708007812496
1.706054687500028 42.503320312499966
1.713964843750034 42.525634765625
1.740234375000057 42.556738281250034
1.739453124999983 42.57592773437503
1.709863281249994 42.60444335937498
1.568164062499989 42.63500976562497
1.50136718750008 42.64272460937505
1.458886718750023 42.621679687500006
1.428320312500034 42.59589843750001
1.349414062500017 42.69067382812503
1.293261718750045 42.70996093749997
1.208300781250045 42.713134765625
1.111132812500074 42.742041015625034
1.010058593750074 42.778955078124994
0.764453125000045 42.838037109374966
0.696875 42.845117187499966
0.669824218750051 42.83574218750002
0.651757812499994 42.80043945312502
0.641992187500051 42.70063476562504
0.631640625000074 42.689599609374994
0.517675781250034 42.68627929687503
0.377246093750017 42.70014648437501
0.312890625000051 42.69326171875002
0.25546875 42.69291992187496
0.201367187499983 42.719335937500006
-0.041162109374937 42.689111328124994
-0.081494140624983 42.70385742187497
-0.140039062500023 42.748925781249994
-0.205322265625 42.785302734374966
-0.256054687499926 42.80395507812503
-0.299316406249972 42.82534179687502
-0.338574218749955 42.82880859375004
-0.3984375 42.80810546874997
-0.481152343749955 42.79931640624997
-0.5498046875 42.80200195312497
-0.58642578125 42.798974609374994
-0.740185546874983 42.909521484375034
-0.762646484374926 42.93979492187498
-0.839208984375006 42.94819335937501
-0.933837890625 42.94951171875002
-1.175439453125023 43.021142578124966
-1.28544921874996 43.05961914062499
-1.3015625 43.08247070312501
-1.300048828125 43.100976562499966
-1.31884765625 43.09697265624996
-1.352734374999983 43.064257812500045
-1.370507812499966 43.03759765625003
-1.394042968749972 43.032617187499994
-1.428759765624932 43.03676757812502
-1.460839843749994 43.05175781249997
-1.480468749999972 43.071142578125006
-1.459423828124955 43.10498046874997
-1.422607421875 43.14912109375001
-1.40732421874992 43.197119140625006
-1.410693359374989 43.24008789062498
-1.471728515624989 43.267675781250006
-1.561474609374955 43.27919921875002
-1.627148437499926 43.282470703125
-1.712841796874983 43.30703125000002
-1.753271484374949 43.32470703124997
-1.792724609375 43.37255859374997
-1.79404296874992 43.407324218750034
-1.63144531249992 43.43803710937499
-1.48486328125 43.56376953125002
-1.345996093749932 44.02021484375001
-1.245507812499994 44.55986328124999
-1.170800781249966 44.66181640624998
-1.076953124999932 44.68984375
-1.15288085937496 44.764013671875006
-1.200390624999955 44.726464843749994
-1.2203125 44.68662109374998
-1.24521484374992 44.66669921875001
-1.189062499999949 45.16147460937498
-1.149072265624966 45.342626953125034
-1.081005859374955 45.53242187499998
-0.94174804687492 45.45708007812499
-0.826318359374937 45.38066406249996
-0.76665039062496 45.314355468749966
-0.691113281249926 45.09345703124998
-0.633984374999926 45.04711914062497
-0.548486328124994 45.00058593749998
-0.582275390624972 45.051367187500034
-0.641113281249972 45.090185546875034
-0.733105468749955 45.38461914062498
-0.790771484374972 45.468017578125
-0.880664062499989 45.538183593750006
-1.16997070312496 45.6859375
-1.195996093749926 45.714453125000034
-1.209960937499943 45.770898437499966
-1.11435546874992 45.76850585937501
-1.031738281249972 45.741064453125034
-1.04150390625 45.77265624999998
-1.06601562499992 45.80566406250006
-1.104394531250023 45.92534179687499
-1.136376953124966 46.204833984375
-1.132031249999955 46.252685546875
-1.146289062499932 46.311376953125034
-1.23881835937496 46.32451171874996
-1.312792968749932 46.326904296875
-1.392480468749994 46.35009765625003
-1.786523437499994 46.51484375000001
-1.921435546874932 46.684814453125
-2.059375 46.810302734375
-2.092480468749955 46.86503906249996
-2.090283203124955 46.92050781249998
-2.018896484374977 47.037646484375045
-2.081933593749937 47.11162109375002
-2.143554687499972 47.12631835937498
-2.19707031249996 47.16293945312498
-2.148583984374937 47.22392578124996
-2.108300781249994 47.262939453125
-2.027587890624972 47.273583984374966
-1.921728515625006 47.260644531249994
-1.821289062499972 47.225341796875
-1.742529296875006 47.21596679687502
-1.975390625000017 47.310693359374966
-2.353027343750028 47.278759765624955
-2.434423828125006 47.290966796874955
-2.503125 47.31206054687499
-2.530029296875028 47.38159179687503
-2.476318359375 47.412939453125006
-2.427685546874955 47.47089843750001
-2.482714843749989 47.511621093749966
-2.554052734374949 47.52705078124998
-2.665917968749994 47.52617187499999
-2.7703125 47.51386718749998
-2.796777343750023 47.53725585937502
-2.733105468750011 47.60180664062503
-2.78720703124992 47.62553710937499
-2.859375 47.614453124999955
-2.964062499999983 47.60107421874997
-3.064208984374972 47.62133789062503
-3.158837890624966 47.694677734375034
-3.221582031249966 47.69414062500002
-3.26469726562496 47.68510742187496
-3.32861328125 47.71333007812501
-3.395898437499937 47.720410156249955
-3.443945312499949 47.711035156250006
-3.5078125 47.753125
-3.900927734374989 47.83754882812502
-4.070703125000023 47.84785156249998
-4.226416015624949 47.80961914062502
-4.312109375 47.822900390624966
-4.375097656249949 47.87744140624997
-4.427978515624972 47.968945312499955
-4.67880859374992 48.039501953124955
-4.629199218749932 48.08579101562506
-4.512402343749955 48.09672851562496
-4.377832031249966 48.12880859375002
-4.329443359374977 48.16997070312496
-4.434619140624989 48.21796874999998
-4.51220703125 48.22973632812497
-4.544335937499966 48.24697265625002
-4.5771484375 48.2900390625
-4.530664062499937 48.30971679687502
-4.49790039062492 48.29926757812501
-4.4033203125 48.293066406250006
-4.241406249999983 48.30366210937504
-4.301757812500028 48.347070312499994
-4.364404296874994 48.35673828125002
-4.393164062499977 48.36762695312501
-4.524804687499994 48.37231445312497
-4.584716796875028 48.35751953124998
-4.719384765625023 48.36313476562498
-4.74853515625 48.410009765625034
-4.7625 48.45024414062496
-4.720751953124932 48.539892578125006
-4.531201171874955 48.61997070312498
-4.058886718750017 48.70751953124997
-3.855664062499983 48.69472656250002
-3.714794921874983 48.71049804687496
-3.545996093749977 48.76567382812502
-3.471484374999989 48.812939453124955
-3.2314453125 48.84082031250003
-3.00322265624996 48.79067382812502
-2.792871093750023 48.60107421875006
-2.692333984374955 48.53681640625001
-2.446191406249994 48.64829101562498
-2.079443359374977 48.64501953125003
-2.003710937499989 48.58208007812499
-1.97314453125 48.63510742187506
-1.905712890624926 48.69711914062498
-1.85195312499999 48.668847656249994
-1.824707031249943 48.630517578124994
-1.437646484374966 48.64140624999999
-1.376464843750028 48.65258789062497
-1.480468749999972 48.697607421875006
-1.565478515624989 48.805517578125034
-1.58310546874992 49.20239257812497
-1.690332031250023 49.31318359374998
-1.813427734374955 49.490136718749994
-1.870068359374955 49.595117187499966
-1.875390624999966 49.63139648437499
-1.856445312500028 49.68378906250001
-1.705126953125017 49.68095703124996
-1.588232421875006 49.66767578125001
-1.365722656249972 49.707275390625
-1.258642578125006 49.68017578124997
-1.26494140624996 49.59824218749998
-1.232275390624949 49.49487304687497
-1.194970703124994 49.44482421875
-1.138525390624949 49.38789062500001
-0.959130859374994 49.393164062500034
-0.765527343749994 49.35971679687498
-0.520898437499994 49.35454101562499
-0.163476562499994 49.29677734375002
-0.011181640624955 49.330224609374994
0.136132812500023 49.401513671874966
0.416894531250023 49.448388671874994
0.439257812500045 49.47319335937499
0.277636718750074 49.46328125000002
0.129394531249972 49.508447265624994
0.109375 49.55751953125002
0.126562500000034 49.60156250000003
0.18671875000004 49.70302734375002
0.616210937500028 49.862939453124994
0.924121093750074 49.91020507812502
1.24550781250008 49.99824218750001
1.4072265625 50.08852539062502
1.51406250000008 50.20507812499997
1.548437499999977 50.23071289062506
1.592773437500028 50.25219726562497
1.551562499999989 50.29394531249997
1.579492187499994 50.7392578125
1.609570312500011 50.819482421874994
1.67226562500008 50.88500976562503
1.767675781250063 50.935693359374966
1.9125 50.990625
2.44570312500008 51.06650390624998
2.524902343750057 51.09711914062498
2.536035156249994 51.04951171874998
2.574804687500006 50.98857421874999
2.601464843750023 50.955273437499955
2.57929687500004 50.911767578124966
2.596777343750034 50.875927734374955
2.66914062500004 50.811425781249966
2.759375 50.75063476562502

