-138.53486328125 -20.87587890625001
-138.5240234375 -20.8505859375
-138.54638671875003 -20.795117187499983
-138.568359375 -20.787109375000043
-138.54638671875003 -20.771191406249997
-138.51494140625002 -20.81337890624998
-138.50585937500006 -20.85722656250003

-136.31406249999998 -18.566308593750037
-136.31601562500003 -18.545214843750003
-136.34404296875 -18.534863281250026
-136.38291015624998 -18.51367187499997
-136.435693359375 -18.489062500000017
-136.46425781249997 -18.48505859375001
-136.478515625 -18.470800781250034
-136.45869140624995 -18.46318359374999
-136.426123046875 -18.47431640625004
-136.38037109375 -18.496777343749997
-136.32763671875 -18.519335937499974
-136.29389648437495 -18.54433593750001

-140.671875 -18.41611328124999
-140.696044921875 -18.399121093749997
-140.77324218750002 -18.363769531249986
-140.78173828124997 -18.334179687499997
-140.6853515625 -18.379882812499986

-136.97133789062497 -18.360937500000034
-137.067578125 -18.26533203125001
-137.02963867187503 -18.272851562500023
-136.97172851562496 -18.341992187499997

-140.82270507812495 -18.21689453124999
-140.86005859375004 -18.19873046875003
-140.89545898437507 -18.147949218749986
-140.95864257812497 -18.085058593749963
-140.97353515624997 -18.05917968750002
-140.92514648437498 -18.083789062499974
-140.89326171875007 -18.120507812499994
-140.82988281250002 -18.18935546874998

-140.804443359375 -17.875683593750026
-140.84082031250003 -17.87314453125005
-140.8515625 -17.866601562500037
-140.850732421875 -17.8310546875
-140.82426757812505 -17.78798828125001
-140.80361328125 -17.751660156249983
-140.76142578125 -17.717773437500014
-140.68618164062497 -17.68378906250001
-140.64980468750002 -17.66972656249999
-140.63823242187496 -17.67802734374999
-140.65205078125 -17.683105468749957
-140.776318359375 -17.75410156250004
-140.81518554687506 -17.803710937500014
-140.83251953125 -17.83847656249999
-140.82924804687497 -17.849218749999963
-140.809375 -17.856640625000054

-149.177685546875 -17.73662109375003
-149.15087890624994 -17.81210937500005
-149.18178710937497 -17.86230468749997
-149.25449218750003 -17.849902343750017
-149.29047851562498 -17.822460937500026
-149.34111328125 -17.73242187499997
-149.48168945312503 -17.75273437500003
-149.57890625000005 -17.73496093750005
-149.6328125 -17.617578125000023
-149.635009765625 -17.564257812500003
-149.61142578124998 -17.531640625
-149.50810546875 -17.49638671875003
-149.37919921875002 -17.522363281249994
-149.33007812499994 -17.588964843749963
-149.321533203125 -17.69003906250005

-149.84492187500004 -17.571093749999974
-149.886572265625 -17.552832031249977
-149.90512695312498 -17.527734375000023
-149.91181640625 -17.501171875000026
-149.9021484375 -17.469531249999974
-149.80878906249995 -17.473925781249974
-149.782421875 -17.487792968749957
-149.81367187499998 -17.54501953124999

-151.449462890625 -16.87929687499998
-151.48549804687497 -16.86367187499999
-151.47641601562498 -16.760742187499986
-151.46674804687507 -16.73964843750005
-151.41118164062502 -16.77441406250003
-151.364501953125 -16.86425781250003
-151.409814453125 -16.877734375000017

-143.38618164062495 -16.66884765625001
-143.458544921875 -16.63544921875004
-143.55068359375002 -16.621093749999957
-143.51557617187504 -16.612304687500043
-143.46469726562498 -16.61357421875003
-143.44057617187497 -16.619726562500034

-143.61064453124996 -16.64042968749999
-143.70742187499997 -16.58085937500003
-143.67021484375002 -16.58085937500003
-143.614794921875 -16.618066406249966
-143.57114257812498 -16.634765625

-151.48491210937502 -16.665136718749963
-151.50415039062503 -16.64697265625
-151.51240234375 -16.619042968749994
-151.50576171875002 -16.57402343749996
-151.45742187500002 -16.60371093749997
-151.43808593749998 -16.6234375
-151.46660156250002 -16.657519531250017

-145.48222656249996 -16.346777343750034
-145.50273437499996 -16.345800781250006
-145.53984375 -16.295117187499983
-145.553125 -16.25117187500001
-145.57670898437502 -16.201464843750003
-145.60913085937497 -16.165234375
-145.61279296875 -16.13183593750003
-145.61381835937493 -16.079199218749963
-145.577099609375 -16.159863281250054
-145.54233398437503 -16.224609375000014
-145.51699218750002 -16.277832031250014
-145.48666992187498 -16.32978515625004

-142.52958984375 -16.10712890624997
-142.50683593749997 -16.02773437500005
-142.481201171875 -16.01777343749997
-142.51181640625 -16.096289062499977

-145.057666015625 -15.901074218749997
-145.07641601562497 -15.857617187500026
-145.137939453125 -15.788085937499986
-145.1607421875 -15.757031250000054
-145.13354492187497 -15.762011718750003
-145.05136718750003 -15.856054687499977

-138.68774414062497 -10.532421874999969
-138.69038085937495 -10.42558593749996
-138.64291992187498 -10.44589843750002
-138.62446289062504 -10.462988281250034
-138.63237304687496 -10.492187500000028
-138.65112304687497 -10.51533203125004

-139.133984375 -10.009570312500031
-139.13422851562498 -9.926269531250028
-139.10747070312493 -9.915429687500037
-139.08315429687497 -9.915429687500037
-139.05971679687497 -9.931347656249997

-138.874462890625 -9.747167968750034
-138.82734374999998 -9.741601562499966
-138.874951171875 -9.792871093750023
-139.02426757812503 -9.820703125
-139.07368164062498 -9.845703124999957
-139.13408203124993 -9.829492187500023
-139.16645507812495 -9.770214843750026
-139.02431640624997 -9.695214843750023

-140.09736328125 -9.444140625000031
-140.13803710937503 -9.384375
-140.14438476562498 -9.359375
-140.07094726562502 -9.328125
-140.03110351562498 -9.344726562500028
-140.075634765625 -9.425976562499969

-139.62099609375002 -8.947949218750026
-139.631787109375 -8.898535156249991
-139.611767578125 -8.872363281249989
-139.58398437500003 -8.860058593749969
-139.53457031250002 -8.87539062499998
-139.508349609375 -8.897070312499963
-139.50991210937497 -8.915625
-139.556201171875 -8.94023437499996

-140.17055664062497 -8.933984375000023
-140.21743164062502 -8.929687500000028
-140.252685546875 -8.848046875
-140.24003906250002 -8.797558593750026
-140.22441406249993 -8.78154296874996
-140.057666015625 -8.801464843750026
-140.043701171875 -8.838476562500006
-140.04614257812506 -8.873632812499977
-140.07260742187503 -8.910449218750017

