69.22060546875014 -49.06679687500003
69.20156249999997 -49.03427734374998
69.20390625000005 -48.99121093749999
69.16953125000003 -48.95703124999996
69.15009765625018 -48.919042968750034
69.16718750000018 -48.88291015625005
69.26640625000016 -48.87880859375001
69.36875 -48.89042968749998
69.39472656250018 -48.951171875
69.32119140625014 -49.03427734374998
69.28242187500001 -49.05888671875002

69.26513671875 -49.11542968749999
69.31425781250005 -49.10625
69.53496093750016 -48.97431640625002
69.59277343750011 -48.97099609375005
69.58730468749997 -49.07197265625002
69.64404296875 -49.11738281250003
69.57226562500011 -49.12900390625
69.43623046875001 -49.124023437499964
69.40507812500016 -49.18173828125
69.54238281249997 -49.255664062500045
69.61074218750014 -49.26582031249998
69.66660156250003 -49.26494140624998
69.77070312500001 -49.24814453125003
69.85439453125014 -49.22158203125003
69.98398437500003 -49.15986328124998
70.06132812499999 -49.13603515625001
70.20839843750014 -49.13496093749997
70.28496093749999 -49.076464843750045
70.32021484374997 -49.05859375000004
70.40625000000011 -49.06113281250003
70.48427734375002 -49.08388671874996
70.53085937500009 -49.13691406250001
70.55546875000005 -49.20146484375002
70.53681640625007 -49.265527343750016
70.48505859375018 -49.327636718749964
70.38984375000007 -49.365625
70.41142578124999 -49.41093750000006
70.38613281250002 -49.43398437499996
70.33837890624994 -49.43525390625004
70.29765624999999 -49.42480468750004
70.23779296875 -49.371582031250036
70.16582031250016 -49.34296874999998
69.99316406249994 -49.344921875000026
69.915625 -49.34853515624996
69.90214843750016 -49.3892578125
69.86113281250016 -49.42050781249997
69.818359375 -49.437695312500004
69.75996093750018 -49.430175781249986
69.74921875000018 -49.44755859375006
69.78027343750011 -49.49013671875003
69.85595703125 -49.54404296875
69.98642578125003 -49.58164062500002
70.06289062500014 -49.58935546874999
70.07343750000018 -49.517773437499976
70.16582031250016 -49.509375
70.24775390625007 -49.53066406250003
70.30712890625 -49.58349609375004
70.2587890625 -49.60078125000001
70.21621093750014 -49.62880859375004
70.20742187500002 -49.66503906249996
70.12431640625016 -49.70439453124998
70.07509765625014 -49.70859375000004
69.91894531249994 -49.68935546875003
69.82607421875014 -49.64492187500004
69.80390625000007 -49.613574218750045
69.74667968750003 -49.60175781250003
69.68203125000002 -49.64218750000001
69.61289062500003 -49.65097656250003
69.47763671875003 -49.61738281250002
69.35273437500007 -49.56318359374999
69.27460937500007 -49.54277343750001
69.15312500000016 -49.5296875
69.0859375 -49.65292968749998
68.99296875000005 -49.704980468750016
68.87265625000003 -49.70986328125003
68.81474609375016 -49.69960937499999
68.78281250000003 -49.651269531249994
68.79121093750007 -49.59960937500004
68.81054687500011 -49.55019531250001
68.84833984375007 -49.499609375
68.87207031250011 -49.44433593750003
68.86191406250009 -49.3921875
68.81845703125003 -49.35390624999999
68.84140625000009 -49.285351562500054
68.79882812500011 -49.23164062500004
68.81357421875009 -49.192089843749976
68.88339843750009 -49.16494140625004
68.85380859375005 -49.14130859375002
68.81669921874999 -49.13505859374999
68.79013671875003 -49.1037109375
68.76953125 -49.06591796875003
68.79658203125018 -48.9947265625
68.83691406249994 -48.92617187499998
68.83203125000011 -48.84873046875001
68.90029296874997 -48.77558593750003
68.95869140625018 -48.693847656249986
69.00244140625011 -48.661230468750006
69.05722656250009 -48.656445312500004
69.08125000000018 -48.67929687500004
69.09306640624999 -48.72392578124999
69.07158203125016 -48.752832031250016
69.12275390625018 -48.76601562500004
69.13613281249997 -48.86103515625003
69.10410156250003 -48.89990234375004
69.09941406250016 -48.93759765625
69.03271484374994 -49.017578125000036
69.05214843750002 -49.08193359375
69.18486328125016 -49.10957031250004

51.761718750000114 -46.448730468750014
51.69658203125016 -46.428125
51.65927734375009 -46.37363281249999
51.74189453125007 -46.326855468750054
51.78417968749994 -46.35888671875
51.815429687500114 -46.394726562500026
51.834570312500034 -46.43994140625

