13.288671875 2.091699218750009
13.209472656250028 1.920410156250014
13.172167968750074 1.788574218749986
13.162695312500006 1.648095703124966
13.184570312500028 1.535058593750023
13.222753906249977 1.454589843749972
13.247363281250017 1.366699218750014
13.228320312500045 1.305419921875043
13.190136718750011 1.27924804687504
13.21630859375 1.2484375
13.274121093750068 1.241015624999989
13.372363281250017 1.267773437500011
13.523339843750023 1.314599609374966
13.721191406250028 1.382275390624983
13.851367187500074 1.41875
14.066210937500045 1.395898437500009
14.18085937500004 1.37021484375002
14.239746093750057 1.322558593749989
14.303027343750074 1.120849609375014
14.33447265625 1.09023437499999
14.386425781250011 1.004443359375017
14.429882812500068 0.901464843749991
14.439160156250011 0.849121093749986
14.434472656250023 0.811474609375054
14.390625 0.755712890624963
14.341503906250011 0.673828124999986
14.324218750000028 0.62421875
14.283105468749994 0.587451171874974
14.230957031250028 0.551123046875034
14.0875 0.536572265624997
14.065527343750006 0.514990234375048
14.025292968750051 0.427734375000028
13.949609375000023 0.353808593749974
13.915136718750006 0.28398437499996
13.884570312500074 0.190820312499994
13.890625 0.075292968749991
13.87548828125 -0.090820312500014
13.860058593750068 -0.203320312500011
13.898046874999977 -0.242578125000023
14.069433593750006 -0.270117187500034
14.102832031250045 -0.292382812500037
14.14833984375008 -0.361914062499991
14.206738281249983 -0.42734375
14.36376953125 -0.46855468749996
14.42470703125008 -0.518652343750034
14.474121093750028 -0.573437500000011
14.480566406250006 -0.618359375000011
14.444921875000034 -0.798828125000014
14.410644531250057 -0.972070312500037
14.42402343750004 -1.10390625
14.43691406250008 -1.22978515624996
14.455566406250057 -1.41318359375002
14.447265625000057 -1.525097656249997
14.402929687500006 -1.593359374999963
14.402929687500006 -1.646972656249957
14.423242187500051 -1.711523437499963
14.38398437500004 -1.890039062500009
14.358593750000011 -1.920214843750031
14.288378906250017 -1.953515624999966
14.251464843750057 -2.001464843749972
14.239648437500023 -2.076757812500034
14.201757812500034 -2.179882812499997
14.162890625000017 -2.217578125000031
14.162890625000017 -2.265527343750037
14.20039062500004 -2.300585937499974
14.199804687500006 -2.354199218749983
14.129785156250023 -2.41796875
14.087402343750028 -2.46689453125002
13.99384765625004 -2.490625
13.88691406250004 -2.465429687499991
13.861816406250057 -2.429882812500026
13.8876953125 -2.374511718750028
13.878515625 -2.330175781249963
13.841601562500045 -2.28369140625
13.784375 -2.163769531249997
13.733789062499994 -2.138476562499989
13.705566406250028 -2.1875
13.61855468750008 -2.278613281250031
13.464941406250034 -2.395410156250023
13.357324218750051 -2.404785156249986
13.158593750000051 -2.369140625
12.991992187500045 -2.313378906250009
12.913574218750057 -2.176269531249972
12.864453125000011 -2.063281249999946
12.793554687500034 -1.931835937499997
12.713671875000017 -1.869433593749989
12.628417968750057 -1.829589843749943
12.590429687500034 -1.826855468750011
12.468652343750023 -1.9
12.432128906250028 -1.928906250000026
12.432421875000017 -1.990332031250006
12.44375 -2.04755859375004
12.462597656250011 -2.075292968750006
12.478515624999972 -2.112011718750026
12.475683593750034 -2.16923828124996
12.453808593750011 -2.245605468749972
12.446386718750006 -2.329980468750023
12.064453125 -2.412597656249972
11.998242187500011 -2.382812500000028
11.950292968750006 -2.34482421875002
11.892382812500017 -2.351464843750037
11.72675781250004 -2.394726562499969
11.66591796875008 -2.36455078124996
11.605468750000028 -2.342578125
11.577734375000063 -2.36093750000002
11.575195312499972 -2.397070312500006
11.603417968750051 -2.595410156249997
11.594531250000017 -2.670996093750034
11.557128906250028 -2.769628906249963
11.537792968750011 -2.83671875
11.639062500000023 -2.855371093750023
11.675683593750023 -2.886621093749994
11.71132812499999 -2.936523437499957
11.76015625 -2.983105468750026
11.763476562500045 -3.011230468749986
11.708007812500028 -3.063085937499977
11.6890625 -3.126953125000028
11.715429687500034 -3.176953125
11.784375 -3.229101562499963
11.885058593750045 -3.283203124999972
11.934179687500006 -3.318554687499983
11.929296875 -3.350976562500009
11.882812500000028 -3.420214843749989
11.86474609375 -3.478613281249991
11.83291015625008 -3.531445312500011
11.839453125 -3.580078124999972
11.884765625 -3.625390624999966
11.879882812500057 -3.665917968749952
11.84912109375 -3.696679687500009
11.786425781250017 -3.690234375000031
11.733398437500057 -3.694531250000011
11.68574218750004 -3.682031250000037
11.536816406250068 -3.525
11.504296875000023 -3.5203125
11.288281250000068 -3.641113281249972
11.234472656250034 -3.690820312499966
11.190039062500034 -3.762011718749989
11.130175781249989 -3.916308593749989
11.032031250000074 -3.826464843749974
10.947265625000028 -3.662109374999986
10.84853515625008 -3.56132812499996
10.640722656250034 -3.398046875
10.585449218750057 -3.278027343749983
10.34765625 -3.013085937500009
10.006152343750074 -2.748339843749989
9.759472656249983 -2.518554687499972
9.722070312500023 -2.467578124999989
9.763671875000057 -2.473828125000011
10.001953125 -2.588378906249986
10.034472656250074 -2.575585937499966
10.06201171875 -2.549902343749963
9.959082031250063 -2.48984375
9.860839843750028 -2.44257812500004
9.768652343750006 -2.413085937499986
9.676367187500034 -2.415625
9.624609375000063 -2.367089843750023
9.59101562500004 -2.293164062499983
9.574023437500045 -2.229980468749986
9.533203125 -2.163867187500017
9.402246093750051 -2.027636718749974
9.37050781250008 -1.975
9.298925781250063 -1.903027343749983
9.34248046875004 -1.893652343750034
9.482812500000023 -1.96230468749998
9.495312500000011 -1.934960937500009
9.483203125000017 -1.894628906249963
9.34218750000008 -1.829394531250003
9.265625 -1.825097656250009
9.247949218750051 -1.779296875
9.258398437500063 -1.72626953125004
9.157519531250017 -1.527734375
9.052832031250006 -1.379101562500011
9.036328125000011 -1.308886718750003
9.318847656250028 -1.632031250000026
9.356640624999983 -1.637597656250009
9.406347656250006 -1.634570312500003
9.523339843750023 -1.598339843749997
9.501074218750034 -1.55517578125
9.448339843750034 -1.508886718749977
9.397167968749983 -1.530175781249966
9.330664062500034 -1.53457031249998
9.295800781250023 -1.515234375000034
9.280175781250051 -1.48193359375
9.3466796875 -1.325
9.31787109375 -1.332910156250009
9.296679687500045 -1.360937500000034
9.260156250000051 -1.37421875
9.20380859375004 -1.382421874999977
9.064648437500011 -1.298339843749986
8.941894531250057 -1.07148437500004
8.909375 -1.025
8.876562500000063 -0.946093749999989
8.844238281250057 -0.913574218750028
8.703125 -0.59101562500004
8.757226562499994 -0.614941406250026
8.821386718750006 -0.708398437499966
8.946386718750006 -0.688769531249974
8.995214843750006 -0.634667968749966
9.037890625000074 -0.636718750000028
9.08154296875 -0.624316406249989
9.136523437500017 -0.573339843749991
9.296679687500045 -0.35126953125004
9.339062500000068 -0.058251953125037
9.325292968750006 0.115820312499991
9.301855468750034 0.288525390624997
9.35488281250008 0.343603515625034
9.375781250000074 0.307226562499991
9.386132812500051 0.245898437500017
9.4111328125 0.200439453125
9.46816406250008 0.159765624999977
9.574316406250034 0.148925781249986
9.738378906250063 0.084960937500014
9.796777343750051 0.044238281249974
9.812695312500011 0.12558593750002
10.00146484375 0.194970703125037
9.944433593750006 0.219873046874966
9.776660156250045 0.192480468749977
9.546484375000034 0.295947265625003
9.470117187500023 0.361914062500034
9.398828125000051 0.486718749999966
9.324804687500006 0.552099609374963
9.32998046875008 0.610839843750028
9.495312500000011 0.664843750000017
9.538964843750023 0.658691406250014
9.556640625000057 0.594189453125011
9.601074218750057 0.567724609375034
9.617968750000045 0.576513671874963
9.625292968750017 0.631640625
9.625878906250051 0.779443359375009
9.575390625000068 0.991308593750006
9.5908203125 1.031982421875028
9.636132812499994 1.046679687500003
9.67646484375004 1.074707031250028
9.70458984375 1.079980468750037
9.760546875000045 1.074707031250028
9.788671875 1.025683593749989
9.803906250000068 0.998730468750011
9.860351562500028 0.986230468750037
9.906738281250057 0.960107421875037
9.946679687500023 0.967138671874963
9.979785156250017 0.99770507812498
10.028515625000011 1.00400390625002
10.178906250000011 1.003564453125009
10.315429687500028 1.003076171875009
10.587207031250045 1.002148437499997
10.858886718750057 1.001269531249989
11.130664062500017 1.00039062499999
11.335351562500051 0.999707031250026
11.334667968750011 1.120751953124994
11.333593750000063 1.307617187500057
11.332324218750074 1.528369140624989
11.331152343750006 1.740185546874983
11.330078125000057 1.935888671874977
11.328710937500034 2.167431640624983
11.339941406250006 2.233837890625011
11.353320312500074 2.26142578125004
11.348437500000045 2.299707031250023
11.558984375000051 2.302197265624997
11.939746093749989 2.285156249999986
12.106152343750068 2.2875
12.153417968750006 2.284375
12.361328125 2.295996093749977
12.529785156250028 2.281347656250006
12.601367187500045 2.265039062499966
12.665722656250011 2.256787109374983
12.867480468749989 2.246777343749983
13.130859375 2.25942382812498
13.220312500000034 2.256445312499991
13.26992187499999 2.22421875
13.293554687500034 2.161572265625026

