-16.76933593749999 13.148486328124974
-16.82480468749992 13.341064453125043
-16.750390624999937 13.42539062499999
-16.669335937499937 13.475
-16.614794921874932 13.435302734375057
-16.598339843749955 13.356835937499966
-16.55644531249996 13.303222656249972
-16.413378906249932 13.269726562499983
-16.271679687499926 13.293798828125006
-16.18505859374997 13.282714843750057
-16.187890625000023 13.326171875000028
-16.158398437499955 13.384033203125
-15.98642578124992 13.408837890624994
-15.80449218749996 13.42539062499999
-15.617675781250028 13.460107421875051
-15.471289062499949 13.458642578125009
-15.427490234375 13.468359375000034
-15.438134765624937 13.483203125000045
-15.569531249999983 13.499853515624977
-15.849902343749989 13.459960937500014
-16.135449218749983 13.448242187500028
-16.351806640625 13.343359374999977
-16.440527343749977 13.353173828125023
-16.53007812499999 13.457958984375054
-16.56230468749999 13.587304687500023
-16.308740234374937 13.596875
-16.001611328124994 13.592773437499986
-15.667187499999983 13.588281250000051
-15.509667968749937 13.586230468749989
-15.426855468749949 13.727001953124969
-15.269531249999972 13.789111328125017
-15.108349609374983 13.81210937499999
-15.02446289062496 13.806005859374991
-14.935791015625 13.785205078125017
-14.766015624999966 13.669091796874994
-14.66015625 13.642626953125017
-14.570849609374989 13.61616210937504
-14.506982421874966 13.559716796874994
-14.405468749999983 13.503710937500045
-14.325537109374949 13.488574218749989
-14.278027343749955 13.497167968750048
-14.199023437499932 13.51875
-14.146972656249972 13.536132812499986
-13.977392578124977 13.543457031249972
-13.852832031250017 13.478564453124989
-13.826708984374932 13.407812499999963
-13.847509765624977 13.33530273437502
-14.014892578124972 13.29638671875
-14.246777343749983 13.235839843750014
-14.438574218749977 13.268896484374991
-14.671923828124989 13.351708984374994
-14.808251953124966 13.411132812500014
-14.865039062499989 13.43486328125006
-14.950292968749949 13.472607421875011
-15.024609374999983 13.513330078124966
-15.096386718749955 13.539648437499991
-15.151123046875 13.556494140624963
-15.191601562499983 13.535253906249991
-15.212109374999983 13.485058593749983
-15.244531249999937 13.429101562500037
-15.286230468750006 13.395996093750043
-15.481835937499966 13.376367187500037
-15.65732421874992 13.35581054687502
-15.751562499999949 13.338378906250028
-15.814404296874955 13.325146484374997
-15.834277343749989 13.156445312499997
-16.033056640625006 13.158349609375037
-16.22832031249999 13.16030273437498
-16.430859374999955 13.157324218750006
-16.64877929687495 13.154150390624977
-16.704541015624926 13.119726562499977
-16.763330078124994 13.064160156250026

