46.405468750000125 41.85507812499998
46.34824218750009 41.790185546874994
46.30253906249999 41.757080078125
46.25185546875008 41.75175781249999
46.20185546875007 41.73686523437496
46.18427734375018 41.7021484375
46.18212890625 41.65708007812506
46.19052734375009 41.62485351562498
46.20351562500008 41.61259765624996
46.254687500000045 41.60214843750006
46.305468750000045 41.507714843749994
46.38496093750007 41.45986328125002
46.508789062500114 41.40556640624999
46.618945312500045 41.34375
46.67255859375018 41.28681640625004
46.662402343750045 41.245507812499966
46.62636718750008 41.15966796874997
46.53437500000018 41.088574218749955
46.457910156250136 41.07021484375005
46.43095703125016 41.07705078125002
46.380761718750136 41.09931640625001
46.27998046875001 41.154443359374966
46.17070312500016 41.197851562500034
46.086523437500034 41.183837890625
46.03125 41.16728515625002
45.92197265625009 41.18671874999998
45.792773437500045 41.22441406250002
45.725488281250136 41.26162109375005
45.69570312500002 41.28901367187504
45.715625 41.337646484375
45.42226562500008 41.42529296875
45.28095703125018 41.44956054687506
45.217187500000136 41.423193359375006
45.001367187500136 41.29096679687498
44.97587890624999 41.277490234374994
44.81132812500016 41.259375
44.810937500000136 41.24858398437496
44.84853515625008 41.220166015624955
44.841406250000034 41.21137695312504
44.56484375000002 41.20820312500001
44.473046875000136 41.19101562500006
44.22734374999999 41.21333007812498
44.14648437500006 41.203369140625
44.07724609375009 41.18251953125002
43.909179687500114 41.15898437500002
43.793164062500125 41.13110351562503
43.645019531250114 41.11665039062501
43.491992187500045 41.115527343750045
43.439453125 41.10712890625001
43.44160156250007 41.12597656250003
43.4333984375001 41.15551757812503
43.40234375000006 41.176562500000045
43.358984375000034 41.190136718749955
43.27929687500006 41.18520507812502
43.20546875000002 41.19916992187504
43.152832031250114 41.23642578124998
43.141015625000136 41.26484374999998
43.17128906250008 41.287939453125006
43.149023437500034 41.30712890625
43.05712890625 41.35283203124999
42.90673828125 41.46684570312502
42.82167968750008 41.49238281249998
42.787890625000045 41.56372070312506
42.75410156250018 41.57890625000002
42.682421875000045 41.58574218749999
42.60683593750008 41.57880859375001
42.590429687500034 41.57070312500005
42.56738281250006 41.55927734375004
42.50791015625009 41.47006835937506
42.46640625000009 41.43984375000002
42.36435546875009 41.454003906249994
42.27998046875001 41.475
42.21113281250001 41.48671875
42.077734375000034 41.49409179687498
41.92578125 41.495654296875045
41.823535156250045 41.43237304687503
41.77939453125009 41.440527343750006
41.70175781250009 41.47158203125002
41.57656250000008 41.49731445312503
41.510058593750045 41.51748046875005
41.70175781250009 41.705419921875034
41.75878906250006 41.81713867187497
41.7607421875 41.884863281250006
41.762988281250045 41.970019531250045
41.66328125000007 42.146875
41.577734375000034 42.397851562499994
41.48876953125006 42.659326171874966
41.41943359375006 42.737646484375006
41.128710937500045 42.828125
41.061621093750034 42.93085937500004
40.83662109375007 43.06347656250006
40.524023437500034 43.121044921874955
40.46210937500007 43.14570312500001
40.190625 43.312402343749966
39.978320312500045 43.419824218749994
40.02373046874999 43.48486328125
40.084570312500034 43.553125
40.15019531249999 43.56977539062498
40.34228515625006 43.542724609375
40.51894531250008 43.512011718750045
40.64804687500009 43.533886718749955
40.801660156250136 43.47993164062498
40.941992187500034 43.418066406250006
41.08310546875009 43.37446289062498
41.3582031250001 43.333398437499966
41.46074218749999 43.27631835937498
41.58056640625 43.21923828125
42.05 43.19013671875001
42.087792968750136 43.199121093749966
42.12226562500007 43.20732421874996
42.279687500000136 43.22807617187502
42.419042968750034 43.224218750000034
42.566015625000034 43.15512695312498
42.660253906250034 43.159082031249994
42.76064453125008 43.169580078124994
42.890039062500136 43.13261718750002
42.991601562500136 43.09150390624998
43.00019531250001 43.04965820312498
43.089160156250045 42.98906249999999
43.3479492187501 42.89667968750001
43.55781250000001 42.84448242187503
43.623046875 42.807714843750006
43.78261718750008 42.74702148437498
43.79873046875008 42.72778320312506
43.795410156250114 42.70297851562498
43.74990234375008 42.657519531250045
43.738378906250034 42.616992187500045
43.75986328125009 42.593847656250034
43.825976562500045 42.57153320312503
43.95742187500008 42.566552734374966
44.004687500000045 42.59560546875002
44.10273437500001 42.616357421874994
44.19970703125006 42.653613281250045
44.329492187500136 42.70351562499999
44.505859375 42.748632812500034
44.576464843750045 42.74848632812501
44.64433593750016 42.734716796875034
44.691796875000136 42.709619140624994
44.771093750000034 42.616796875
44.850488281250136 42.74682617187503
44.870996093750136 42.75639648437502
44.943359375000114 42.73027343750002
45.07158203125016 42.694140625000045
45.16025390625009 42.675
45.20820312500018 42.64824218750002
45.34375 42.52978515625003
45.562890625000136 42.535742187500006
45.65556640624999 42.51767578125006
45.70527343750007 42.49809570312499
45.727539062500114 42.47504882812498
45.688378906250136 42.35737304687498
45.634277343750114 42.23471679687506
45.63857421875002 42.20507812499997
45.7265625 42.15888671874998
45.845996093750045 42.109960937500034
45.91035156250001 42.07070312500002
45.954003906250136 42.03540039062503
46.048437500000034 42.00874023437501
46.159765625000034 41.992041015625006
46.21269531249999 41.989892578124994
46.26777343750001 41.96035156250002
46.41152343750008 41.904638671875034
46.429882812500125 41.890966796875006

