14.213671875000074 53.870751953124994
14.172167968750045 53.874365234375006
14.048339843750057 53.86308593750002
13.925781250000028 53.879052734374994
13.902148437500017 53.93896484375003
13.921679687500017 53.99663085937496
13.872460937500023 54.036279296874966
13.827148437500028 54.0595703125
13.820410156250063 54.09282226562502
13.827734375000063 54.12724609375002
14.038867187500074 54.034570312499966
14.211425781250057 53.95034179687505
14.198242187500028 53.91904296875006

11.12929687499999 54.41601562499997
11.070703125000051 54.45600585937504
11.011718750000028 54.46616210937498
11.04345703125 54.51547851562498
11.084960937500028 54.53339843749998
11.233593750000011 54.50126953125002
11.280273437500028 54.438378906249994
11.2828125 54.41796875

13.734179687499989 54.3154296875
13.707324218750045 54.28115234375002
13.59492187500004 54.33818359375002
13.482031250000063 54.33740234375003
13.414550781249972 54.24956054687499
13.364355468750063 54.24584960937503
13.190039062499977 54.32563476562504
13.162109374999972 54.36455078124996
13.156347656250063 54.39692382812498
13.18125 54.50898437499998
13.176660156250023 54.54423828124999
13.231445312499972 54.582763671875
13.23994140625004 54.63842773437497
13.336816406250051 54.697119140625034
13.422753906250051 54.699316406250034
13.450097656250023 54.649609374999955
13.491210937500057 54.615380859374994
13.636035156250074 54.57700195312498
13.657617187500023 54.5595703125
13.670703125000045 54.53544921874996
13.603320312500074 54.48818359375002
13.580468750000023 54.46396484375006
13.601855468750045 54.42514648437506
13.709179687500068 54.38271484375002

8.548925781250034 54.68818359374998
8.453808593750011 54.691064453124966
8.400390625000057 54.71411132812503
8.417675781250011 54.738671874999966
8.468164062499994 54.75742187499998
8.509960937499983 54.76030273437502
8.57343750000004 54.74873046874998
8.587890625000057 54.71269531250002

9.34199218750004 54.806298828124994
9.498730468749983 54.840429687500006
9.615820312500034 54.855419921874955
9.661230468750063 54.834375
9.725 54.825537109375006
9.739746093750057 54.825537109375006
9.745898437500074 54.80717773437499
9.89228515625004 54.780615234375006
9.953808593750068 54.73828124999997
10.02216796875004 54.673925781250006
10.028808593749972 54.58129882812497
9.941308593749994 54.5146484375
9.868652343750028 54.47246093750002
10.143457031250051 54.488427734374966
10.170800781250051 54.4501953125
10.21240234375 54.40893554687503
10.360449218750034 54.43833007812498
10.731542968750063 54.31625976562498
10.955957031250023 54.37568359375001
11.013378906250011 54.379150390625
11.064355468749994 54.28051757812497
11.008593750000017 54.18115234375
10.81074218750004 54.07514648437498
10.854589843749977 54.00981445312499
10.917773437500074 53.995312499999955
11.104296875000045 54.00917968750005
11.399609375000011 53.944628906250045
11.461132812500011 53.964746093749966
11.700585937500023 54.11352539062497
11.79628906250008 54.14545898437501
12.111328125000057 54.168310546875034
12.168652343750011 54.22587890624996
12.29628906250008 54.283789062500034
12.378515625000034 54.347021484375034
12.575390625000011 54.467382812500034
12.779101562500017 54.445703124999966
12.898046875 54.42265624999999
13.028613281250045 54.41103515625002
13.147460937500028 54.28271484375
13.448046875000045 54.14086914062506
13.72421875 54.153222656249994
13.822265625 54.01904296875
13.865527343750017 53.853369140625006
13.950390624999983 53.80136718749998
14.025 53.767431640625006
14.25 53.731884765624955
14.258886718750034 53.72963867187502
14.26611328125 53.70712890625006
14.279882812500063 53.62475585937497
14.29873046875008 53.55644531249999
14.414550781250057 53.28349609374999
14.41230468750004 53.21674804687498
14.410937500000017 53.19902343750002
14.368554687499994 53.10556640624998
14.293164062500011 53.026757812499994
14.193652343750074 52.982324218749994
14.138867187500011 52.93286132812506
14.128613281250068 52.87822265625002
14.253710937500045 52.78251953124999
14.51406250000008 52.64560546874998
14.619433593750045 52.52851562500001
14.569726562500051 52.43110351562498
14.55458984375008 52.35966796874999
14.573925781250011 52.314160156249955
14.615625 52.27763671874996
14.679882812500011 52.25
14.705371093750045 52.20747070312498
14.6923828125 52.150048828124994
14.70458984375 52.11020507812506
14.752539062499977 52.08183593749996
14.748144531250063 52.07080078125003
14.724804687500011 52.03085937500006
14.69296875 51.95800781250006
14.674902343750063 51.90483398437496
14.601660156250063 51.832373046875034
14.62392578125008 51.77080078125002
14.68134765625004 51.698193359374955
14.724902343750045 51.66171875
14.73867187499999 51.627148437499955
14.710937500000028 51.544921875
14.724707031250006 51.52387695312498
14.905957031250068 51.46333007812498
14.935546875000057 51.43535156249996
14.953125 51.37714843750001
15.016601562500057 51.25273437499999
14.963867187500057 51.09511718750002
14.917480468750028 51.00874023437501
14.814257812500045 50.87163085937496
14.809375 50.85898437500006
14.797460937499977 50.842333984375045
14.76650390625008 50.81831054687504
14.723339843750068 50.814697265625
14.658203125000028 50.832617187500006
14.613574218750017 50.85556640624998
14.623828125000045 50.914746093749955
14.59521484375 50.91860351562502
14.559667968750034 50.95493164062498
14.545703125000045 50.99394531250002
14.507324218750028 51.00986328124998
14.367285156250006 51.02626953125002
14.319726562499994 51.03779296874998
14.283203125000028 51.02949218749998
14.255859375000057 51.00185546875002
14.273339843750051 50.976904296875006
14.299414062500034 50.95258789062504
14.377050781250063 50.9140625
14.369042968750023 50.89873046874999
14.201757812500034 50.861230468749994
14.096484374999989 50.82275390625006
13.998437500000023 50.801123046875006
13.898535156250006 50.76127929687496
13.701367187500068 50.71650390624998
13.556738281250006 50.70463867187496
13.526562500000068 50.692822265624955
13.47255859375008 50.61694335937503
13.436132812500034 50.60107421875
13.401171875000017 50.60932617187501
13.374609375 50.62172851562505
13.341015625000011 50.61142578124998
13.30605468750008 50.58632812500002
13.269531250000028 50.57641601562506
13.237695312500023 50.576757812500034
13.181152343750028 50.51049804687503
13.016406250000045 50.49038085937502
12.997070312500028 50.45605468750003
12.966796874999972 50.41621093750001
12.942675781250045 50.406445312499955
12.868261718750063 50.42221679687498
12.765429687500074 50.43095703124999
12.706445312500051 50.40913085937498
12.635546874999989 50.397070312500006
12.54902343750004 50.39340820312498
12.452636718750028 50.34980468749998
12.358593750000068 50.27324218750002
12.305664062500028 50.20571289062502
12.277343750000028 50.18144531249996
12.23115234375004 50.244873046875
12.1748046875 50.28837890624999
12.134863281250034 50.31093750000005
12.099218750000063 50.310986328124955
12.089843750000028 50.30175781250003
12.089746093749994 50.26855468750003
12.127832031250023 50.21342773437499
12.175 50.17583007812496
12.18251953125008 50.14804687499998
12.207812500000074 50.097509765625006
12.276464843750034 50.042333984375034
12.384179687500023 49.99858398437502
12.457617187499977 49.95551757812501
12.512011718750045 49.89580078125002
12.5125 49.87744140625003
12.497558593750028 49.85307617187502
12.471875 49.83007812500006
12.450195312499972 49.80014648437498
12.39052734375008 49.73964843750002
12.408203125000057 49.713183593750045
12.457031250000057 49.67978515624998
12.500292968750074 49.63969726562499
12.555761718750006 49.57485351562502
12.632031249999983 49.46123046874996
12.681152343750057 49.41450195312504
12.747851562500045 49.36621093750006
12.81337890625008 49.329345703125
12.916699218750068 49.330468749999966
13.023730468750045 49.260107421875006
13.140527343750023 49.158349609374966
13.227832031250045 49.11166992187498
13.28876953125004 49.09746093750002
13.339062500000068 49.060791015625
13.383691406249994 49.00810546875002
13.401171875000017 48.97758789062502
13.440722656250074 48.95556640624997
13.547656250000017 48.95966796875001
13.684960937499994 48.87670898437497
13.76992187500008 48.815966796875045
13.814746093750074 48.766943359375006
13.802929687500068 48.74750976562504
13.797460937500006 48.68642578125002
13.798828125000028 48.62167968749998
13.78535156250004 48.58745117187502
13.723925781250045 48.542382812499994
13.692187500000045 48.53276367187499
13.675195312500051 48.523046875000034
13.486621093750017 48.581835937500045
13.4716796875 48.571826171875045
13.45986328125008 48.56455078124998
13.409375 48.39414062499998
13.374609375 48.36137695312496
13.322851562500034 48.33125
13.215234375000051 48.30190429687502
13.140429687500017 48.289941406249994
13.082128906250034 48.27509765624998
12.897460937500057 48.203710937500006
12.814257812500074 48.16083984374998
12.760351562500034 48.10698242187502
12.760058593750045 48.07597656250002
12.849902343750045 47.98481445312498
12.953515625000023 47.890625
12.954199218749977 47.807763671874994
12.908300781250063 47.74580078124998
12.897656250000011 47.721875
12.928125 47.71284179687501
12.985546875000068 47.70942382812501
13.03359375000008 47.69873046874997
13.054101562499994 47.65512695312498
13.047949218750006 47.579150390625045
13.031542968750017 47.50800781250001
13.014355468750068 47.47807617187496
12.968066406250074 47.475683593750006
12.878906250000028 47.50644531249998
12.809375 47.54218749999998
12.782812500000063 47.56416015625001
12.78115234375008 47.590429687500034
12.796191406250045 47.607031250000034
12.771386718750051 47.63940429687497
12.685839843750017 47.66933593750002
12.594238281250028 47.656298828125045
12.526562500000011 47.63613281250002
12.48291015625 47.63730468749998
12.435742187500068 47.666113281250006
12.363183593750023 47.688183593749955
12.268359375000074 47.702734375
12.209277343750017 47.71826171875006
12.196875 47.709082031250034
12.203808593750068 47.64672851562503
12.185644531250006 47.61953125
11.716796875000057 47.58349609375003
11.573925781250068 47.54975585937501
11.46992187500004 47.506103515625
11.39296875000008 47.487158203125034
11.374121093750063 47.46025390624999
11.297949218749977 47.42490234375006
11.211914062500057 47.41362304687499
11.191210937499989 47.42519531250002
11.136035156250045 47.40888671874998
11.041992187500057 47.39311523437499
10.980859375000051 47.39814453125001
10.952148437500057 47.42670898437498
10.893945312500023 47.470458984375
10.870605468750057 47.50078125
10.873046875000028 47.52021484375001
10.741601562500051 47.52412109375001
10.658691406250057 47.547216796875006
10.482812500000023 47.54179687499999
10.439453125000057 47.55156250000002
10.430371093750068 47.54106445312502
10.40390625 47.41699218750006
10.369140625000028 47.36606445312498
10.312792968750017 47.31342773437498
10.240625 47.28413085937498
10.183007812500051 47.27880859375006
10.185742187500068 47.3171875
10.200292968750006 47.363427734374966
10.158789062499977 47.37426757812506
10.096484374999989 47.37958984374998
10.06630859375008 47.39335937500002
10.07421875 47.42851562499999
10.059863281249989 47.449072265625006
10.03408203125008 47.47358398437504
9.971582031250051 47.50532226562501
9.839160156250074 47.55229492187499
9.74892578125008 47.575537109375006
9.715136718750017 47.55078125000003
9.695204109211005 47.54309166538209
9.644238281250068 47.56635742187501
9.513964843750074 47.624755859375
9.372851562500017 47.67666015625002
9.230761718750017 47.733300781249994
9.132031250000068 47.78217773437501
9.113183593750051 47.772119140624994
9.182812500000011 47.670703125000045
9.127539062500034 47.670703125000045
8.881152343750017 47.656396484374966
8.8740234375 47.662695312500006
8.831152343750063 47.70361328125
8.793066406250034 47.71655273437497
8.770117187500063 47.70991210937504
8.754785156250051 47.69804687500002
8.728320312500074 47.70004882812498
8.61787109375004 47.76611328125003
8.572656250000051 47.775634765625
8.509863281250063 47.76689453125002
8.435742187500068 47.731347656249966
8.403417968750034 47.68779296874996
8.413281250000011 47.662695312500006
8.451757812500034 47.65180664062501
8.55234375 47.65913085937498
8.567089843749983 47.65190429687502
8.570507812500068 47.637792968750006
8.559472656250051 47.62402343750003
8.477636718750063 47.61269531250002
8.454003906250051 47.59619140625006
8.430078125000051 47.592138671875034
8.41474609375004 47.58959960937503
8.327832031250011 47.60693359375003
8.1982421875 47.60693359375003
8.09375 47.57617187499997
7.927050781250074 47.56386718750002
7.698046875000045 47.56987304687502
7.615625 47.592724609374955
7.565429687500028 47.606542968750034
7.529394531250063 47.67387695312499
7.538574218749972 47.773632812499955
7.593261718750028 47.90566406250002
7.608496093750006 48.002587890624966
7.58417968750004 48.064306640625034
7.616601562500051 48.15678710937496
7.705664062500006 48.280029296875
7.765136718750028 48.410009765625034
7.794824218750051 48.54682617187501
7.837988281250034 48.63603515624996
7.92275390625008 48.69853515625002
8.124023437500057 48.873291015625
8.140332031250011 48.88642578125001
8.134863281250034 48.97358398437498
8.080664062500006 48.98588867187502
8.001269531250017 49.010937499999955
7.799218750000051 49.041894531249966
7.610937500000063 49.06176757812503
7.525488281250063 49.08637695312498
7.45058593750008 49.15219726562498
7.404199218750051 49.15307617187497
7.313378906250023 49.129541015624966
7.199902343749983 49.113623046875006
7.117382812500068 49.127539062500006
7.065722656250017 49.124853515625006
7.036718750000063 49.112695312499994
7.022167968750011 49.123437499999966
7.001464843749972 49.17988281250001
6.958300781250074 49.19462890624999
6.891210937499977 49.20751953124997
6.849511718750023 49.20195312499999
6.820703125000023 49.173925781250034
6.776269531250023 49.154150390625006
6.735449218750063 49.16059570312498
6.60761718750004 49.29086914062498
6.57470703125 49.31967773437498
6.566308593750051 49.34619140624997
6.534277343750006 49.394677734374994
6.458105468750034 49.44287109375003
6.382226562500023 49.45815429687505
6.344335937500034 49.452734375
6.348437500000074 49.51269531250006
6.378320312500023 49.599609375
6.406738281250057 49.64497070312498
6.444628906250045 49.68203125
6.484765625000051 49.70781250000002
6.49375 49.75439453125
6.487304687500028 49.798486328124994
6.44091796875 49.805322265624966
6.324609375000023 49.83789062500003
6.256054687499983 49.872167968750006
6.204882812500045 49.91513671875006
6.138183593750057 49.97431640625004
6.109765625000023 50.034375
6.108300781249994 50.09423828125003
6.116503906250074 50.120996093749994
6.121289062500068 50.13935546874998
6.175097656250017 50.232666015625
6.36445312500004 50.31616210937506
6.34365234375008 50.400244140625034
6.340917968750063 50.45175781250006
6.294921875 50.485498046874994
6.203027343750023 50.499121093750006
6.178710937500057 50.52250976562499
6.16845703125 50.54536132812501
6.235937499999977 50.5966796875
6.154492187500011 50.63725585937502
6.119433593750045 50.679248046875045
6.005957031250034 50.73222656249999
5.993945312500074 50.75043945312498
6.048437500000063 50.904882812500006
6.006835937500028 50.94995117187503
5.955078125000057 50.97294921875002
5.894726562500011 50.984228515625006
5.8671875 51.00566406250002
5.857519531249977 51.030126953125006
5.868359375000068 51.0453125
5.939257812500017 51.04082031249999
5.961035156250034 51.05668945312502
6.129980468750063 51.14741210937501
6.136914062500068 51.16484375000002
6.113378906250063 51.174707031249994
6.082421875000051 51.17998046874999
6.074804687500006 51.19902343749996
6.075878906250068 51.22412109375003
6.166210937499983 51.354833984375006
6.19287109375 51.41059570312498
6.198828125000063 51.45
6.19326171875008 51.488916015624966
6.141601562500028 51.55009765624999
6.091113281250045 51.59892578124999
6.089355468750057 51.637792968750006
6.052734375000057 51.65825195312499
5.948535156250045 51.76240234374998
5.94873046875 51.80268554687501
6.007617187500017 51.833984375
6.089843750000057 51.85395507812498
6.117187500000028 51.87041015624996
6.166503906250057 51.88076171875002
6.297070312500011 51.85073242187505
6.35566406250004 51.82465820312498
6.372167968750034 51.83002929687501
6.425 51.8583984375
6.517578124999972 51.85395507812498
6.741796875 51.91088867187503
6.775195312500074 51.93828125000002
6.800390625000034 51.967382812500006
6.802441406250011 51.980175781249955
6.715625 52.03618164062499
6.712988281250006 52.05688476562503
6.724511718750051 52.080224609374994
6.749023437500057 52.09868164062502
6.800390625000034 52.111230468749994
6.855078125 52.13579101562502
6.977246093750011 52.20551757812501
7.019628906250034 52.26601562499999
7.032617187500023 52.33149414062501
7.03515625 52.380224609375006
7.001855468750051 52.41899414062499
6.968164062500023 52.44409179687506
6.922070312500068 52.44028320312498
6.832519531250028 52.44228515625002
6.748828125000017 52.46401367187502
6.702929687499989 52.49921874999998
6.691601562500011 52.530175781249994
6.712402343750057 52.54965820312498
6.71875 52.573583984375034
6.705371093750045 52.59765624999997
6.710742187500074 52.61787109375001
6.748437500000023 52.63408203125002
7.013183593750057 52.633544921875
7.033007812500017 52.6513671875
7.050878906250006 52.74477539062502
7.11708984375008 52.88701171874996
7.179492187500017 52.96621093750002
7.18994140625 52.99951171875006
7.188964843749972 53.18720703125001
7.197265625 53.28227539062502
7.152050781250011 53.32695312499996
7.053320312500063 53.37583007812498
7.074316406249977 53.477636718750006
7.107128906250011 53.556982421875006
7.20644531250008 53.654541015625
7.285253906250063 53.681347656249955
7.629199218750045 53.697265625
8.009277343750028 53.69072265624999
8.167089843750034 53.54340820312501
8.108496093750006 53.46767578125002
8.200781250000063 53.43242187499996
8.245214843750063 53.4453125
8.279003906250011 53.51118164062501
8.301562500000074 53.58413085937505
8.333886718749994 53.606201171875
8.45136718750004 53.55170898437501
8.492675781250028 53.514355468749955
8.495214843750006 53.39423828124998
8.538476562500023 53.556884765625
8.50625 53.670751953125006
8.528417968750006 53.781103515625034
8.575585937500023 53.83847656249998
8.618945312500074 53.875
8.897753906250045 53.83569335937506
9.205566406250028 53.85595703125
9.32197265625004 53.81347656250006
9.585351562500051 53.600488281249994
9.673144531249989 53.565625
9.783984375000017 53.55463867187498
9.63125 53.600195312500034
9.312011718750057 53.85913085937503
9.216406250000034 53.89121093749998
9.069628906250045 53.90092773437502
8.978125 53.92622070312501
8.920410156250028 53.96533203125
8.90351562500004 54.00029296875002
8.90664062500008 54.26079101562496
8.851562500000028 54.29956054687506
8.780371093750006 54.313037109375045
8.73603515625004 54.29521484374996
8.644921875000051 54.29497070312499
8.625781250000045 54.35395507812501
8.648046875000063 54.397656249999955
8.831152343750063 54.42753906250002
8.95185546875004 54.46757812499999
8.957226562500068 54.53833007812503
8.880957031249977 54.59394531249998
8.789648437500034 54.695947265624966
8.682324218750011 54.79184570312498
8.670312500000051 54.90341796875006
8.670703125000045 54.90332031250003
8.857226562500045 54.90112304687503
8.902929687500034 54.89692382812498
9.185839843750017 54.84467773437498
9.254980468750063 54.808007812499966

8.28466796875 54.76708984375
8.295703125000045 54.90830078124998
8.405175781250051 55.058740234374994
8.451464843750074 55.05537109375001
8.404101562500017 55.014746093750006
8.390429687500074 54.98627929687498
8.371191406250063 54.92939453125001
8.379882812500057 54.899853515624955
8.629589843750011 54.891748046874994
8.600585937499972 54.86538085937502
8.347363281249983 54.847607421874955
8.307714843750006 54.786962890625034

