-0.004736328124977 11.055566406250009
0.009423828125051 11.020996093749986
-0.013867187499983 10.891357421875043
-0.060595703124989 10.800585937500017
-0.090185546874977 10.715527343750011
-0.08632812499999 10.673046874999969
-0.057714843749949 10.630615234375028
0.039453125000051 10.563867187500023
0.08925781250008 10.520605468750006
0.148242187500017 10.454785156249997
0.21601562500004 10.390527343749966
0.331835937500017 10.306933593749989
0.380859375000057 10.29184570312502
0.37861328125004 10.268554687499986
0.36269531250008 10.236474609375023
0.351855468750017 9.924902343749963
0.343066406249989 9.844580078125034
0.334570312500034 9.803955078125014
0.323925781250011 9.68759765625002
0.311718750000011 9.67099609375002
0.289648437500034 9.672314453125026
0.269531250000028 9.667919921875011
0.26455078125008 9.644726562499997
0.272753906250045 9.620947265625034
0.342578125000074 9.604150390624994
0.327343749999983 9.586572265625051
0.275488281250006 9.570605468749989
0.2515625 9.535644531249972
0.261914062500068 9.495605468749986
0.233398437500028 9.463525390625023
0.241503906249989 9.441894531249972
0.25996093750004 9.426025390625028
0.289355468750074 9.431835937499969
0.370996093749994 9.485546874999983
0.405273437500057 9.491455078125028
0.447558593750045 9.480273437499974
0.525683593750074 9.398486328125017
0.52900390625004 9.358300781249994
0.497167968750034 9.22124023437496
0.466113281250017 9.115332031249963
0.46035156250008 8.97421875
0.493261718750034 8.894921875
0.48876953125 8.851464843750037
0.453125 8.813769531249989
0.372558593750057 8.75927734375
0.37861328125004 8.722021484375048
0.415332031250074 8.652734375000051
0.483300781250051 8.575292968749991
0.616210937500028 8.479638671875051
0.686328125000017 8.354882812500037
0.688085937500034 8.304248046875017
0.647070312500034 8.253466796874974
0.599218750000034 8.209570312500006
0.583593750000063 8.145800781249974
0.605175781250011 7.728222656249997
0.5 7.546875
0.498925781250051 7.495117187500028
0.509570312500074 7.43510742187496
0.53730468750004 7.398730468750017
0.591015625000068 7.388818359375037
0.634765625 7.35366210937498
0.61953125 7.226562500000028
0.596191406250057 7.096630859375026
0.592480468750011 7.03398437499996
0.579492187500023 7.004101562499997
0.538085937500028 6.9796875
0.523046875000063 6.938867187500037
0.53339843750004 6.888330078125037
0.52558593750004 6.850927734374963
0.548046875000011 6.802490234375043
0.595703125000028 6.742187500000014
0.672753906250023 6.592529296875
0.702246093749977 6.580761718749997
0.715429687500006 6.549316406249986
0.707226562500011 6.51875
0.736914062500034 6.452587890624997
0.82246093750004 6.386376953125009
0.912207031250034 6.32856445312504
0.984960937500034 6.320312500000043
1.002148437500068 6.268554687499986
1.049902343750034 6.202636718750057
1.084472656250057 6.17377929687504
1.1396484375 6.155029296875043
1.185058593750028 6.145019531250043
1.187207031250011 6.089404296874989
1.105566406250006 6.051367187499963
1.05029296875 5.993994140625006
1.008007812500011 5.906396484375009
0.949707031250028 5.810253906250054
0.748828125000045 5.760107421874963
0.671875 5.759716796874969
0.259667968750051 5.757324218750014
-0.126513671874932 5.568164062500031
-0.348730468749977 5.500781249999974
-0.485449218749949 5.394238281250026
-0.669433593749943 5.318554687499983
-0.797705078124977 5.226708984375009
-1.06430664062492 5.182666015625003
-1.501660156249955 5.037988281250023
-1.638476562499932 4.980859375
-1.776855468749972 4.880371093749972
-2.001855468749966 4.762451171875014
-2.090185546874949 4.7640625
-2.26640625 4.874072265625017
-2.398925781249972 4.929345703124994
-2.72304687499999 5.01372070312496
-2.964990234374994 5.046289062500023
-3.08188476562492 5.082470703125026
-3.114013671874972 5.088671875000045
-3.086718749999932 5.128320312500037
-3.01914062499992 5.130810546875011
-2.948339843749977 5.118847656249969
-2.894726562499983 5.149023437499991
-2.815673828124943 5.153027343750011
-2.79521484374996 5.184521484375026
-2.788671874999949 5.264111328124983
-2.78959960937496 5.328222656249991
-2.761914062499926 5.356933593749986
-2.75498046874992 5.432519531250009
-2.793652343749983 5.600097656250043
-2.821191406250023 5.619189453125031
-2.962255859374977 5.643017578124997
-2.972802734374994 5.676269531250028
-2.998291015624943 5.711328124999966
-3.025292968749937 5.797753906249994
-3.05615234375 5.926269531249972
-3.105566406249949 6.085644531250026
-3.200585937499937 6.348242187499963
-3.224023437500023 6.441064453125051
-3.24028320312496 6.535644531250043
-3.243896484374972 6.648681640624972
-3.224121093749943 6.69077148437502
-3.227148437499949 6.749121093750006
-3.235791015624926 6.807226562500034
-3.168896484374983 6.940966796875017
-3.037695312499977 7.104589843750048
-3.010156249999966 7.163769531250026
-2.985791015624983 7.20488281249996
-2.982324218749966 7.263623046875026
-2.959082031249949 7.454541015625011
-2.896337890624949 7.685009765624983
-2.856884765625011 7.772070312500048
-2.83012695312496 7.819042968750026
-2.798144531249932 7.895996093749986
-2.789746093750011 7.931933593750017
-2.668847656249966 8.022216796875028
-2.613378906249949 8.046679687500031
-2.600976562499994 8.082226562499997
-2.619970703124949 8.121093750000014
-2.611718749999966 8.147558593749977
-2.582763671875028 8.160791015625009
-2.538281249999926 8.171630859375
-2.505859374999972 8.208740234375014
-2.556884765625 8.49301757812502
-2.59799804687492 8.776367187500014
-2.60039062499996 8.800439453125037
-2.624902343749994 8.839599609375014
-2.64921875 8.95659179687496
-2.689892578124983 9.025097656249969
-2.746923828124977 9.045117187500054
-2.74667968749992 9.109619140625043
-2.689208984374943 9.218603515625048
-2.67421875 9.282617187500037
-2.701806640624937 9.301660156250009
-2.705761718749955 9.351367187500003
-2.686132812499949 9.431738281250034
-2.69584960937496 9.481347656250023
-2.706201171874937 9.533935546874986
-2.765966796874949 9.658056640625048
-2.780517578124972 9.745849609374986
-2.749804687499932 9.797216796874977
-2.750732421874943 9.909667968749972
-2.783203125 10.083105468750048
-2.788476562499994 10.192578125000054
-2.766503906249966 10.238183593750023
-2.777099609375 10.281591796874977
-2.8203125 10.322851562500034
-2.823437499999926 10.362939453125037
-2.786621093749972 10.401904296874974
-2.791162109374937 10.432421874999974
-2.837207031249989 10.454638671874974
-2.878417968749943 10.507958984374994
-2.91489257812492 10.59233398437496
-2.907324218749977 10.727978515624969
-2.838574218750011 10.977490234374997
-2.82993164062492 10.998388671874991
-2.752099609374966 10.996972656249966
-2.751660156249955 10.986376953125031
-2.509179687499937 10.988720703124983
-2.231933593749943 10.99140625
-1.900634765624972 10.994677734375031
-1.599658203124932 10.99765625000002
-1.586474609374989 11.008886718750006
-1.536767578124994 11.022656250000054
-1.232617187499926 10.997216796875023
-1.042480468750028 11.010058593749974
-0.961816406250023 11.001708984375043
-0.90292968749992 10.984716796874963
-0.771582031249977 10.99526367187498
-0.701416015625 10.988964843750026
-0.648535156249949 10.926757812500057
-0.627148437499955 10.927392578125009
-0.59765625 10.953662109375031
-0.54521484374996 10.983691406250017
-0.491699218749972 11.007617187500003
-0.453515624999937 11.05629882812498
-0.430322265624994 11.093261718750043
-0.395605468749949 11.085693359375014
-0.345751953125017 11.087939453125031
-0.312548828124989 11.118896484375028
-0.299462890624994 11.166894531250037
-0.068603515624943 11.115625

