23.92060546875001 35.528173828125034
24.013281249999977 35.52944335937502
24.034375 35.535400390625
24.093359375000034 35.593847656250006
24.166015625 35.59521484375003
24.19775390625 35.53745117187498
24.12402343749997 35.51083984374998
24.108984375000034 35.49580078125001
24.123144531249977 35.48364257812503
24.178515625000074 35.45952148437499
24.25537109375 35.46860351562498
24.25771484375005 35.42314453124996
24.27490234375 35.38598632812503
24.31289062499999 35.363818359375045
24.35400390625003 35.359472656250034
24.444921874999977 35.36601562499996
24.53457031250005 35.38076171875002
24.62695312500003 35.409912109375
24.721289062499977 35.42480468750003
25.003125 35.40986328125001
25.104296875000017 35.34692382812497
25.29677734375008 35.33935546875003
25.475683593750006 35.30620117187502
25.569628906250045 35.328076171874955
25.730175781249983 35.348583984374955
25.75585937499997 35.326367187499955
25.735156250000017 35.18403320312501
25.745019531249994 35.14272460937502
25.791308593750017 35.12285156249996
25.83710937500001 35.132568359375
25.893359375000017 35.17919921875
26.02802734375001 35.21528320312498
26.16787109375008 35.21508789062503
26.28554687500008 35.309765624999955
26.320214843750023 35.31513671874998
26.298632812500074 35.26860351562499
26.280859375 35.15922851562502
26.25556640625001 35.09516601562501
26.24433593750001 35.04467773437503
26.165625 35.01860351562496
26.04667968749999 35.01416015625003
25.8296875 35.02519531249996
25.610937500000034 35.00732421874997
25.20576171875001 34.95927734374996
24.7998046875 34.934472656249966
24.745214843750063 34.95063476562498
24.743945312500074 35.01435546874998
24.735156250000045 35.058300781249955
24.708886718750023 35.08906250000001
24.58339843750005 35.115332031250034
24.463671875000074 35.16035156249998
23.99433593750004 35.221923828125
23.883593750000017 35.24609375000003
23.703906250000017 35.233496093750034
23.638085937500023 35.23515625000002
23.59277343750003 35.257226562499994
23.561621093749977 35.295166015625
23.54755859375004 35.41557617187502
23.569824218750057 35.534765625000034
23.608691406250074 35.56625976562498
23.626562500000063 35.530371093750034
23.672656250000045 35.51391601562497
23.715429687500063 35.55014648437498
23.715039062500068 35.604736328125
23.736914062499977 35.65551757812506
23.770800781250045 35.63422851562498
23.793359375000023 35.55620117187496
23.85224609375004 35.53544921875002

27.137890624999983 35.40908203125002
27.09912109375 35.456445312499994
27.115820312500034 35.51113281250002
27.07070312500008 35.597753906250006
27.156054687500045 35.72626953124998
27.15800781249999 35.788671875
27.22314453125003 35.820458984374994
27.20703125000003 35.71445312499998
27.15722656250003 35.62949218749998
27.20888671875005 35.558935546875006
27.23359375000004 35.47856445312496
27.176074218750045 35.46528320312501

23.04218750000004 36.14638671875005
22.939453125000057 36.17622070312498
22.91083984375001 36.22099609374996
22.905664062500023 36.32031250000003
22.9326171875 36.36875
22.95048828124999 36.38393554687502
22.997851562500045 36.328125
23.097070312500023 36.24658203125003
23.053808593750006 36.189794921875006

27.770605468750006 35.908300781250034
27.745703125 35.911035156249966
27.715527343749983 35.95732421874999
27.75732421874997 36.069189453125034
27.718652343749994 36.14111328125003
27.716308593750057 36.17158203125001
27.7744140625 36.213769531249994
27.815234375000045 36.276953125
27.914453125000023 36.34531249999998
28.171484375000063 36.42622070312504
28.231835937500023 36.43364257812502
28.230078125 36.370263671874994
28.14404296874997 36.209863281249994
28.067675781250045 36.12968750000002
28.08779296875005 36.065332031249966
27.96552734375001 36.047509765624966
27.84277343749997 35.929296875000034

25.4359375 36.34008789062497
25.37050781250008 36.35893554687499
25.39716796875001 36.37895507812499
25.412890625000017 36.404882812500034
25.414648437500006 36.44228515625002
25.396875 36.46533203125
25.408984375000017 36.473730468750034
25.467382812500006 36.43505859374997
25.482421875000057 36.39262695312502

26.381640625000017 36.56152343749997
26.331445312499994 36.511376953124966
26.27001953125003 36.54692382812502
26.269824218750074 36.595410156249955
26.337011718749977 36.58056640625003
26.384179687499994 36.60786132812498
26.37001953125005 36.63857421875002
26.421289062500023 36.624218749999955
26.46064453125004 36.585400390624955

27.838281250000023 36.537988281249966
27.78808593750003 36.583691406249955
27.785742187499977 36.607519531250006
27.836816406249994 36.63486328124998
27.8625 36.64116210937502
27.869824218750068 36.622509765624955
27.869042968749994 36.58266601562502
27.860156250000045 36.55390625000001

24.5375 36.70502929687498
24.53066406250005 36.683984374999966
24.32597656249999 36.655615234375034
24.34492187500004 36.722998046875006
24.357421875 36.744287109374994
24.42519531250005 36.71293945312499
24.4501953125 36.72895507812498
24.460351562500023 36.74746093750002
24.535742187500006 36.76376953125006

25.364355468749977 36.658349609374966
25.288671875 36.72153320312498
25.25996093750004 36.75844726562502
25.29589843749997 36.78916015624998
25.40693359375004 36.71733398437502
25.38173828125005 36.67402343749998

26.918359375000023 36.72592773437498
26.955566406250057 36.77421875
27.061132812499977 36.84038085937502
27.214941406250063 36.89863281249998
27.265625 36.90512695312498
27.352148437500034 36.86889648437497
27.193164062500045 36.80913085937496
27.150976562499977 36.77758789062503
27.03359375000005 36.77075195312497
26.94960937499999 36.72709960937496

25.771093749999977 36.7822265625
25.74316406249997 36.78974609375001
25.79677734375005 36.80703125
25.834375 36.82539062499998
25.852441406250023 36.847558593749966
25.941992187499977 36.886572265625034
26.00068359375004 36.937402343749994
26.064453125000057 36.90273437500002
25.984667968750045 36.8796875
25.859375 36.790429687499966

24.70263671875 36.917089843750034
24.676464843749983 36.95927734374999
24.670996093750034 36.99858398437502
24.681445312500045 37.021630859374994
24.71611328124999 37.02382812499999
24.76318359375 36.94921875
24.720898437499983 36.92143554687502

26.919921875 36.945214843749966
26.937695312500068 37.02460937499998
26.88867187500003 37.08725585937506
26.96660156249999 37.052099609375006
27.016015625000023 37.009667968749966
27.040136718750063 37.0015625
27.03457031250008 36.97597656250002
27.019726562499983 36.95903320312496

25.19941406250004 36.991308593750034
25.13330078124997 36.999658203124966
25.10546875 37.03496093749996
25.146484375 37.10742187499997
25.23505859375001 37.148535156250006
25.27529296875005 37.137841796874966
25.27148437499997 37.084179687499955
25.278906249999977 37.06840820312502

25.456738281250068 36.9296875
25.395898437500023 36.984375
25.361914062500006 37.070410156250006
25.525292968749994 37.19638671874998
25.56435546875005 37.18510742187499
25.587890625000057 37.15253906250004
25.584277343750017 37.03930664062497
25.54589843750003 36.96757812500002

24.48652343750001 37.11005859374998
24.42480468749997 37.13198242187502
24.441210937500017 37.186865234375006
24.483789062499994 37.21020507812497
24.52910156249999 37.192333984374955
24.535937500000045 37.16767578125001
24.523535156250006 37.125097656250034

24.37890625000003 37.314111328124994
24.397753906250045 37.383447265624994
24.369726562500034 37.41962890624998
24.39482421874999 37.450390624999955
24.43125 37.475195312500034
24.448535156250017 37.44956054687506
24.481445312500057 37.40800781250002
24.435742187500068 37.344433593749955

24.93789062500005 37.38969726562502
24.911523437500023 37.39057617187504
24.896191406249983 37.406591796875006
24.89531249999999 37.44633789062502
24.906542968750074 37.50888671874998
24.94287109375 37.493505859375034

25.307128906250057 37.412988281249966
25.31269531250004 37.48930664062499
25.348144531250057 37.50917968750002
25.462988281250006 37.47109375
25.457421875000023 37.44707031249999
25.40273437500008 37.41914062499998

25.982421875000057 37.52558593750001
25.99677734375004 37.565576171874966
26.08632812500008 37.634912109374966
26.211523437500006 37.638281250000034
26.32558593750005 37.67304687500001
26.351367187500074 37.67431640625
26.296875 37.619580078124955
26.204882812500074 37.56850585937505
26.029296875 37.52939453124998

25.21875 37.53510742187498
25.156347656250063 37.545068359374966
25.05195312500001 37.61445312499998
25.01630859375004 37.64594726562501
24.99648437499999 37.676904296874994
25.039355468750017 37.68066406249997
25.091796875000057 37.64799804687499
25.225390625000017 37.63066406249999
25.255859375 37.59960937499997

24.288964843750023 37.52827148437501
24.277441406250063 37.60112304687502
24.320410156250034 37.677734375
24.379101562499983 37.682714843750034
24.40078125000005 37.649023437500006
24.35595703124997 37.576855468749955

26.947363281249977 37.778466796874994
26.981542968750034 37.781982421875
27.039648437500034 37.77001953124997
27.05507812500008 37.70927734375002
26.978125 37.70048828125002
26.844921874999983 37.64472656250001
26.788281249999983 37.65698242187503
26.720507812500045 37.705468749999966
26.612890625000063 37.71049804687502
26.581054687500057 37.723730468750034
26.63867187499997 37.780859375000034
26.743359374999983 37.80976562499998
26.824414062499983 37.811425781249966

20.993945312500017 37.70800781250003
20.90908203125005 37.73212890624998
20.818554687500068 37.66474609375001
20.703808593750068 37.74345703124999
20.63505859374999 37.823144531249966
20.619531250000023 37.85502929687496
20.691503906250034 37.92954101562506
20.75869140625005 37.85297851562498
20.839843750000057 37.840722656249994
20.888476562500017 37.80537109374998

24.962207031250045 37.69238281249997
24.884082031250017 37.77050781249997
24.798535156249983 37.82402343749996
24.76650390625005 37.87070312500006
24.71435546875 37.89887695312501
24.70019531250003 37.96166992187503
24.76337890625004 37.9875
24.790429687500023 37.990136718749966
24.855078125000063 37.913671875
24.95634765624999 37.90478515624997
24.948437500000068 37.85766601562497
24.98046875000003 37.796923828125045
24.99169921875 37.75961914062498

23.511425781250068 37.90117187499996
23.46679687500003 37.90239257812502
23.435253906249983 37.911474609375006
23.419335937500023 37.93125
23.439062500000063 37.940673828125
23.462207031250074 37.98037109375002
23.48369140624999 37.991113281249994
23.515527343749994 37.98603515625001
23.53486328125004 37.97021484375
23.55097656250004 37.925878906250006

20.62470703125001 38.26787109374996
20.69521484375008 38.24619140624998
20.788867187500074 38.14208984375
20.78076171875 38.08881835937498
20.761328125000063 38.070556640625
20.606152343750068 38.11972656249998
20.568945312500034 38.09765625000003
20.523535156250006 38.10664062499998
20.49550781250008 38.16416015624998
20.49873046875001 38.184375
20.47333984375001 38.21879882812502
20.45214843750003 38.23417968750002
20.391015625000023 38.188427734374955
20.3525390625 38.17988281249998
20.35224609375001 38.22172851562499
20.408691406250057 38.33676757812498
20.43505859375003 38.35620117187503
20.481445312500057 38.318212890625006
20.519628906250006 38.33232421874996
20.54833984375 38.39453125
20.550292968750057 38.45654296875003
20.56318359375001 38.47495117187506
20.61230468749997 38.38334960937496

20.709277343750017 38.318603515625
20.64638671875008 38.41430664062506
20.623632812500063 38.480322265625006
20.649707031250045 38.483984375000034
20.6748046875 38.47631835937497
20.701269531249977 38.45141601562497
20.701074218750023 38.42592773437502
20.71162109375004 38.398632812499955
20.73916015625005 38.36577148437502
20.75869140625005 38.32944335937498

25.99853515625003 38.161523437499966
25.891894531250074 38.24331054687502
25.874316406250045 38.26962890624998
25.95263671875003 38.30263671875002
25.99140625000001 38.353515625
25.9599609375 38.41601562500003
25.851269531250068 38.508398437500034
25.84609375000008 38.57402343749999
26.0125 38.60170898437502
26.110449218750006 38.544628906249955
26.160351562500068 38.540722656249955
26.141210937500063 38.486181640625034
26.14960937500001 38.46845703124998
26.15703124999999 38.30292968750001
26.11074218750008 38.27963867187506
26.103125 38.23417968750002
26.094042968750045 38.218066406250045

20.647851562500023 38.600976562499966
20.614355468750034 38.60625
20.58398437499997 38.60170898437502
20.554687500000057 38.58256835937496
20.55791015624999 38.66186523437503
20.59248046875001 38.76015625
20.634667968749994 38.817578124999955
20.694140625000045 38.84423828124997
20.71962890625008 38.799169921875034
20.71484375 38.63833007812502
20.68671875000004 38.608691406250045

24.56904296875004 38.78481445312502
24.54101562500003 38.788671875
24.564550781250034 38.81943359374998
24.566406250000057 38.832373046875034
24.461035156249977 38.888623046874955
24.473437500000017 38.961669921875
24.485644531250017 38.98027343749996
24.5640625 38.942236328125034
24.58125 38.87885742187501
24.67470703125008 38.80922851562502

23.471972656250017 38.85009765625
23.525 38.8134765625
23.63623046875 38.77021484374998
23.68847656249997 38.76469726562502
23.87822265624999 38.68657226562499
24.09902343750005 38.670996093750034
24.127539062499977 38.64848632812496
24.154687500000023 38.588281249999966
24.19970703125003 38.541015625
24.211035156250034 38.50424804687498
24.1875 38.46342773437502
24.220117187500023 38.338623046875
24.27578125000008 38.22001953124999
24.359667968750017 38.1625
24.463964843750034 38.145117187500006
24.563281250000017 38.14750976562496
24.58837890625 38.123974609374955
24.578515625000023 38.02016601562505
24.536523437499994 37.97973632812497
24.50234375000005 37.96992187500001
24.47265625000003 37.98051757812496
24.44580078125 38.00498046875006
24.416503906250057 38.01655273437501
24.359472656249977 38.01855468749997
24.317773437500023 38.06035156249996
24.212011718750063 38.11752929687498
24.19257812500001 38.15166015625002
24.1890625 38.20429687499998
24.144140625 38.243066406249966
24.102832031250017 38.31684570312498
24.063574218750006 38.33720703124996
24.041894531250023 38.374121093750034
24.040136718750034 38.38999023437498
23.88623046875003 38.400732421875034
23.7587890625 38.401220703125034
23.650781250000023 38.443066406249955
23.617382812500068 38.55253906249996
23.553320312500063 38.58198242187501
23.50527343750005 38.61293945312502
23.46523437500005 38.65585937500006
23.364062500000045 38.73500976562502
23.252148437499983 38.80122070312501
23.14394531250005 38.844824218750006
23.029101562500017 38.873388671875034
22.93574218750001 38.83964843750002
22.88134765625003 38.84765625000006
22.87031250000001 38.870507812499994
22.98632812500003 38.915917968749994
23.14580078124999 39.002685546875
23.25820312500008 39.03134765624998
23.312695312500068 39.034912109375
23.41542968750005 38.958642578124994

23.735156250000074 39.08056640624997
23.666113281250034 39.095361328124966
23.593945312499983 39.208593750000034
23.77978515625003 39.11440429687502

23.841210937499994 39.146582031250006
23.88808593750005 39.22636718750002
23.97089843750004 39.267724609374994
23.939746093750017 39.200537109375006
23.887988281250045 39.158300781250006

26.392773437500068 39.270117187500034
26.53105468749999 39.171777343749994
26.578222656250006 39.10952148437502
26.595605468749994 39.048828125
26.58398437500003 39.03144531250001
26.531542968750017 39.064355468749966
26.48867187500005 39.074804687500034
26.503125 39.03144531250001
26.54716796874999 38.99414062500006
26.46875 38.972802734374966
26.39013671874997 38.97392578125002
26.160839843750068 39.02587890625003
26.10791015625003 39.0810546875
26.2451171875 39.164111328125045
26.27314453125004 39.19755859375002
26.17597656250004 39.194287109374955
26.072363281249977 39.09560546875002
25.90625 39.13896484374996
25.85546875000003 39.17866210937498
25.844140625000023 39.20004882812498
25.909570312500023 39.287548828124955
26.026464843750034 39.28461914062498
26.088378906250057 39.304296875
26.16484374999999 39.331982421874955
26.165429687500023 39.37353515624997
26.347753906250034 39.383007812499955
26.410156250000057 39.32944335937506

20.09960937499997 39.376611328124994
19.975 39.41142578124996
19.88398437500001 39.46152343750006
19.808886718750074 39.585302734375034
19.64892578125 39.72617187500006
19.64648437500003 39.76708984375003
19.70732421874999 39.79809570312497
19.83857421875001 39.82011718750002
19.891699218749977 39.797265624999966
19.926074218750074 39.77373046874996
19.936816406250017 39.746728515624966
19.862207031250023 39.69262695312497
19.846679687500057 39.66811523437505
19.904101562500017 39.61948242187498
19.903125 39.6
19.927343750000063 39.505908203125045
19.955273437500068 39.47041015624998
20.02773437500008 39.44208984375001
20.07792968749999 39.432714843750034

25.39990234375003 39.949560546875006
25.372070312500057 39.891308593749955
25.35703125 39.80810546875006
25.298730468750023 39.80610351562498
25.26337890625001 39.822949218749955
25.251757812500045 39.854394531249966
25.249414062500023 39.89414062499998
25.22382812500004 39.89257812500003
25.203222656250006 39.84941406250002
25.185156249999977 39.82993164062506
25.12646484375 39.82583007812502
25.062207031250068 39.852392578125006
25.065234375000074 39.90986328124998
25.05234375 39.97636718749996
25.058007812500023 39.999658203124994
25.234179687500017 40.00541992187502
25.285742187500034 39.95629882812503
25.348046875000023 39.984765624999966
25.373632812500006 40.01552734375002
25.449121093750023 40.034814453124966
25.43769531250001 39.98330078125002

25.57265625000005 40.40043945312502
25.448046875000074 40.48281250000002
25.56855468750001 40.515869140625
25.624316406250017 40.49199218750002
25.664257812500068 40.46386718749997
25.68574218750001 40.42656250000002

24.64589843750008 40.57944335937498
24.51552734375008 40.64702148437499
24.516699218750034 40.68720703125001
24.585546875000034 40.76875
24.623339843750017 40.792919921874955
24.71914062500008 40.78627929687502
24.773632812499983 40.73027343749999
24.786328124999983 40.70385742187503
24.768652343750034 40.65888671875001
24.774218750000017 40.61518554687498

26.330664062500034 41.23876953125
26.32568359375 41.14326171875001
26.328417968750017 41.097021484375006
26.332617187499977 41.064306640625006
26.354101562500006 41.036767578124994
26.354101562500006 40.99707031249997
26.33105468750003 40.954492187499994
26.2412109375 40.883203124999966
26.17890625000001 40.826513671875034
26.109179687500017 40.74965820312502
26.06972656250008 40.74028320312499
26.038964843750023 40.72675781249998
26.01074218750003 40.769140625
25.855664062500068 40.84409179687498
25.49677734375004 40.887792968750006
25.325292968750006 40.943115234375
25.250097656250063 40.93281250000004
25.10449218749997 40.994726562500034
25.004687500000074 40.967529296875
24.79296875000003 40.85751953124998
24.6787109375 40.869482421875006
24.55654296875008 40.93559570312499
24.477050781250057 40.94775390624997
24.383789062500057 40.91274414062502
24.234375 40.7861328125
24.082324218750017 40.724072265624955
23.946093750000045 40.74833984375002
23.762792968750006 40.747802734375
23.743261718750034 40.67700195312497
23.77871093750005 40.62797851562502
23.878906250000057 40.544384765624955
23.83193359375008 40.481542968750034
23.866796874999977 40.41855468749998
23.932031250000023 40.40576171875003
24.030566406250045 40.409326171874966
24.212792968750023 40.327783203124966
24.29248046875003 40.241796875000034
24.343359374999977 40.14770507812506
24.23242187500003 40.215185546875034
24.158789062500034 40.280029296875
24.05605468750008 40.303564453125006
23.913183593750006 40.358789062499966
23.82343750000004 40.36801757812498
23.727929687500023 40.329736328124994
23.720507812500017 40.28627929687502
23.82343750000004 40.20512695312502
23.917578125000034 40.15522460937498
23.967480468750068 40.11455078124996
24.000781250000017 40.02460937500001
23.98183593750005 39.994042968749994
23.94707031249999 39.96557617187497
23.83535156250005 40.02226562499999
23.66455078125 40.22382812500001
23.42626953125003 40.26396484375002
23.386425781249983 40.22197265624999
23.433203125 40.115429687499955
23.46708984374999 40.07392578125001
23.674121093750074 39.95888671875002
23.657519531250074 39.93447265625002
23.62734375000005 39.92407226562506
23.395605468750006 39.989843750000034
23.328222656250034 40.089941406250006
23.31201171875003 40.21645507812502
23.098144531250057 40.30429687499998
22.896484375 40.39990234375
22.851367187500045 40.490625
22.892871093750074 40.524267578125034
22.922265625000023 40.59086914062499
22.811425781249994 40.57861328125
22.74189453125004 40.536474609375034
22.629492187500063 40.495556640624955
22.624902343750023 40.428613281249994
22.642675781250006 40.366601562499966
22.605468750000057 40.27641601562499
22.569335937500057 40.119335937499955
22.592187500000023 40.036914062500045
22.835742187500074 39.80058593750002
22.919042968749977 39.62890625000006
22.97880859374999 39.563818359375006
23.10341796875008 39.49204101562506
23.2333984375 39.35844726562502
23.288476562500023 39.28881835937503
23.327734375000034 39.174902343750006
23.218359375000034 39.10439453125002
23.154687500000023 39.101464843749966
23.119433593750045 39.132763671874955
23.16875 39.21044921874997
23.161718750000034 39.25776367187501
22.99287109375001 39.33105468750003
22.92138671875003 39.306347656249955
22.838964843750006 39.25859375000002
22.886035156250017 39.16997070312499
22.938964843750057 39.11152343749998
22.96552734375004 39.030908203124994
23.066699218750045 39.037939453125006
22.930468750000017 38.94770507812501
22.80263671875008 38.90161132812503
22.676855468750034 38.89892578125
22.596777343750063 38.89057617187498
22.569140625000017 38.86748046874999
22.634277343750057 38.850683593750034
22.6875 38.84916992187499
22.774023437500006 38.800390625
23.020312500000017 38.74189453124998
23.13769531250003 38.66796875000003
23.252929687500057 38.66123046874998
23.368945312500074 38.525537109374966
23.569628906250017 38.489404296874966
23.68398437500005 38.352441406249966
23.836035156250006 38.32548828124999
23.96699218750004 38.275
24.005371093750057 38.22680664062503
24.024511718750034 38.139794921874994
24.03300781249999 37.95532226562497
24.06132812499999 37.81791992187496
24.062304687500017 37.774511718750006
24.05537109375004 37.70961914062502
24.01972656250004 37.677734375
23.971582031250023 37.67675781249997
23.87734375 37.777783203124955
23.73281250000005 37.88408203125002
23.58046875 38.010546875000045
23.537207031249977 38.03276367187502
23.501757812500045 38.03486328125001
23.420214843750045 37.992089843749994
23.193652343750074 37.95903320312502
23.08740234375 37.91284179687503
23.047460937500034 37.90263671874999
23.036328124999983 37.87836914062501
23.08613281250001 37.853125
23.14716796875001 37.795312499999966
23.14716796875001 37.71625976562504
23.197558593750074 37.620214843750006
23.2626953125 37.59541015625001
23.34755859375008 37.597558593749994
23.39619140625004 37.57978515625004
23.408789062500006 37.54155273437496
23.458105468750034 37.496923828125034
23.490625 37.46386718750003
23.48925781249997 37.440185546875
23.252539062499977 37.37729492187498
23.203027343750023 37.348535156249994
23.161523437499994 37.333837890625006
23.1 37.36376953124997
23.096484375000074 37.440576171874994
23.01513671875003 37.481787109375034
22.940527343750006 37.51708984375006
22.85107421875 37.53222656250003
22.775 37.585107421874966
22.725390625000045 37.542138671874994
22.76503906250005 37.39331054687497
22.85107421875 37.29082031249996
22.995019531250023 37.01586914062497
23.06035156249999 36.85351562500003
23.073535156250017 36.77495117187502
23.041015625000057 36.64453125
23.11171875000008 36.54760742187497
23.16015625 36.448095703125034
23.10683593750005 36.45185546875001
23.06054687500003 36.486962890624966
22.98291015625003 36.52836914062496
22.83232421874999 36.68710937499998
22.779882812500063 36.78618164062499
22.71718750000008 36.79394531249997
22.60839843750003 36.77973632812501
22.489062500000045 36.56816406249999
22.48945312500004 36.446923828124994
22.427734375 36.47578125000001
22.374804687500045 36.513574218749966
22.38125 36.64619140624998
22.37597656250003 36.70190429687497
22.23115234375001 36.882568359375
22.164746093750068 36.90283203125006
22.133789062500057 36.96391601562496
22.080468750000023 37.028955078124994
22.011718750000057 37.01650390625002
21.95556640625 36.99008789062498
21.940039062500034 36.89179687500001
21.93427734375001 36.80366210937501
21.89238281249999 36.7373046875
21.73808593749999 36.86323242187498
21.582910156249994 37.08095703125002
21.578808593750068 37.20039062500001
21.692480468750034 37.30927734374998
21.67890625000001 37.38720703124997
21.57128906250003 37.54101562500003
21.416210937500068 37.63994140625002
21.32929687500004 37.669335937499966
21.28847656250005 37.774511718750006
21.205273437499983 37.82885742187497
21.137988281250045 37.854150390624966
21.12470703125001 37.89160156250006
21.145019531250057 37.919287109375006
21.30810546874997 38.027441406250006
21.403710937499994 38.19667968750002
21.451171875 38.204736328124994
21.54873046875005 38.16459960937499
21.65839843750001 38.17509765624999
21.74843750000008 38.27421875000002
21.824707031250057 38.328125
21.953320312500068 38.321191406249994
22.24375 38.188720703125
22.555859375000068 38.11323242187498
22.711523437499977 38.04692382812499
22.799609375000074 37.981201171875
22.84638671875001 37.96757812499999
22.92031250000008 37.95830078124996
22.9169921875 38.00747070312502
22.893164062500034 38.050927734374994
22.954785156250068 38.07460937500002
23.122070312500057 38.073339843750034
23.15253906250004 38.09638671875001
23.18349609375005 38.133691406249994
23.14892578125 38.17607421875002
23.093554687500017 38.196435546874966
23.034375 38.20209960937498
22.99541015624999 38.215527343749955
22.93251953125008 38.201953125000045
22.834375 38.23471679687506
22.78369140625003 38.26171875000006
22.75390625 38.28950195312501
22.58339843750008 38.34492187500004
22.42167968749999 38.43852539062502
22.38525390625003 38.38554687499996
22.319921875000063 38.356835937499966
22.226855468750017 38.35283203124996
21.96533203125003 38.412451171875034
21.80468749999997 38.366943359375
21.717089843750074 38.35502929687496
21.65009765625001 38.35400390625003
21.567675781250017 38.333593750000034
21.47255859375008 38.321386718750034
21.39013671875 38.40781250000006
21.35546875000003 38.47480468750001
21.33105468750003 38.4873046875
21.32978515625004 38.42436523437496
21.303320312500063 38.373925781249994
21.1826171875 38.34555664062498
21.11318359375005 38.384667968749966
21.05976562500001 38.50327148437506
20.9921875 38.65400390625004
20.87324218750001 38.775732421875034
20.77685546875003 38.80751953125005
20.7685546875 38.874414062499994
20.77734375000003 38.927880859374966
20.893164062500006 38.94111328124998
21.07421875000003 38.885156249999966
21.111621093750017 38.89628906250002
21.15234375000003 38.92207031250001
21.144531250000057 38.97919921875001
21.11835937500004 39.02998046874998
21.06855468750001 39.03227539062499
21.034082031250023 39.02626953125002
20.92275390625008 39.03676757812502
20.77968750000005 39.00854492187506
20.713378906250057 39.03515624999997
20.69130859375008 39.06748046874998
20.57167968750005 39.14770507812497
20.46826171875003 39.25527343750005
20.30078125000003 39.32709960937501
20.19140625000003 39.545800781249994
20.099414062500017 39.641259765624994
20.001269531250017 39.70942382812501
20.022558593750006 39.710693359375
20.05976562500004 39.69912109375005
20.131054687500068 39.66162109375006
20.206835937500074 39.65351562499998
20.248242187500068 39.678369140624994
20.272070312500034 39.70117187500003
20.28759765625 39.73857421875002
20.293847656250023 39.78222656250003
20.306152343750057 39.79667968750002
20.364062500000017 39.791748046875
20.382421875000034 39.802636718749994
20.381640625000045 39.84179687499997
20.34423828125 39.890625
20.311328125000045 39.95078124999998
20.311132812500006 39.979443359374955
20.338476562500063 39.991064453125006
20.383691406250023 40.0171875
20.408007812500017 40.04946289062502
20.45605468750003 40.06557617187502
20.52705078125001 40.068505859374994
20.60625 40.08266601562502
20.65742187500001 40.11738281249998
20.66494140625005 40.151757812499994
20.696972656249983 40.24638671874999
20.717871093749977 40.29267578125001
20.75166015625004 40.33491210937498
20.770019531250057 40.39189453124996
20.806054687500023 40.44545898437505
20.881640625000045 40.467919921874994
20.95019531249997 40.49438476562497
21.001953125000057 40.563378906249994
21.030859375000063 40.62246093750005
21.031054687500017 40.658642578124955
20.987890625000034 40.7177734375
20.95576171875004 40.775292968749994
20.964257812499994 40.84990234375002
21.1 40.856152343749955
21.147558593750034 40.863134765625034
21.323730468750057 40.86713867187498
21.404101562500074 40.907177734374955
21.45966796875004 40.903613281250045
21.575781250000063 40.86894531249999
21.627539062500034 40.89633789062506
21.77949218750001 40.95043945312497
21.929492187500017 41.107421875
21.99335937500004 41.13095703124998
22.13886718750004 41.140527343749994
22.18447265625008 41.15864257812504
22.23769531250008 41.15517578125002
22.40078125 41.123388671875034
22.49355468750008 41.118505859375034
22.603613281250034 41.14018554687499
22.72480468750004 41.17851562499999
22.755078125000068 41.31274414062497
22.783886718750068 41.33198242187498
22.85927734375008 41.33735351562501
22.916015625 41.33627929687498
23.02558593750001 41.32563476562504
23.15595703125001 41.32207031250002
23.239843750000063 41.384960937499955
23.3720703125 41.38964843750003
23.433398437500045 41.39873046875002
23.535839843750068 41.38603515624999
23.63515625000005 41.38676757812496
23.762304687500006 41.412988281249966
23.880859375 41.45595703125002
23.97353515625005 41.452294921874994
24.011328125000034 41.46005859374998
24.032910156250068 41.469091796875034
24.05605468750008 41.527246093749994
24.23037109375005 41.53081054687499
24.289453125000023 41.525048828124994
24.38671875000003 41.523535156250034
24.487890625000034 41.55522460937499
24.51826171875001 41.55253906249999
24.56933593750003 41.467382812500034
24.595996093750045 41.442724609375006
24.651074218750068 41.41997070312499
24.773730468750017 41.35610351562502
24.79580078125005 41.37290039062498
24.846875 41.39423828124998
24.993554687500023 41.36499023437497
25.133398437500006 41.31577148437498
25.25117187500001 41.24355468750002
25.381933593750006 41.26435546874998
25.52705078125001 41.2998046875
25.62148437500005 41.31010742187499
25.723925781250045 41.315039062500006
25.784960937500045 41.330419921875034
25.92333984375 41.311914062499994
26.06640625 41.35068359374998
26.135351562500034 41.38574218750003
26.15517578125008 41.43486328124999
26.1435546875 41.52153320312499
26.11123046875008 41.60820312499996
26.076953125000017 41.64018554687499
26.066015625000034 41.673242187499966
26.085546875 41.70415039062496
26.10742187500003 41.725683593750006
26.20058593750008 41.743798828124966
26.320898437499977 41.716552734375
26.41054687500005 41.69633789062496
26.4625 41.66337890625002
26.495019531250023 41.63325195312501
26.544531249999977 41.60722656250002
26.581347656250017 41.601269531249955
26.60976562500005 41.51215820312501
26.624902343750023 41.401757812499994
26.602343750000045 41.354150390624994
26.536425781250017 41.343115234375034

