-46.38154296875001 60.660302734374966
-46.49633789062494 60.686669921874994
-46.553125 60.74077148437502
-46.66621093750001 60.76591796874999
-46.78808593749997 60.758398437500034
-46.78999023437501 60.779833984375074
-46.39389648437495 60.908789062500034
-46.205224609374966 60.94350585937502
-46.218603515625034 60.88916015625003
-46.25449218749998 60.84155273437503
-46.26669921874998 60.78139648437502

-37.18681640624996 65.53134765625003
-37.238427734374994 65.60986328124997
-37.22290039062494 65.695458984375
-37.04750976562502 65.72226562500003
-36.953076171874955 65.66333007812503
-36.986914062500006 65.5755859375
-37.03125 65.531982421875

-51.17041015624997 69.51713867187499
-51.20205078125002 69.525
-51.23398437499995 69.55185546874998
-51.31489257812501 69.674072265625
-51.3388671875 69.73203124999998
-51.318945312500034 69.804052734375
-51.350292968749926 69.85478515625005
-51.208886718749994 69.913916015625
-51.09458007812498 69.92416992187498
-50.94023437499999 69.90869140625
-50.67900390624996 69.84853515625002
-50.697900390624994 69.82905273437495
-50.75439453124994 69.79765625000005
-50.911718750000034 69.75668945312503
-50.96723632812498 69.66425781249995
-50.977880859375006 69.617822265625
-50.97041015624998 69.5830078125
-51.01367187500003 69.552490234375

-52.39824218750002 69.86342773437502
-52.045312499999966 69.80722656250003
-52.01079101562493 69.78154296875005
-51.98339843749994 69.74267578125003
-51.97705078125 69.72241210937497
-51.98510742187494 69.70361328124997
-52.007470703124966 69.686279296875
-51.98168945312497 69.66396484374997
-51.90776367187499 69.63666992187501
-51.90019531249996 69.60478515624999
-51.988427734374994 69.55
-52.11259765624999 69.48911132812498
-52.77045898437498 69.36391601562497
-53.003125 69.34262695312498
-53.57841796875002 69.25664062500005
-53.754345703124955 69.26015624999997
-53.79316406249998 69.26420898437499
-53.902050781249955 69.30200195312506
-54.051171874999966 69.337158203125
-54.12104492187498 69.36440429687497
-54.182714843750006 69.40351562499995
-54.15815429687498 69.42778320312499
-54.04736328124997 69.43730468749999
-53.88959960937498 69.43666992187502
-53.658300781250034 69.46513671875007
-53.722265625 69.49072265625003
-53.78305664062495 69.50629882812501
-53.825 69.54033203125002
-53.921484375 69.53369140625
-53.99375 69.55317382812495
-54.133203124999966 69.56542968749997
-54.496972656249994 69.57719726562499
-54.734130859375 69.61054687500001
-54.804101562499966 69.630517578125
-54.86577148437499 69.66503906250003
-54.919140624999955 69.71362304687497
-54.84125976562498 69.90190429687505
-54.78789062499993 69.94985351562497
-54.66459960937496 69.96567382812498
-54.36308593749999 69.92382812499997
-54.322607421875006 69.94189453125003
-54.65244140624998 70.01118164062501
-54.773632812499955 70.05253906250002
-54.80932617187494 70.08510742187497
-54.83076171874998 70.13295898437497
-54.83046875 70.16108398437501
-54.815576171874994 70.18940429687501
-54.78623046874995 70.2177734375
-54.70595703124994 70.25615234375002
-54.37163085937496 70.31728515625002
-54.007226562499966 70.29643554687505
-53.375146484374994 70.2212890625
-53.296728515625006 70.20537109375005
-53.10292968749994 70.14086914062497
-52.73115234374998 69.94472656249997

-51.80869140624998 70.8525390625
-52.11938476562494 70.87065429687505
-52.14418945312502 70.88227539062501
-52.148046875 70.90439453125
-52.10673828124996 70.968017578125
-51.969824218750034 70.97646484375002
-51.80693359374999 70.94165039062503
-51.63134765625 70.89213867187499
-51.60693359375 70.86884765624995
-51.675146484375034 70.85522460937503

-25.397216796875 70.862451171875
-25.393652343750006 70.83466796875001
-25.40136718749997 70.81127929687503
-25.420800781249937 70.79458007812502
-25.4677734375 70.7796875
-25.380126953125 70.74057617187503
-25.351660156249977 70.71430664062501
-25.346337890624937 70.69331054687498
-25.402246093749966 70.65268554687498
-25.800585937499932 70.59892578125002
-25.911328124999955 70.57304687499999
-26.049707031249994 70.50913085937503
-26.21787109374995 70.45405273437501
-26.27387695312501 70.45434570312497
-26.33916015624999 70.51142578124995
-26.604687499999983 70.553369140625
-27.10478515624999 70.53149414062497
-27.690039062500034 70.47866210937497
-27.897998046874932 70.45400390625
-28.003027343750034 70.467138671875
-28.035253906250006 70.48681640625003
-28.036816406249983 70.51435546874995
-27.96752929687497 70.59482421875
-27.939550781249977 70.61528320312499
-27.805273437499977 70.64204101562501
-27.714208984374977 70.71279296874997
-27.743994140625006 70.78974609375001
-27.708935546874983 70.89711914062502
-27.617236328124932 70.91376953124995
-27.3875 70.875634765625
-27.238867187500034 70.86757812499997
-26.97558593749997 70.86269531250002
-26.62177734375001 70.875634765625
-26.33745117187499 70.91923828125002
-25.818896484374932 71.04365234374995
-25.726806640625 71.04204101562499
-25.660839843749983 70.99794921874997
-25.612304687499943 70.976318359375
-25.458251953125 70.94252929687497
-25.432324218749983 70.92133789062498

-53.628808593749966 71.03427734375
-53.897558593750006 71.08515624999995
-53.941162109375 71.10429687500005
-53.95781249999993 71.12773437500002
-53.947460937499955 71.155517578125
-53.86186523437502 71.20722656249995
-53.70097656250002 71.28300781250005
-53.58447265625 71.29707031249998
-53.512353515624966 71.24960937499998
-53.44140624999997 71.18583984375005
-53.43212890624997 71.15341796875
-53.436914062499966 71.11523437499997
-53.45546875 71.08291015624997
-53.48779296875003 71.05629882812505
-53.53520507812499 71.04082031249999

-55.15820312499997 72.72329101562502
-55.27358398437494 72.68432617187497
-55.52363281249998 72.56840820312499
-55.566601562499955 72.56435546874997
-55.634130859375034 72.579443359375
-55.68652343749997 72.60991210937502
-55.78100585937503 72.61723632812499
-55.81391601562498 72.636474609375
-55.8271484375 72.65214843749999
-55.86904296875002 72.66210937499997
-55.93569335937502 72.66835937500002
-56.042675781249955 72.65644531249998
-56.14086914062497 72.66845703125003
-56.214794921874926 72.71918945312498
-56.07807617187498 72.75322265624999
-55.993554687499994 72.78227539062505
-55.666455078124955 72.79370117187497
-55.57421875 72.78037109375
-55.516259765624994 72.78071289062498
-55.427929687499955 72.78862304687499
-55.23466796875002 72.8248046875
-55.205810546875 72.84165039062498
-55.03300781249996 72.82050781250001
-55.01689453124996 72.79111328124998

-17.92119140624999 75.301513671875
-17.885888671874994 75.20444335937503
-17.762402343749983 75.14277343749998
-17.49785156249999 75.151513671875
-17.391992187499994 75.03691406250002
-17.58603515624992 74.99277343749998
-18.353320312500017 75.01044921875004
-18.670800781249937 75.00166015625001
-18.891308593749926 75.07216796875
-18.882470703124994 75.195654296875
-18.85605468749995 75.31914062500005
-18.63554687499996 75.3896484375
-18.450341796874966 75.32797851562498
-18.229882812499994 75.37207031249997
-18.00053710937499 75.40732421874998

-18.697265625 76.01586914062506
-19.085351562500023 76.43037109375004
-19.085351562500023 76.58027343750001
-19.05888671874996 76.69497070312502
-18.882470703124994 76.70380859374995
-18.732617187499926 76.64204101562498
-18.662011718750023 76.40390625000006
-18.58261718749992 76.04233398437503

-72.02353515624998 77.31645507812499
-72.37441406249997 77.35541992187501
-72.49492187500002 77.38554687500002
-72.48955078124999 77.431640625
-72.43642578125 77.44755859375005
-72.24677734374998 77.46352539062502
-72.08906250000001 77.46708984375002
-71.98276367187503 77.4599609375
-71.73291015625003 77.431640625
-71.55214843749997 77.40327148437498
-71.43344726562503 77.39438476562503
-71.46708984374996 77.35366210937502
-71.66733398437498 77.32529296875

-18.147998046875017 77.64233398437503
-18.220019531249932 77.668359375
-18.174023437499983 77.71435546875003
-17.903710937499994 77.86259765625005
-17.81357421874992 77.874609375
-17.68144531249999 77.85859375000004
-17.641357421875 77.78247070312497
-17.72949218750003 77.706396484375
-17.95371093749995 77.64233398437503

-19.12949218749995 77.93852539062505
-19.217626953124977 78.04433593750002
-19.297021484374966 78.18544921875
-19.31469726562503 78.34418945312501
-19.11181640625 78.42358398437503
-19.00595703124992 78.44121093750007
-18.93540039062495 78.42358398437503
-18.953027343749966 78.35297851562504
-18.953027343749966 78.21191406249997
-18.882470703124994 78.11489257812502
-18.997167968750006 77.97377929687497

-18.035839843749983 79.71123046874999
-18.662011718750023 79.72001953124999
-19.032421874999983 79.77294921875003
-19.138281249999977 79.85234375000005
-18.997167968750006 79.94047851562505
-18.54736328125003 80.01108398437506
-17.982910156249943 80.05517578124997
-17.471386718749926 80.0287109375
-17.400830078124955 79.94047851562505
-17.6125 79.82587890624998

-18.76767578124995 81.81430664062498
-19.031445312499955 81.82719726562502
-19.369287109374966 81.91728515624999
-19.594482421875 81.99125976562505
-19.610546874999983 82.078125
-19.49472656249992 82.11669921875003
-19.314550781250006 82.12319335937502
-19.06689453125 82.04916992187503
-18.812695312499983 81.94946289062497
-18.664746093749955 81.84648437500005

-45.06743164062499 82.066015625
-45.49077148437499 82.17182617187498
-46.16103515624994 82.27768554687498
-46.75190429687498 82.34819335937505
-47.30751953125002 82.53339843750001
-47.35122070312494 82.59921875
-47.27226562500002 82.65693359374995
-46.78720703124998 82.66572265624998
-46.39916992187497 82.69213867187503
-45.411376953125 82.57753906250005
-44.91748046875 82.48051757812499
-44.749902343749966 82.40112304687497
-44.77636718750003 82.24238281249998
-44.86455078124996 82.08364257812497

-28.99199218749996 83.50478515625002
-28.483789062499994 83.434912109375
-28.377050781250006 83.43720703125004
-27.688378906249966 83.41040039062497
-27.034423828124943 83.37690429687501
-25.947412109375023 83.28964843749998
-25.795068359374966 83.260986328125
-25.912451171875006 83.2375
-26.182714843749977 83.22138671875001
-27.571875 83.19262695312503
-30.091992187499983 83.15742187499995
-31.53398437499996 83.08891601562505
-31.99267578124997 83.08535156250002
-32.03271484375003 82.98344726562505
-31.836767578125006 82.97788085937498
-31.51557617187501 82.99165039062504
-30.386035156249932 83.09370117187495
-29.963574218749926 83.110498046875
-29.175 83.10200195312495
-28.151464843749977 83.06372070312497
-27.73852539062497 83.07719726562505
-27.002050781250034 83.06718750000005
-26.140820312499983 83.09643554687497
-25.12338867187492 83.15961914062495
-24.845166015624983 83.0185546875
-24.4703125 82.87739257812501
-24.17363281249996 82.89301757812501
-23.919531249999977 82.885107421875
-23.83354492187496 82.83876953124997
-23.69462890624999 82.81914062500005
-23.406933593749983 82.82968749999998
-22.52490234374997 82.78916015624998
-21.919677734374943 82.71640625
-21.69179687499999 82.68251953125002
-21.58251953125 82.63417968750002
-21.520654296875023 82.59541015624995
-21.61577148437496 82.547705078125
-21.99394531249999 82.46279296875002
-22.472558593749966 82.38471679687501
-23.118066406249937 82.32470703125006
-23.862207031250023 82.28706054687501
-29.579394531250017 82.16118164062505
-29.77275390624996 82.13125
-29.887402343749955 82.05483398437505
-29.810986328124926 81.95546874999997
-29.543847656249966 81.93994140625
-28.91943359375003 81.99589843750002
-27.839501953125023 82.04887695312499
-27.04594726562499 82.04633789062501
-25.148828124999937 82.00112304687502
-24.58916015624996 81.8828125
-24.29306640624995 81.70097656249999
-23.63652343749996 81.74184570312497
-23.49614257812496 81.773046875
-23.39296875 81.82719726562502
-23.31054687499997 81.88530273437505
-23.248779296875 81.94726562499997
-23.179833984374994 81.98945312499995
-23.103710937499955 82.01181640624998
-22.940087890624994 82.03051757812497
-22.563378906249994 82.05302734375002
-21.57553710937492 82.07495117187497
-21.33798828124992 82.06870117187503
-21.167382812499994 81.98383789062495
-21.130322265624983 81.934228515625
-21.11796875 81.86962890624997
-21.123437500000023 81.78994140625
-21.14658203124992 81.69516601562503
-21.23051757812499 81.60136718750002
-21.50390624999997 81.4375
-21.72363281249997 81.34824218749998
-21.96074218749996 81.28393554687503
-22.41528320312503 81.13710937500005
-22.572753906249943 81.09790039062506
-23.072460937499983 80.92670898437498
-23.196386718750006 80.84736328124998
-23.20366210937496 80.78925781249995
-23.11772460937496 80.778173828125
-22.972851562499926 80.83281250000005
-22.91894531249997 80.871826171875
-22.82568359374997 80.91264648437505
-22.08940429687499 81.02021484375004
-21.931347656249926 81.0501953125
-21.44975585937496 81.17817382812495
-21.142431640624977 81.22617187499998
-20.88974609374992 81.2763671875
-20.755859375 81.31201171874997
-20.01572265624995 81.56435546875005
-19.629931640624932 81.63989257812497
-19.224755859374994 81.6400390625
-19.152978515624937 81.51220703124997
-18.667382812499966 81.49243164062503
-18.45654296875 81.49794921875002
-18.11787109375001 81.46684570312499
-17.969384765624966 81.441162109375
-17.716650390624977 81.42817382812501
-17.4560546875 81.39770507812503
-17.226220703124994 81.43041992187503
-17.159033203124977 81.45092773437503
-16.93706054687496 81.54389648437495
-16.637109374999966 81.62622070312503
-16.35898437499995 81.72905273437502
-16.266796874999926 81.75395507812502
-16.120703125 81.77661132812503
-15.968896484374994 81.78549804687498
-15.555517578124977 81.83359375
-15.450634765625011 81.83696289062507
-15.227490234374926 81.82177734375
-14.24199218749996 81.81386718749997
-13.704492187499994 81.7890625
-12.956005859374983 81.72021484375
-12.434423828124949 81.68251953125005
-12.192871093749943 81.64912109374998
-11.84111328124996 81.57753906249997
-11.55747070312492 81.50263671874998
-11.425537109374943 81.48061523437502
-11.430664062500028 81.45683593749999
-11.528808593749943 81.42402343749995
-12.231347656249966 81.30922851562502
-12.461230468750017 81.23251953125003
-13.126220703124943 81.08779296875002
-13.451171874999972 81.03808593750003
-13.804296874999977 81.01860351562505
-14.197363281249949 81.013916015625
-14.452343749999926 80.99311523437501
-14.490136718749994 80.97329101562497
-14.308496093749937 80.913232421875
-14.228564453124989 80.87045898437498
-14.240185546874955 80.83242187499997
-14.43125 80.77607421875004
-14.503564453124966 80.76328125
-15.194238281249994 80.721435546875
-15.542675781249926 80.650390625
-15.997509765624955 80.64169921875
-16.318945312499977 80.64980468749997
-16.760595703124977 80.57338867187502
-16.587792968749937 80.51123046874997
-16.42944335937503 80.48422851562498
-15.937255859375028 80.42763671875
-15.932617187499972 80.39511718750003
-16.16777343749999 80.32939453125007
-16.48876953125003 80.251953125
-16.868408203125 80.1982421875
-17.011132812499937 80.19018554687503
-17.191162109374943 80.20366210937502
-17.357226562499932 80.20078124999998
-17.72285156250001 80.176025390625
-18.070947265624937 80.17207031249998
-18.692578124999926 80.20708007812502
-19.02900390625001 80.24760742187502
-19.20600585937501 80.26162109375002
-19.42919921875 80.25771484375002
-19.515039062499994 80.24140624999998
-19.866796874999977 80.14472656250001
-20.039501953124983 80.07871093749998
-20.15014648437497 80.01123046875
-20.197412109374994 79.93764648437502
-20.181347656249926 79.85795898437505
-20.13847656249999 79.80336914062502
-20.06884765625 79.77377929687503
-19.98540039062499 79.75585937500003
-19.839306640624955 79.74648437499997
-19.517871093749932 79.75537109375
-19.391503906249966 79.75034179687503
-19.35302734375003 79.73417968750005
-19.28359375 79.68315429687505
-19.29599609374995 79.635009765625
-19.354199218749983 79.56733398437498
-19.399316406249937 79.48837890624998
-19.43120117187496 79.39814453124998
-19.41401367187501 79.34882812499995
-19.28398437499999 79.338037109375
-19.22294921874999 79.34160156249999
-19.15219726562495 79.32539062499998
-19.07177734375 79.28945312500002
-19.01132812499995 79.25146484375003
-18.97080078124995 79.21137695312501
-18.991992187500017 79.17836914062497
-19.074951171874943 79.15234375
-19.26220703125 79.12299804687495
-19.72304687499999 79.06503906250006
-19.769824218749932 79.04736328125
-19.806054687499937 79.01210937500002
-19.83159179687499 78.95913085937497
-19.887207031249943 78.91093750000002
-19.972900390625 78.86762695312498
-20.05048828125001 78.84179687500006
-20.199902343749983 78.83032226562503
-20.395703124999983 78.82880859374998
-20.61557617187492 78.80390624999995
-21.133740234374983 78.65864257812495
-21.14145507812495 78.64252929687495
-20.947460937499955 78.59589843749995
-20.95566406249995 78.55502929687498
-21.194775390624983 78.37983398437498
-21.260205078124983 78.29301757812499
-21.31201171874997 78.17397460937497
-21.397265624999932 78.07358398437503
-21.51596679687495 77.991845703125
-21.63266601562492 77.89746093750003
-21.74755859374997 77.790625
-21.72958984374995 77.70854492187502
-21.57890624999999 77.6513671875
-21.37968749999999 77.69755859374999
-21.13188476562496 77.84721679687502
-20.86259765624999 77.91186523437506
-20.57182617187499 77.89155273437498
-20.318603515625 77.861962890625
-19.9951171875 77.80341796874998
-19.724316406249983 77.766943359375
-19.490429687499955 77.718896484375
-19.393994140624926 77.678369140625
-19.296875 77.62128906250001
-19.296093749999955 77.58525390625002
-19.467529296875 77.56582031249997
-19.524121093749983 77.57197265624998
-19.953222656250006 77.66635742187503
-20.162060546874983 77.68984375000002
-20.43920898437497 77.66162109375006
-20.680810546874994 77.61899414062498
-20.463769531249994 77.44731445312499
-20.23193359375003 77.368408203125
-19.808642578124932 77.33237304687503
-19.587597656249926 77.29443359375003
-19.426416015624966 77.24599609375002
-19.30029296875003 77.22236328124998
-19.131005859374994 77.23276367187498
-18.903417968750006 77.28046875000001
-18.585888671874955 77.283056640625
-18.442626953125 77.259375
-18.339013671874937 77.21528320312498
-18.292382812499937 77.13286132812505
-18.302734375 77.01210937499997
-18.33725585937495 76.92119140625002
-18.396044921875017 76.86005859374998
-18.510302734374932 76.778173828125
-18.605761718750017 76.76328125
-18.74028320312499 76.76772460937502
-18.86533203124995 76.78452148437498
-18.98100585937499 76.81376953125007
-19.15634765624992 76.836572265625
-19.508789062499943 76.86108398437503
-19.864941406249955 76.91440429687506
-20.064355468749994 76.92758789062498
-20.486718749999966 76.92080078125002
-20.942089843749926 76.88701171875007
-20.95991210937501 76.84267578125
-21.614697265624983 76.687890625
-21.7490234375 76.68999023437499
-21.930810546874994 76.74316406249997
-22.185253906249983 76.79409179687497
-22.334326171874977 76.79370117187497
-22.554541015624977 76.729248046875
-22.609326171874955 76.70429687499995
-22.606640624999926 76.68076171874998
-22.44443359374992 76.62504882812499
-22.378613281249926 76.61220703125002
-22.29487304687501 76.60146484374997
-22.003710937499932 76.58808593750001
-21.877343749999937 76.57348632812497
-21.75810546874999 76.400537109375
-21.569091796874943 76.29370117187497
-21.488232421874983 76.271875
-21.41684570312492 76.26401367187498
-21.185449218749937 76.26796875
-20.887402343749983 76.30400390625005
-20.783300781250006 76.27514648437503
-20.56381835937495 76.23984375000003
-20.435400390625006 76.2310546875
-20.279296875 76.23247070312505
-20.103613281249977 76.21909179687498
-19.862890624999977 76.12065429687499
-19.957714843749926 75.99667968750003
-19.80688476562503 75.89736328124997
-19.566015624999977 75.79497070312499
-19.508984374999983 75.75751953124998
-19.48569335937495 75.68959960937502
-19.480273437500017 75.64477539062503
-19.46215820312497 75.60385742187503
-19.431445312500017 75.56689453124997
-19.399511718749977 75.49443359375005
-19.366455078125 75.38642578124998
-19.375292968749932 75.29819335937503
-19.425976562499955 75.22983398437506
-19.52636718749997 75.18022460937499
-19.67626953124997 75.14936523437501
-19.798486328124994 75.15747070312497
-19.89316406249992 75.20454101562495
-20.026562499999926 75.25468750000005
-20.198681640624983 75.30795898437498
-20.484960937499977 75.31425781250002
-20.905859375 75.15693359375004
-21.09384765624992 75.14907226562502
-21.246533203124955 75.13339843750003
-21.409423828125 75.064794921875
-21.649316406249937 75.0234375
-21.86103515625001 75.03984374999999
-22.232861328124983 75.1197265625
-22.097753906250006 75.06635742187495
-21.904345703124932 75.00390625000003
-21.783935546875 74.97148437499999
-21.69511718749996 74.96445312499998
-21.59765625 74.97197265625002
-21.45732421874999 74.99755859374997
-21.140576171874955 75.06855468749995
-21.05668945312499 75.07939453125005
-20.985791015624955 75.074365234375
-20.927783203124932 75.05341796874998
-20.861083984374943 74.99257812500002
-20.78569335937496 74.891748046875
-20.795312499999966 74.80595703125002
-20.889990234374977 74.735205078125
-20.97099609374996 74.68984375
-21.038281249999983 74.66987304687501
-21.038476562500023 74.654150390625
-20.861572265624943 74.63593750000004
-20.61113281249999 74.72822265625001
-20.53173828125 74.842919921875
-20.417089843750006 74.97519531250003
-20.214257812499966 75.01923828124995
-19.98491210937496 74.97519531250003
-19.799707031249994 74.85170898437502
-19.53779296875001 74.62456054687502
-19.427343749999977 74.600927734375
-19.287011718749994 74.54638671875
-19.22509765624997 74.47949218750003
-19.241650390624983 74.40019531250005
-19.27158203124995 74.34262695312503
-19.31494140625 74.30678710937502
-19.36914062500003 74.284033203125
-19.46674804687501 74.26948242187498
-19.64624023437497 74.25795898437502
-20.047558593749926 74.28227539062502
-20.25644531249995 74.28281250000003
-20.23056640624992 74.20463867187499
-20.653125 74.13735351562497
-21.12944335937499 74.11088867187499
-21.58056640624997 74.16347656249997
-21.95493164062495 74.244287109375
-21.832031249999943 74.357275390625
-21.76196289062497 74.482763671875
-21.94291992187499 74.56572265625002
-21.982617187499983 74.56748046875003
-21.92016601562497 74.439208984375
-21.972705078125017 74.39003906250002
-22.177197265624926 74.33017578125
-22.321582031249932 74.30253906250005
-22.334326171874977 74.28637695312506
-22.26352539062492 74.27241210937495
-22.217333984374932 74.24550781249997
-22.19565429687495 74.20571289062505
-22.22001953124996 74.16552734375003
-22.290576171874932 74.125
-22.32895507812495 74.09096679687502
-22.33525390624999 74.06342773437501
-22.270556640624932 74.0298828125
-22.13481445312499 73.99047851562497
-21.987695312499966 73.97099609375002
-21.298291015624926 73.96245117187505
-21.022216796875 73.94125976562498
-20.367285156249977 73.84824218750003
-20.33798828124995 73.819677734375
-20.448925781249983 73.65302734374998
-20.509667968749937 73.49287109374995
-20.63671874999997 73.46357421875001
-21.325878906249955 73.45664062500003
-21.547998046874994 73.43168945312499
-21.872851562500017 73.35810546875001
-22.18505859375003 73.26987304687498
-22.346875 73.26923828124995
-22.9875 73.34624023437499
-23.23320312499996 73.397705078125
-23.76059570312492 73.54311523437497
-24.15771484375 73.76445312500002
-24.33989257812499 73.67241210937502
-24.45126953124995 73.62851562500003
-24.566308593749937 73.60576171875002
-24.67724609374997 73.60219726562502
-24.7841796875 73.61791992187503
-24.905468749999926 73.65278320312501
-25.108837890624983 73.73369140624999
-25.351464843750023 73.81362304687502
-25.52128906249999 73.85161132812502
-25.527734374999966 73.84082031250006
-25.427441406249955 73.79379882812498
-25.280517578124943 73.73959960937503
-24.90888671875001 73.58017578124998
-24.77832031249997 73.539892578125
-24.79125976562503 73.51127929687505
-25.025878906249943 73.48579101562501
-25.310742187499983 73.43100585937503
-25.450097656249937 73.39067382812499
-25.665429687499937 73.29282226562503
-25.740185546874983 73.27763671875005
-26.06230468749996 73.25302734375
-26.16855468749995 73.259033203125
-26.40673828124997 73.31293945312495
-26.765478515624977 73.34819335937505
-26.976708984375023 73.37954101562502
-27.270410156249994 73.43627929687497
-27.16938476562501 73.374169921875
-26.603613281250034 73.27949218749998
-26.541845703124977 73.24897460937498
-26.657617187500023 73.19213867187497
-26.728613281250006 73.17138671875
-26.863330078125017 73.1669921875
-27.061865234375034 73.17890625000001
-27.264892578125 73.17646484374995
-27.47236328125001 73.15981445312502
-27.561621093749977 73.13847656250005
-27.532568359375006 73.112548828125
-27.48315429687497 73.08891601562499
-27.41333007812497 73.067626953125
-27.34804687499999 73.06782226562495
-27.18989257812501 73.13242187500006
-27.07001953125001 73.13701171875002
-26.75322265624996 73.12109374999997
-26.43286132812497 73.171484375
-26.20200195312492 73.193212890625
-26.028759765624983 73.19877929687499
-25.39902343749995 73.27578125000002
-25.268310546874943 73.361962890625
-25.05703125 73.39648437500003
-24.587207031249932 73.42294921875
-24.13266601562495 73.409375
-23.89897460937496 73.39829101562503
-23.709619140625023 73.31679687499997
-23.455761718749983 73.25908203125002
-23.244091796874955 73.19326171875002
-22.996044921874955 73.17158203124995
-22.85229492187497 73.08398437500003
-22.450195312499943 72.986083984375
-22.194238281249937 72.96503906249995
-22.03632812500001 72.91845703124997
-22.02348632812496 72.72080078125003
-22.006738281250023 72.63544921874995
-22.07480468749995 72.39921874999999
-22.280224609374955 72.34477539062499
-22.23925781249997 72.22026367187502
-22.29321289062503 72.11953125000002
-22.497509765624983 72.15776367187499
-22.706835937500017 72.22392578125007
-23.20800781249997 72.32656250000002
-23.674365234374932 72.39257812499997
-23.855566406250006 72.45244140624999
-24.069042968749955 72.49873046875001
-24.358593749999983 72.68730468750005
-24.54721679687495 72.92172851562503
-24.62998046874995 73.03764648437502
-24.78857421875 73.04414062500001
-24.99248046874999 73.0130859375
-25.170556640624937 72.98027343750005
-25.255859375 72.92412109374999
-25.86083984374997 72.846875
-26.080468749999937 72.79399414062502
-26.205761718749983 72.795556640625
-26.657617187500023 72.7158203125
-26.4765625 72.67763671875002
-26.39208984375 72.67280273437504
-26.20947265625003 72.69438476562499
-26.099804687499983 72.721923828125
-25.68798828125 72.79736328125
-25.357421875 72.81025390624995
-25.2375 72.84277343750003
-24.984814453124926 72.88920898437507
-24.813330078124977 72.901513671875
-24.78945312499999 72.88974609375
-24.77104492187499 72.86865234374997
-24.65 72.58251953125003
-24.700683593749943 72.50634765625006
-24.8369140625 72.47333984374998
-25.128027343749977 72.41918945312497
-25.20371093749995 72.39296875000005
-25.117871093749955 72.34697265624999
-24.844189453124955 72.39033203124995
-24.666845703124977 72.43735351562503
-24.57236328124992 72.42021484374999
-24.417187499999926 72.34824218749998
-24.242285156250006 72.31132812500002
-23.79770507812492 72.20073242187505
-23.587109374999926 72.13979492187497
-23.290917968749994 72.08100585937498
-22.95576171875001 71.99941406249997
-22.868505859374977 71.97065429687498
-22.562158203125023 71.92827148437505
-22.496875 71.91381835937503
-22.370214843750006 71.76982421875002
-22.26450195312495 71.75380859375002
-21.959667968749926 71.74467773437505
-22.013330078124937 71.68881835937503
-22.31103515625003 71.56455078125003
-22.464990234374937 71.52490234375003
-22.50322265624999 71.50043945312501
-22.48857421874996 71.456689453125
-22.479638671874994 71.383447265625
-22.41757812499995 71.24868164062497
-22.34775390624995 71.37348632812501
-22.299023437499955 71.43232421874998
-22.233789062499994 71.44995117187503
-22.169580078124966 71.45253906250002
-21.96142578125003 71.508203125
-21.75224609374996 71.47832031250005
-21.697949218749983 71.33745117187502
-21.67119140624996 71.20595703124997
-21.689648437499983 71.0923828125
-21.666601562500006 70.91586914062503
-21.674511718749926 70.85629882812498
-21.625146484374994 70.80463867187501
-21.573925781249955 70.590478515625
-21.522656249999983 70.52622070312506
-21.62553710937499 70.46855468750002
-21.943505859375023 70.44345703124998
-22.069287109374983 70.471875
-22.384130859374977 70.46240234375003
-22.38452148437497 70.51313476562495
-22.399853515624983 70.5712890625
-22.40112304687497 70.6119140625
-22.422119140625 70.64868164062503
-22.43701171875 70.86000976562502
-22.526074218749955 70.80781249999995
-22.53134765624995 70.76499023437503
-22.555029296874977 70.72143554687503
-22.609667968750017 70.493310546875
-22.690673828125 70.43730468750005
-22.942578124999983 70.45078125000003
-23.190625 70.44248046875003
-23.327832031249955 70.45097656249999
-23.79179687499996 70.55517578125
-23.971386718749955 70.64946289062502
-24.130371093749943 70.79106445312502
-24.228515624999943 70.92338867187505
-24.265722656249977 71.04633789062495
-24.37700195312499 71.14638671875
-24.562207031249983 71.22353515625
-24.78100585937497 71.28608398437495
-25.033398437499955 71.33393554687501
-25.254980468749977 71.39570312499998
-25.44580078124997 71.47124023437502
-25.65585937499995 71.530029296875
-25.885156249999937 71.57192382812502
-26.21142578124997 71.58994140625003
-26.688525390625017 71.58334960937503
-27.010644531249994 71.63056640624998
-27.08720703124996 71.62656250000003
-27.162304687499983 71.60219726562497
-27.10703125 71.53266601562501
-26.737207031249966 71.50078124999999
-26.45200195312495 71.49350585937503
-26.074072265624977 71.49804687499997
-25.84272460937501 71.48017578124998
-25.75781250000003 71.43994140625003
-25.699414062499926 71.36831054687502
-25.66757812499995 71.26533203124998
-25.74223632812496 71.18359375000003
-26.014111328124926 71.09282226562502
-26.157519531250017 71.05029296874997
-26.57597656249999 70.96870117187495
-26.717919921874966 70.95048828124999
-27.06733398437501 70.944921875
-27.33569335937497 70.952783203125
-27.68876953124996 70.99345703125002
-27.888916015624943 71.00170898437503
-28.303125 71.00717773437498
-28.39843750000003 70.992919921875
-28.291552734375017 70.94931640625
-28.115869140624994 70.92460937500005
-27.99218750000003 70.89521484374998
-27.97929687499999 70.83950195312502
-28.02387695312501 70.75678710937495
-28.06987304687496 70.69902343749999
-28.145654296874937 70.65566406249997
-28.41748046875 70.57353515625002
-28.530078125000017 70.54755859374995
-29.036816406249955 70.4615234375
-29.072070312499932 70.44497070312502
-28.953466796875034 70.44721679687495
-28.63310546874996 70.47778320312503
-28.540917968749994 70.47690429687503
-28.015039062499994 70.40224609375002
-27.59609375 70.40668945312495
-26.747265624999983 70.47553710937504
-26.67749023437497 70.47421875000003
-26.62177734375001 70.46337890625003
-26.56542968749997 70.43754882812502
-26.508398437500006 70.39663085937502
-26.576806640624994 70.35708007812497
-26.770654296874966 70.31889648437499
-27.072509765625 70.28120117187495
-27.203222656249977 70.255712890625
-27.328125 70.21713867187498
-27.56083984374999 70.12446289062501
-27.62885742187501 70.02822265625002
-27.384179687499966 69.99160156250002
-27.27421875 70.03793945312506
-27.144482421874983 70.14082031249995
-27.027734375000023 70.20122070312502
-26.75214843750001 70.2421875
-26.415673828124937 70.22133789062502
-26.155712890624983 70.24560546875
-25.62485351562495 70.34697265625005
-25.52988281249995 70.35317382812497
-24.74882812499999 70.29506835937502
-24.041015624999943 70.18120117187502
-23.66733398437492 70.139306640625
-23.173242187499994 70.11459960937503
-22.284472656249932 70.125830078125
-22.20659179687496 70.10791015625
-22.235449218749977 70.06757812499995
-22.287060546874926 70.03339843750001
-22.43510742187499 69.9857421875
-22.614941406249926 69.95424804687497
-22.726220703124966 69.94536132812502
-22.820898437499977 69.92285156249997
-23.033642578124983 69.90083007812501
-23.088232421874977 69.882958984375
-23.014550781249994 69.804833984375
-23.04956054687503 69.792724609375
-23.236962890624994 69.79145507812501
-23.55253906249999 69.74052734375005
-23.81162109374992 69.74418945312499
-23.86572265625003 69.73671874999997
-23.816552734374966 69.71782226562502
-23.76425781249995 69.68134765624995
-23.70898437499997 69.62724609375005
-23.739404296874966 69.588623046875
-23.855566406250006 69.565576171875
-23.94365234374999 69.55805664062498
-24.24750976562501 69.59038085937499
-24.29667968749999 69.58554687499998
-24.252294921875006 69.56235351562498
-24.22705078125 69.52695312500003
-24.220898437499983 69.47929687500002
-24.295556640625023 69.43930664062503
-24.451074218749994 69.40708007812503
-24.740576171875006 69.31840820312502
-24.866601562499994 69.29306640625
-25.13251953125001 69.272119140625
-25.18857421874995 69.26054687500005
-25.080468749999966 69.19248046875003
-25.092431640624994 69.16518554687497
-25.272216796874943 69.09160156249999
-25.544042968750006 69.04570312500005
-25.58115234374992 69.02094726562498
-25.606347656249994 68.95444335937503
-25.626123046875023 68.92797851562497
-25.697998046875 68.88989257812503
-25.95585937499996 68.81728515624997
-26.138623046874983 68.78115234375
-26.22924804687497 68.7515625
-26.341406249999977 68.70214843749997
-26.482910156249943 68.67592773437505
-26.653710937499937 68.67285156250003
-26.815332031249994 68.65434570312499
-27.081152343749977 68.60180664062503
-27.266259765625023 68.58432617187503
-27.851220703124994 68.493505859375
-28.12646484375003 68.47900390624997
-28.36455078124996 68.44653320312503
-28.854345703125006 68.35981445312495
-29.087695312500017 68.33193359375002
-29.24951171875003 68.29877929687495
-29.426220703124983 68.28930664062497
-29.713574218749983 68.31083984374999
-29.868505859375006 68.31157226562507
-29.963769531249966 68.29853515624998
-30.051123046875006 68.27192382812498
-30.195507812499926 68.19897460937503
-30.318115234374943 68.19331054687495
-30.720019531249932 68.25117187500001
-30.711865234374983 68.224951171875
-30.60566406250001 68.16235351562503
-30.610742187499966 68.11791992187506
-30.849755859374994 68.0728515625
-30.97856445312496 68.06132812500007
-31.16845703125 68.079833984375
-31.41948242187499 68.12846679687507
-31.74199218749996 68.22998046874997
-32.13725585937502 68.384912109375
-32.32744140624996 68.43730468750002
-32.31367187499998 68.38759765625
-32.26962890624998 68.33901367187497
-32.19521484375002 68.291650390625
-32.180126953124955 68.25727539062501
-32.22421874999998 68.23598632812502
-32.282373046874994 68.22524414062497
-32.35458984374998 68.22509765625003
-32.366845703124994 68.21303710937497
-32.24892578125002 68.13911132812501
-32.15595703125001 68.06318359374998
-32.16455078124997 67.99111328124997
-32.274804687499966 67.9228515625
-32.36953125 67.88276367187501
-32.44873046874997 67.870947265625
-32.91801757812502 67.70068359375003
-33.048730468749994 67.67924804687502
-33.10815429687503 67.658203125
-33.15698242187503 67.62670898437497
-33.293603515624966 67.48574218750005
-33.34887695312503 67.44272460937498
-33.45849609374997 67.38671875000003
-33.50444335937502 67.37700195312499
-33.51757812500003 67.35419921874998
-33.49775390624998 67.31816406250002
-33.52797851562502 67.25815429687503
-33.60820312500002 67.17421875
-33.88134765624997 66.94228515625
-34.101660156250006 66.72592773437498
-34.19824218749997 66.65507812500002
-34.26889648437498 66.62504882812502
-34.31362304687502 66.63579101562499
-34.42285156249997 66.63017578124999
-34.47587890624996 66.59213867187498
-34.52392578124997 66.52333984375
-34.57626953124998 66.47089843749995
-34.63281250000003 66.43476562499998
-35.07465820312498 66.27915039062498
-35.188574218750006 66.25029296875005
-35.29086914062498 66.26855468750006
-35.41171875 66.26152343750005
-35.662060546874926 66.34375
-35.70546875 66.37397460937504
-35.86723632812499 66.44140625
-35.86186523437496 66.40625
-35.83471679687503 66.386865234375
-35.812109375000034 66.35839843749997
-35.755517578124966 66.32353515625005
-35.63007812499998 66.13994140625005
-35.72929687499996 66.10224609375001
-35.81791992187499 66.05922851562502
-36.04418945312497 65.98662109374999
-36.288720703124966 65.86484375000003
-36.37919921875002 65.83081054687503
-36.39921875000002 65.93007812500002
-36.38896484374996 65.959716796875
-36.527246093749966 66.00771484375002
-36.52275390624996 65.97314453125
-36.53701171875002 65.94086914062498
-36.63725585937502 65.81230468749999
-36.66518554687502 65.79008789062499
-36.71450195312502 65.79506835937505
-36.82216796875002 65.771337890625
-36.93242187500002 65.78256835937498
-37.02587890624994 65.84111328125002
-37.06279296875002 65.87143554687498
-37.23320312500002 65.78808593750003
-37.316015625 65.79023437499995
-37.32983398437497 65.72016601562495
-37.410058593749966 65.65634765625003
-37.51606445312498 65.62871093749999
-37.66376953124998 65.63085937499997
-37.75419921875002 65.59306640625002
-37.95478515625001 65.63359375000002
-38.00126953124999 65.70961914062505
-37.84228515625 65.81381835937503
-37.79736328125 65.856787109375
-37.826513671875006 65.90966796875003
-37.78784179687503 65.97797851562501
-37.484472656250034 66.19462890624999
-37.27871093749994 66.30439453124998
-37.290673828124994 66.32392578124995
-37.569921875000034 66.34785156249995
-37.81391601562501 66.38549804687497
-38.05166015624994 66.39843750000003
-38.15664062500002 66.385595703125
-37.989160156249994 66.32265624999997
-37.75234375 66.26152343750005
-37.86889648437503 66.203125
-37.96943359374998 66.14111328125003
-38.073437499999955 65.97255859374997
-38.13994140624999 65.90351562500001
-38.39814453125001 65.98286132812501
-38.52036132812495 66.00966796874997
-38.44267578124993 65.92167968749999
-38.21635742187502 65.83833007812498
-38.20185546874998 65.81088867187498
-38.20336914062503 65.71171875000002
-38.63671875000003 65.62436523437498
-39.08896484374998 65.61113281250005
-39.41337890624999 65.58627929687503
-39.96093749999997 65.55620117187505
-40.173535156249955 65.55615234375003
-40.191552734374994 65.52250976562502
-39.655957031249926 65.368896484375
-39.57792968749993 65.34077148437495
-39.652539062499955 65.287841796875
-39.76318359375003 65.25493164062505
-39.93725585937494 65.14160156249997
-40.02802734374998 65.1025390625
-40.253125 65.04887695312499
-40.66757812499998 65.108740234375
-40.880566406249926 65.08198242187498
-41.08442382812498 65.100830078125
-41.08867187499996 65.03535156249998
-41.02773437499999 64.98754882812503
-40.966015624999926 64.86884765624998
-40.82929687499998 64.878076171875
-40.65546874999998 64.91533203125005
-40.52109374999998 64.82548828125005
-40.432714843750006 64.673193359375
-40.278417968750006 64.595947265625
-40.209863281249994 64.536279296875
-40.182226562500034 64.47993164062498
-40.27846679687502 64.423828125
-40.477636718750006 64.34443359375001
-40.69853515624999 64.32973632812502
-40.686425781249994 64.26694335937503
-40.78173828124997 64.22177734374998
-40.98457031249998 64.235009765625
-41.07939453124993 64.26650390625002
-41.177734375 64.28144531249995
-41.58100585937498 64.29833984375003
-41.175 64.177392578125
-41.03056640624993 64.12104492187495
-40.96630859375 64.15444335937502
-40.82568359375003 64.16254882812498
-40.617773437500034 64.13173828125002
-40.65234374999997 63.92773437500003
-40.561279296875 63.762353515624994
-40.55039062499998 63.725244140624966
-40.77153320312502 63.626171874999955
-40.77519531249996 63.53364257812501
-40.90683593749995 63.50786132812502
-41.048730468749994 63.513818359374994
-41.05615234375 63.412255859374994
-41.15224609374994 63.348925781250045
-41.135205078124955 63.309277343749955
-41.10771484375002 63.273779296875006
-41.195458984374966 63.209228515625
-41.27470703124993 63.13066406249999
-41.38789062499998 63.061865234375006
-41.447851562500034 63.068945312500034
-41.62792968749997 63.06450195312502
-41.84448242187503 63.070263671874955
-42.01972656250001 63.15961914062504
-42.09238281249998 63.189355468749966
-42.174511718749926 63.20878906250002
-42.14296875 63.15131835937504
-42.09399414062497 63.11674804687499
-41.932275390624966 63.05224609375
-41.634472656249955 62.97246093750002
-41.64360351562496 62.915869140625034
-41.723242187500006 62.891259765624994
-41.90898437500002 62.73710937500002
-41.97490234374996 62.733789062499966
-42.058251953124966 62.69399414062502
-42.315625 62.70732421874999
-42.423730468749994 62.72314453125003
-42.741113281249994 62.713037109374994
-42.849072265624955 62.726660156250034
-42.941650390625 62.72021484375003
-42.85527343749999 62.67670898437498
-42.673681640625034 62.6375
-42.467138671875034 62.598193359375045
-42.152978515624994 62.568457031250034
-42.16435546874999 62.51220703125003
-42.24316406249997 62.46606445312506
-42.19794921875001 62.39711914062502
-42.23310546874998 62.34770507812499
-42.248144531250006 62.28906250000006
-42.321484374999955 62.15273437499999
-42.23613281249996 62.059179687500006
-42.14306640625 62.013525390625034
-42.15385742187499 61.953417968750045
-42.11020507812498 61.85722656249999
-42.24970703124998 61.771386718749994
-42.36542968750001 61.774609374999955
-42.530419921874966 61.75532226562501
-42.58530273437495 61.717480468749955
-42.32363281250002 61.681738281250034
-42.34736328124998 61.617431640625
-42.41875 61.53701171875005
-42.49375 61.36279296875
-42.64599609374997 61.064111328124966
-42.71704101562497 60.76748046875002
-43.044091796874994 60.523681640625
-43.15996093749996 60.51694335937498
-43.189062500000034 60.507275390624955
-43.34833984374998 60.51977539062503
-43.59833984375001 60.576025390625006
-43.79199218750003 60.59458007812498
-43.922705078125006 60.595361328124966
-43.93955078124998 60.56738281250003
-43.831152343750006 60.52197265625003
-43.66547851562501 60.502978515625045
-43.533056640625034 60.47299804687498
-43.295654296875 60.444970703124966
-43.212988281250034 60.39067382812502
-43.15649414062497 60.332861328125034
-43.16484374999999 60.30102539062503
-43.16533203124999 60.26342773437503
-43.12290039062498 60.061230468749955
-43.234814453124955 59.991308593750006
-43.32011718749999 59.928125
-43.61689453124998 59.93691406250002
-43.66850585937502 59.95893554687498
-43.955029296874955 60.025488281250034
-43.937402343749994 59.99423828124998
-43.730126953124966 59.90375976562501
-43.65791015624998 59.85864257812497
-43.706201171874966 59.84931640625004
-43.78984375 59.84594726562497
-43.90654296875002 59.815478515625074
-44.11699218749999 59.83193359375005
-44.105419921874926 59.877734375000045
-44.06547851562496 59.92480468750003
-44.161718750000034 59.91679687500002
-44.26894531249994 59.892919921875034
-44.33125 59.901708984375034
-44.38359374999993 59.89907226562505
-44.41293945312498 59.92260742187503
-44.45346679687498 60.01455078125002
-44.40493164062502 60.06079101562503
-44.23134765625002 60.180273437500034
-44.176123046875034 60.24438476562506
-44.224365234375 60.273535156250034
-44.348339843749955 60.20478515624998
-44.47636718750002 60.09550781249999
-44.533154296874955 60.029492187499955
-44.61328125000003 60.01665039062502
-44.812207031249955 60.049902343750034
-45.379248046875006 60.202929687500045
-45.36235351562496 60.29594726562499
-45.36777343749998 60.37294921875002
-45.20249023437498 60.382714843749994
-45.082275390625 60.416210937499955
-44.974707031250034 60.45722656249998
-44.85351562500003 60.53193359375001
-44.74243164062494 60.6552734375
-44.75673828125002 60.664599609375045
-45.08271484375001 60.507177734375034
-45.283300781250006 60.454541015624955
-45.380517578124994 60.444921875000034
-45.428857421874994 60.46826171875
-45.59028320312501 60.51884765625002
-45.695214843749994 60.54184570312498
-45.93432617187503 60.579443359375006
-45.97651367187501 60.599707031250034
-46.046630859375 60.61572265625003
-46.14194335937498 60.776513671874994
-46.01865234374998 60.971777343750006
-45.933740234374994 61.02841796874998
-45.87988281249994 61.094140624999966
-45.84941406249996 61.18115234375003
-45.870214843750034 61.218310546875045
-45.942285156249966 61.20556640625003
-45.975683593750034 61.17578125
-45.97041015625001 61.12919921875002
-46.01171875 61.096826171874994
-46.29667968749996 61.022363281249994
-46.58242187499999 60.962060546874966
-46.71777343750003 60.904931640624966
-46.8056640625 60.86030273437501
-46.87446289062498 60.81640624999997
-46.97968750000001 60.820361328125045
-47.124853515625006 60.81132812499999
-47.22441406249996 60.782861328124966
-47.36972656249998 60.800341796875074
-47.46464843749996 60.84262695312498
-47.57905273437501 60.84746093749999
-47.707470703124955 60.82709960937501
-47.796240234375006 60.828857421875
-47.78886718750002 60.800146484375034
-47.72993164062501 60.72949218750003
-47.82792968749999 60.72475585937502
-48.01396484374996 60.72197265624999
-48.107519531250006 60.742431640625
-48.18081054687502 60.769238281249955
-48.24194335937494 60.806835937499955
-48.205175781250006 60.85590820312501
-47.90595703124998 60.94575195312501
-47.7703125 60.997753906249955
-47.858789062499966 61.015673828125045
-48.146142578124966 60.999462890624955
-48.193945312500034 61.01293945312503
-48.38642578124998 61.00473632812506
-48.378125 61.13847656250002
-48.42495117187502 61.171679687500045
-48.42817382812498 61.187402343749966
-48.494824218749955 61.224707031250006
-48.55791015625002 61.233984375000034
-48.59716796875003 61.247412109375006
-48.922070312499955 61.277441406250006
-48.964501953124994 61.35200195312501
-48.987207031249994 61.4287109375
-49.04921875000002 61.52387695312504
-49.204736328124994 61.548681640625034
-49.28906250000003 61.58994140624998
-49.222265625 61.632128906250045
-49.19311523437503 61.685644531250034
-49.26523437499998 61.710058593750034
-49.31123046875001 61.747802734375
-49.30449218749999 61.772314453125006
-49.36289062499998 61.838525390624994
-49.380273437499966 61.890185546875045
-49.31347656250003 61.938623046874966
-49.129785156249994 61.99340820312503
-49.070556640625 62.015478515625006
-49.039648437500034 62.039355468750074
-48.828710937500034 62.079687500000034
-49.008154296875006 62.108203125000045
-49.12045898437498 62.112597656250074
-49.20229492187502 62.09931640625001
-49.27792968749998 62.045751953125034
-49.348535156249966 62.01020507812498
-49.623779296875 61.99858398437502
-49.66425781249998 62.016943359375034
-49.68339843749999 62.09257812499999
-49.667724609375 62.15087890625006
-49.55346679687497 62.23271484375002
-49.68525390625001 62.27333984375005
-49.80605468750002 62.286523437499966
-49.943359375 62.32446289062497
-50.07021484375002 62.36450195312506
-50.17915039062501 62.41113281250006
-50.28520507812502 62.466210937499994
-50.31923828125002 62.47319335937499
-50.28090820312494 62.53076171875
-50.25932617187499 62.578076171874955
-50.25600585937502 62.67978515624998
-50.29873046875002 62.721972656250045
-50.20375976562494 62.808789062499955
-50.076025390625034 62.903759765624955
-49.793115234374966 63.044628906249955
-50.092236328124955 62.97675781249998
-50.33833007812501 62.82875976562505
-50.39008789062498 62.822021484375
-50.40820312500003 62.848828124999955
-50.50156249999995 62.94492187499998
-50.572021484375 62.97114257812501
-50.60351562500003 63.00004882812502
-50.74350585937495 63.05126953124997
-50.804296875 63.090771484374955
-50.89047851562498 63.16694335937501
-51.013085937499994 63.257568359375
-51.187597656250006 63.43642578125002
-51.468847656250034 63.642285156249955
-51.538183593750034 63.75800781249998
-51.451074218749966 63.90478515624997
-51.547509765624966 64.006103515625
-51.28007812500002 64.05297851562506
-50.89755859374998 64.10556640625
-50.69936523437502 64.14926757812503
-50.58500976562499 64.16235351562503
-50.341894531250034 64.17036132812498
-50.26069335937501 64.21425781250005
-50.395947265624926 64.20317382812499
-50.48662109375002 64.20888671875002
-50.492285156250034 64.229345703125
-50.45874023437503 64.26582031249998
-50.43706054687496 64.31284179687506
-50.4833984375 64.304345703125
-50.721044921875006 64.22333984375001
-51.07231445312496 64.15903320312498
-51.3466796875 64.12309570312502
-51.39111328125 64.125
-51.48710937500002 64.103271484375
-51.54228515624996 64.09702148437503
-51.584912109374955 64.10317382812497
-51.68203125000002 64.16474609374998
-51.70786132812495 64.20507812500003
-51.533789062500006 64.31420898437497
-51.40375976562498 64.46318359375005
-51.231542968750006 64.56059570312499
-51.10991210937499 64.57280273437499
-50.90654296874996 64.56757812499998
-50.83491210937501 64.55898437500002
-50.85771484374996 64.61679687499998
-50.84921875 64.64467773437497
-50.68432617187497 64.67817382812495
-50.492089843749994 64.69316406249999
-50.355126953124966 64.68256835937495
-50.268945312499994 64.61474609375
-50.158203125 64.48955078124999
-50.00898437499998 64.447265625
-50.015527343749966 64.50742187499998
-50.092968749999926 64.58491210937495
-50.12163085937502 64.70375976562502
-50.219921874999955 64.75385742187501
-50.29887695312496 64.77856445312497
-50.516992187499994 64.76650390625002
-50.64814453124998 64.85332031250002
-50.677880859374994 64.88520507812495
-50.681298828124994 64.92753906250005
-50.812158203124994 65.05185546874998
-50.85424804687494 65.11396484375001
-50.923730468749994 65.19672851562501
-50.960644531249955 65.20112304687501
-50.913720703124994 65.09697265625002
-50.85234375000002 65.023681640625
-50.764843749999955 64.86254882812503
-50.72158203125002 64.79760742187506
-50.780175781249966 64.74614257812505
-50.89106445312498 64.69521484374997
-50.98906249999999 64.66484374999999
-51.220605468749994 64.62846679687505
-51.17084960937498 64.70776367187503
-51.13896484374996 64.78574218750003
-51.25537109374997 64.75810546874999
-51.36362304687498 64.70156250000002
-51.40092773437496 64.62309570312502
-51.470458984375 64.55180664062507
-51.6767578125 64.37705078124998
-51.75810546874999 64.279931640625
-51.8349609375 64.23198242187502
-51.922607421875 64.21875
-51.998681640624966 64.25678710937501
-52.063183593749955 64.34609375
-52.093408203124994 64.41591796875
-52.097021484375006 64.59707031249997
-52.08886718749994 64.68154296875002
-52.1240234375 64.79541015625003
-52.23544921874998 65.06054687499997
-52.25903320312497 65.15493164062502
-52.447607421875034 65.20512695312502
-52.450341796874966 65.22133789062505
-52.49970703124998 65.27504882812497
-52.537695312500006 65.32880859374998
-52.50625 65.348486328125
-52.46142578125 65.36269531249997
-52.179589843749966 65.44194335937505
-51.97070312500003 65.53071289062501
-51.72109375 65.66992187500003
-51.619140625 65.71318359375005
-51.2529296875 65.746484375
-51.09038085937502 65.75102539062505
-51.09189453124998 65.77578125000002
-51.146386718749966 65.78564453124997
-51.393798828125 65.779150390625
-51.72343750000002 65.72348632812503
-51.77988281249998 65.70341796875002
-51.92412109374996 65.61679687500003
-52.03535156249998 65.569482421875
-52.348242187500034 65.461328125
-52.55126953125 65.46137695312501
-52.76093750000001 65.5908203125
-52.99492187499996 65.566015625
-53.152929687500006 65.57456054687498
-53.19897460937497 65.59404296875002
-53.23374023437495 65.77084960937498
-53.10634765625002 65.9771484375
-53.24375 65.97905273437505
-53.27221679687497 65.98740234374998
-53.3447265625 66.034375
-53.392041015624955 66.04833984375003
-53.35693359375 66.07329101562505
-53.01787109374993 66.17089843750006
-52.51088867187494 66.36240234374998
-52.292626953124994 66.43764648437502
-52.15791015624998 66.4701171875
-52.056103515624926 66.50732421875003
-51.93217773437499 66.587890625
-51.891210937500006 66.62314453124998
-51.82211914062495 66.65156250000001
-51.676367187500034 66.68359375000006
-51.51708984375 66.73203124999998
-51.25859374999999 66.8412109375
-51.225 66.88154296874995
-51.28105468749996 66.890966796875
-51.40195312499998 66.85375976562497
-51.64770507812494 66.75400390625
-51.82304687499996 66.6978515625
-52.42124023437498 66.4466796875
-52.67587890624998 66.35522460937503
-52.81445312499997 66.296875
-52.92192382812502 66.24111328124997
-53.03579101562494 66.20141601562506
-53.15605468749993 66.17773437500003
-53.412744140624994 66.15996093750005
-53.53876953125001 66.13935546875001
-53.614697265624926 66.15449218749998
-53.648095703124994 66.27353515625
-53.62260742187496 66.34404296875005
-53.634716796874926 66.41367187500003
-53.57070312499994 66.51328124999998
-53.475683593750034 66.58383789062498
-53.435791015625 66.62216796874998
-53.41875 66.64853515625
-53.22270507812502 66.72143554687503
-53.11464843750002 66.75380859374997
-53.03828125000001 66.826806640625
-52.603125 66.85273437499995
-52.491064453125006 66.85014648437505
-52.43144531250002 66.85991210937499
-52.386865234374994 66.88115234375005
-52.42973632812493 66.89755859375003
-52.56010742187493 66.90908203124997
-52.906689453124926 66.90688476562497
-53.22695312499999 66.91938476562495
-53.37309570312502 66.93193359375002
-53.443603515625 66.92465820312503
-53.56000976562498 66.94594726562502
-53.687158203124966 66.98647460937502
-53.884423828124994 67.13554687500002
-53.80546874999999 67.326904296875
-53.798583984375 67.41816406249995
-53.54790039062502 67.498193359375
-53.41386718749996 67.52470703124999
-53.22358398437501 67.5849609375
-52.96953125 67.68725585937497
-52.666455078124926 67.74970703124998
-52.51201171874999 67.76127929687505
-52.38359375 67.75234375
-51.909082031249994 67.66372070312497
-51.66503906250003 67.64638671875
-51.45058593749994 67.667724609375
-51.18144531249999 67.63652343750002
-50.70537109374999 67.50888671875003
-50.613476562499926 67.5279296875
-50.64013671875003 67.558837890625
-51.17104492187502 67.69360351562503
-51.16796875 67.73383789062495
-51.032080078125034 67.74438476562497
-50.88701171874996 67.78354492187503
-50.968847656250034 67.80664062500006
-51.321484374999926 67.78657226562495
-51.423242187499966 67.75449218749998
-51.765234375 67.73784179687507
-51.94384765624997 67.76518554687505
-52.104199218749955 67.77871093750005
-52.34482421874995 67.8369140625
-52.54619140624996 67.81791992187505
-52.673242187499994 67.79497070312499
-52.89833984375002 67.77324218749999
-52.97958984374995 67.75776367187495
-53.418798828125006 67.574560546875
-53.60361328124998 67.53647460937498
-53.73520507812498 67.54902343749995
-53.64282226562497 67.66826171875002
-53.61621093749997 67.71533203125
-53.61635742187502 67.76660156249997
-53.577978515625006 67.83681640624997
-53.352929687499994 67.97050781250005
-53.21137695312501 68.11694335937503
-53.15156250000001 68.20776367187497
-53.040966796874926 68.217919921875
-52.88984374999998 68.20454101562501
-52.43608398437499 68.14565429687502
-52.058496093749966 68.07548828125002
-51.77998046874998 68.05673828125
-51.596875 68.05478515624998
-51.51835937499999 68.0771484375
-51.45649414062498 68.11606445312503
-51.43266601562502 68.14301757812501
-51.414697265624994 68.19819335937495
-51.393701171874994 68.21777343749997
-51.33251953124997 68.24184570312497
-51.20727539062503 68.32553710937498
-51.16914062499998 68.38520507812495
-51.21015624999998 68.41992187500003
-51.29345703125 68.416357421875
-51.45610351562499 68.39350585937495
-51.47802734375003 68.38398437499998
-51.475048828124955 68.36538085937502
-51.632421875000034 68.27304687500003
-51.80400390624999 68.25180664062498
-52.19853515624999 68.22080078125003
-52.37851562499998 68.21860351562503
-52.698388671874966 68.26152343749999
-52.746777343749955 68.27836914062505
-52.78002929687497 68.30986328124999
-53.172509765624994 68.30273437500003
-53.28984375000002 68.29326171875007
-53.383154296875006 68.29736328125
-53.33740234375003 68.35214843749998
-53.213281249999966 68.41298828125002
-53.03945312499999 68.61088867187502
-52.89384765624999 68.66152343750002
-52.604589843750034 68.70874023437497
-52.30278320312502 68.70112304687501
-51.780664062499966 68.54819335937503
-51.623144531250006 68.53481445312497
-51.47871093749998 68.54716796875002
-51.13330078124997 68.59843750000007
-51.069921875 68.61918945312502
-50.94570312500002 68.68266601562499
-50.80063476562495 68.791259765625
-50.80771484374998 68.8169921875
-51.03022460937501 68.75629882812498
-51.148876953124926 68.73994140625001
-51.249414062499994 68.73994140625001
-51.15605468749999 68.93842773437495
-51.119726562500034 69.09052734374995
-51.084863281249966 69.128271484375
-50.79228515624993 69.116845703125
-50.39267578124998 69.13740234374998
-50.29736328125 69.17060546875001
-50.29887695312496 69.18535156249999
-50.459375 69.20551757812501
-50.53662109375 69.24785156250002
-50.67104492187502 69.23447265624998
-50.85107421875003 69.20625
-51.07695312499993 69.20947265625003
-51.057812499999955 69.27480468750002
-50.892236328124966 69.41176757812502
-50.875195312499955 69.47421875000003
-50.81059570312493 69.5990234375
-50.804101562499966 69.66303710937495
-50.72026367187502 69.72534179687497
-50.459082031250006 69.76972656249995
-50.34946289062498 69.796240234375
-50.34345703124998 69.82524414062507
-50.5 69.93579101562503
-50.46025390624999 69.96630859375003
-50.3375 69.994140625
-50.29169921875001 70.01445312500007
-50.32294921874998 70.02714843749999
-50.43608398437493 70.03935546874999
-50.60986328125 70.01494140624999
-50.802343750000034 70.00322265624999
-50.97270507812502 70.039892578125
-51.10571289062503 70.05742187500002
-51.18994140624994 70.05190429687497
-51.418847656249966 69.98920898437498
-51.49907226562496 69.987158203125
-51.59809570312498 70.004541015625
-52.25463867187497 70.05893554687498
-52.336035156250034 70.078125
-52.57124023437498 70.17211914062503
-52.76503906249994 70.23413085937497
-53.023046875 70.301904296875
-53.357519531250034 70.35332031249999
-53.76850585937501 70.38852539062498
-54.01445312500002 70.42167968749999
-54.13564453125002 70.468408203125
-54.34331054687496 70.57119140624997
-54.50117187499998 70.65688476562502
-54.53076171874997 70.69926757812505
-54.43798828124997 70.75161132812497
-54.34355468750002 70.789208984375
-54.16582031249996 70.82011718750007
-53.85917968750002 70.80991210937503
-53.694433593750006 70.79609374999995
-53.51308593750002 70.7666015625
-53.37602539062499 70.76103515625002
-53.09130859374997 70.76938476562503
-52.80195312500001 70.7505859375
-52.63041992187496 70.72993164062498
-52.40522460937501 70.68676757812497
-51.78378906249998 70.50322265624999
-51.52446289062499 70.43945312499997
-51.41171875 70.431787109375
-50.946875 70.36362304687498
-50.87236328125002 70.36489257812497
-50.68212890624997 70.396875
-50.663281249999955 70.41757812500003
-50.7275390625 70.43798828125003
-50.93266601562493 70.45385742187497
-51.17333984374994 70.52910156250002
-51.322851562500034 70.58876953125
-51.33989257812496 70.68754882812505
-51.32041015624998 70.74287109374995
-51.28281249999995 70.76801757812501
-51.25659179687503 70.85268554687502
-51.396093750000034 70.90302734374998
-51.493554687499994 70.91889648437501
-51.75268554687503 70.99223632812505
-51.774316406249994 71.01044921875001
-51.65009765625001 71.01904296875
-51.52841796874998 71.01401367187503
-51.26708984374994 70.97685546875002
-51.13007812500001 70.97172851562505
-51.030419921874966 70.98627929687498
-51.01894531250002 71.00131835937503
-51.17778320312496 71.04345703125
-51.37666015624998 71.11904296875002
-51.79189453125002 71.13012695312497
-52.061376953125034 71.12163085937502
-52.233593749999955 71.14755859374998
-52.416894531249994 71.18969726562503
-52.534570312499966 71.200439453125
-52.775 71.17402343749995
-52.896679687499955 71.17070312499999
-53.00756835937497 71.17998046875002
-53.11704101562498 71.312890625
-53.087890625 71.35273437499995
-53.00209960937502 71.369970703125
-52.93730468749996 71.41284179687503
-52.89184570312503 71.457666015625
-52.749414062499966 71.50151367187505
-51.96728515624997 71.59912109374997
-51.76992187499999 71.671728515625
-51.77861328124999 71.68291015624999
-51.91171875 71.66943359374997
-52.081933593749966 71.63671874999997
-52.19580078124997 71.62998046875003
-52.65629882812499 71.67226562500002
-52.72807617187496 71.66264648437502
-52.91455078125003 71.601904296875
-53.16752929687496 71.53593750000005
-53.284082031249994 71.53994140625
-53.440087890624994 71.57900390625002
-53.46484374999997 71.606787109375
-53.476025390624926 71.64018554687499
-53.30473632812493 71.68588867187506
-53.24970703125001 71.71015625000001
-53.13886718749998 71.77519531250005
-53.14453125 71.80742187500002
-53.33369140624998 71.78974609374998
-53.358349609374926 71.81962890625002
-53.35527343750002 71.87089843749999
-53.373632812500034 71.93574218749998
-53.42011718750001 71.99975585937506
-53.57539062500001 72.098046875
-53.639794921874994 72.12333984374999
-53.69287109374997 72.15966796875003
-53.80986328124999 72.292578125
-53.775976562500034 72.32583007812505
-53.672021484374994 72.35102539062501
-53.65214843750002 72.36264648437498
-53.900537109374994 72.34174804687498
-53.92773437500003 72.31879882812504
-53.88090820312499 72.28496093750007
-53.84746093750002 72.23984375
-53.827539062499966 72.18344726562498
-53.792871093749994 72.13408203125005
-53.70292968749996 72.08002929687495
-53.63095703124998 72.05151367187503
-53.51367187499997 71.97626953124995
-53.4625 71.8935546875
-53.47758789062499 71.84995117187498
-53.56865234374996 71.80556640625
-53.715429687500034 71.757666015625
-53.759863281250034 71.71801757812503
-53.779687499999966 71.67851562500005
-53.89409179687502 71.6419921875
-53.96435546875003 71.65566406250002
-54.01992187499999 71.65786132812502
-53.954296874999926 71.59267578124997
-53.912060546874955 71.52592773437505
-53.962988281250006 71.458984375
-54.09892578124999 71.41850585937502
-54.172705078125034 71.41728515625005
-54.31772460937498 71.38447265625001
-54.68906249999998 71.36723632812505
-54.81831054687501 71.37529296875002
-55.05537109374998 71.40859374999997
-55.33642578124997 71.42675781250003
-55.44790039062502 71.47177734375003
-55.59404296874996 71.55351562499999
-55.66782226562498 71.62675781249999
-55.66933593750002 71.69150390625003
-55.62978515624994 71.73862304687503
-55.549218749999966 71.76826171874995
-55.45244140624996 71.957666015625
-55.315576171874966 72.110693359375
-54.97089843750001 72.26840820312498
-54.87260742187496 72.32543945312497
-54.84013671875002 72.356103515625
-54.840625 72.37939453125003
-54.896337890625006 72.39418945312502
-55.32011718750002 72.19956054687498
-55.581445312499966 72.17885742187502
-55.65947265624996 72.22260742187498
-55.635839843750034 72.30043945312502
-55.589306640624955 72.31850585937497
-55.37792968749997 72.31113281249998
-55.29570312500002 72.35439453125
-55.42797851562497 72.41987304687501
-55.56875 72.43701171875003
-55.601708984374994 72.453466796875
-55.45678710937497 72.50327148437503
-55.121875 72.499609375
-55.046240234375006 72.534423828125
-54.924951171874966 72.57197265625001
-54.790380859375006 72.64160156249997
-54.74003906249996 72.7001953125
-54.728710937499955 72.75048828125006
-54.75771484375002 72.79106445312505
-54.760839843750034 72.83173828124998
-54.737939453124966 72.87250976562495
-54.77309570312494 72.91757812499998
-54.8662109375 72.96684570312499
-55.07309570312495 73.01513671874997
-55.13398437500001 72.96064453124995
-55.19843750000001 72.938232421875
-55.28891601562495 72.93320312499998
-55.372412109375006 72.95615234375003
-55.45952148437499 72.96440429687502
-55.545117187499926 72.98491210937502
-55.63398437500001 72.99140625000001
-55.668554687500034 73.00791015625
-55.69082031249994 73.0541015625
-55.692773437499994 73.11284179687505
-55.59228515624994 73.14028320312497
-55.452343749999955 73.16191406250002
-55.35869140624996 73.20292968750002
-55.29716796874996 73.26230468750003
-55.28828125000001 73.32709960937501
-55.33203124999994 73.39736328125002
-55.44570312500002 73.46049804687502
-55.65620117187501 73.39907226562502
-55.73886718749998 73.38398437499995
-55.757910156250034 73.42792968749995
-55.78706054687501 73.46049804687502
-55.87553710937502 73.50463867187503
-55.99199218750002 73.53681640625001
-56.10405273437493 73.55815429687502
-56.10917968750002 73.59077148437498
-56.082617187500006 73.62749023437502
-56.03300781249993 73.67031250000002
-55.96840820312502 73.75957031250002
-55.897314453125006 73.751611328125
-55.838281249999966 73.75971679687495
-55.872412109375006 73.83344726562495
-55.92949218749999 73.89541015624997
-55.99653320312498 73.93061523437495
-55.99892578125002 73.94594726562497
-56.01445312499999 73.96386718749997
-56.06621093749996 74.00727539062504
-56.124218749999955 74.03906250000003
-56.22539062499996 74.12910156249998
-56.29848632812502 74.16342773437503
-56.3921875 74.18120117187502
-56.49316406249997 74.18217773437505
-56.65517578124994 74.15854492187503
-56.954296874999955 74.13120117187506
-57.19111328124998 74.11821289062499
-57.230566406250034 74.12529296874999
-57.11210937499996 74.15947265625005
-56.9375 74.195068359375
-56.70634765624999 74.21918945312495
-56.63896484375002 74.27836914062502
-56.66391601562495 74.32958984374997
-56.65429687499994 74.378125
-56.717675781249994 74.42924804687502
-56.65600585937503 74.45756835937502
-56.44555664062497 74.48608398437497
-56.35029296875001 74.49047851562497
-56.25546874999998 74.52680664062501
-56.522070312500006 74.61430664062507
-56.80131835937496 74.67167968750002
-56.87114257812499 74.69497070312497
-56.93256835937498 74.73334960937498
-56.985546874999926 74.78676757812502
-57.071679687499994 74.840234375
-57.19086914062501 74.89375
-57.36479492187502 74.94545898437502
-57.813183593749955 75.03999023437501
-57.96708984374996 75.10517578124995
-58.10883789062498 75.20493164062503
-58.17968750000003 75.2474609375
-58.25332031250002 75.27895507812502
-58.565527343750034 75.35273437499995
-58.603466796874955 75.38530273437502
-58.28120117187501 75.47207031250002
-58.249658203124994 75.50668945312506
-58.38129882812498 75.61201171875001
-58.516210937500006 75.6890625
-58.6630859375 75.71640624999998
-58.881445312500006 75.73046875
-59.08159179687502 75.76469726562505
-59.263623046874955 75.81889648437507
-59.44531250000003 75.85859374999998
-59.717431640624966 75.89628906250002
-60.172753906249994 75.993310546875
-60.87460937499998 76.09716796875
-61.18823242187503 76.15786132812502
-61.37480468750002 76.17998046874999
-61.62084960937494 76.18564453125
-62.0966796875 76.242333984375
-62.496191406250034 76.26044921874995
-62.74287109375001 76.25214843749995
-62.82343749999998 76.26152343749999
-63.005810546874926 76.319091796875
-63.29130859375002 76.35205078124997
-63.438867187499966 76.33945312499998
-63.621972656249966 76.27788085937505
-63.84306640624999 76.217138671875
-63.960351562499994 76.20893554687495
-64.13520507812498 76.26450195312498
-64.22319335937496 76.30332031249998
-64.30727539062497 76.31650390625
-64.3873046875 76.30400390625005
-64.54340820312501 76.25307617187497
-64.69208984375001 76.21625976562501
-64.91196289062495 76.172509765625
-65.08764648437497 76.15151367187497
-65.313232421875 76.14638671875
-65.36992187499999 76.13056640624995
-65.45678710937503 76.12983398437498
-65.57373046874994 76.14423828125001
-65.68330078124998 76.17270507812503
-65.78544921875002 76.21533203125
-65.87573242187503 76.23833007812499
-65.95405273437498 76.24169921875006
-66.13403320312497 76.21962890625
-66.36176757812501 76.15478515625003
-66.46577148437495 76.13916015625003
-66.55322265625003 76.14594726562498
-66.65996093750002 76.16616210937502
-66.8740234375 76.21787109374998
-66.992578125 76.21293945312505
-67.07871093749995 76.19482421875
-67.05478515624998 76.15185546875003
-66.85390625 76.05
-66.6748046875 75.97739257812503
-66.82617187500003 75.96879882812505
-68.14873046874999 76.067041015625
-68.31728515624997 76.09077148437504
-68.56064453124998 76.15019531250005
-68.76308593750002 76.18662109375
-69.10756835937502 76.28085937500003
-69.37290039062498 76.33188476562503
-69.46088867187498 76.371728515625
-69.48408203124998 76.39916992187497
-69.39965820312503 76.436279296875
-68.864990234375 76.56137695312498
-68.66074218750003 76.58662109374998
-68.24541015624996 76.61674804687499
-68.14721679687494 76.63564453125002
-68.1142578125 76.65063476562506
-68.22338867187503 76.67768554687495
-68.76738281249999 76.66801757812505
-69.25205078124998 76.6861328125
-69.673828125 76.73588867187502
-69.74721679687497 76.75239257812498
-69.81865234374993 76.78276367187505
-69.88808593749997 76.82705078125002
-69.87221679687502 76.876611328125
-69.77104492187502 76.93144531250005
-69.71171875000002 76.96904296874999
-69.69423828125 76.98945312499998
-70.224462890625 76.85458984375003
-70.44130859374997 76.807373046875
-70.61313476562498 76.82182617187502
-70.73369140625002 76.84418945312495
-70.79282226562498 76.86909179687495
-70.790625 76.89648437500003
-70.77124023437503 76.91650390625003
-70.73466796874996 76.92900390625002
-71.01503906249997 76.98486328125003
-71.14145507812495 77.02866210937498
-71.15488281250003 77.07387695312502
-71.05546875000002 77.12050781250002
-70.95810546875 77.15434570312499
-70.86284179687496 77.17543945312502
-70.60371093750001 77.19384765625006
-69.65654296874996 77.22900390625003
-68.97832031249999 77.1953125
-68.74746093750002 77.30693359374999
-68.59160156249999 77.34252929687497
-68.13554687499996 77.37958984374995
-67.43378906250001 77.38466796875002
-66.93798828124997 77.36420898437504
-66.70576171875001 77.33803710937502
-66.38945312499996 77.28027343749997
-66.37128906249998 77.29770507812498
-66.44765625 77.34980468750001
-66.45307617187495 77.39306640625006
-66.32529296875003 77.46821289062498
-66.26645507812503 77.515380859375
-66.30644531250002 77.56450195312507
-66.44536132812499 77.61567382812501
-66.69121093749999 77.68120117187505
-66.82353515625002 77.68662109374998
-66.97065429687498 77.67084960937498
-67.14736328125 77.63452148437503
-67.51464843749994 77.54291992187501
-67.68808593750003 77.52377929687503
-67.97734374999999 77.518896484375
-68.13730468749998 77.53046874999998
-68.29189453125002 77.544189453125
-68.53349609374996 77.59277343749997
-68.62153320312495 77.60185546875005
-68.72822265625001 77.58056640624997
-68.853662109375 77.52885742187499
-68.97456054687501 77.49262695312498
-69.09091796875 77.47192382812503
-69.19965820312495 77.46293945312499
-69.35136718749996 77.46713867187503
-69.97675781250001 77.54765625000002
-70.11816406250003 77.58349609375003
-70.12636718750002 77.63779296874998
-70.31831054687495 77.69038085937495
-70.53540039062503 77.69956054687503
-70.56191406250002 77.7171875
-70.28662109374997 77.7982421875
-70.08149414062501 77.831396484375
-70.11445312499998 77.84135742187499
-70.41240234375002 77.84311523437498
-70.61352539062497 77.8
-70.72871093749998 77.79272460937503
-70.99360351562495 77.79155273437505
-71.27163085937502 77.813134765625
-71.38984374999993 77.83203125000003
-71.51240234374995 77.875390625
-71.64990234374997 77.8998046875
-72.06494140624997 77.93681640625007
-72.15854492187503 77.95693359375
-72.24726562500001 77.99042968749998
-72.58632812499997 78.085205078125
-72.79150390625003 78.1548828125
-72.81806640624993 78.19433593750003
-72.58129882812503 78.27910156249999
-72.57094726562494 78.29873046875
-72.67246093750003 78.33530273437498
-72.71479492187495 78.36230468749997
-72.67973632812499 78.39956054687502
-72.47250976562498 78.48203125000003
-72.39560546875003 78.50434570312495
-72.023681640625 78.55278320312505
-71.65131835937501 78.62314453125
-71.515625 78.63896484375002
-71.39477539062497 78.64262695312507
-70.90576171875 78.63847656250002
-70.75410156250001 78.65581054687499
-70.625390625 78.69013671874998
-70.41420898437494 78.72490234375005
-69.97353515624997 78.77768554687503
-68.99345703124996 78.85742187500003
-68.92963867187501 78.86679687499998
-68.92392578125 78.88193359375006
-69.011962890625 78.92304687499998
-69.03051757812497 78.94287109375003
-68.82983398437503 78.979736328125
-68.37705078124998 79.03784179687503
-68.06752929687497 79.06582031250002
-67.86835937499998 79.06787109375
-67.70776367187494 79.08037109374999
-67.48222656250002 79.11689453124995
-67.35454101562502 79.12333984375002
-66.58374023437503 79.13769531250003
-66.2427734375 79.11782226562497
-66.075341796875 79.11821289062505
-65.96787109374995 79.13237304687502
-65.825537109375 79.17373046875
-65.55976562499995 79.27646484375006
-65.41987304687495 79.340234375
-65.28779296874995 79.43730468750005
-65.11694335937497 79.58901367187505
-64.9892578125 79.736962890625
-64.90463867187498 79.88125
-64.83896484375 79.96918945312495
-64.79228515625002 80.00063476562497
-64.63242187500003 80.04057617187502
-64.46572265625 80.07167968749997
-64.17915039062498 80.099267578125
-64.20527343749995 80.11210937500002
-64.32680664062502 80.13359375000005
-64.43994140625 80.14184570312506
-64.54462890625001 80.13691406250001
-64.73525390625002 80.10444335937498
-64.98222656249999 80.08247070312504
-65.22211914062501 80.08593750000003
-65.39492187500002 80.07773437500003
-65.55341796874998 80.04799804687502
-65.81044921874997 80.02407226562502
-65.98193359374997 80.02949218749998
-66.29150390625 80.072265625
-66.44770507812501 80.08027343750004
-66.84365234374994 80.07622070312499
-66.95947265625 80.09204101562503
-67.06064453125 80.12314453124998
-67.14130859375001 80.16645507812501
-67.20146484375002 80.22216796874997
-67.19316406250002 80.28007812500005
-67.050634765625 80.38452148437503
-66.99589843749996 80.41298828125005
-66.61005859374995 80.52958984374999
-66.37231445312503 80.58417968750001
-66.13569335937495 80.625
-65.96328125 80.64897460937499
-65.80097656249998 80.65971679687505
-65.64521484374995 80.68505859375006
-65.35820312500002 80.76650390625002
-65.062158203125 80.83632812499997
-64.69379882812501 80.96601562500001
-64.51552734375002 81
-63.89155273437501 81.05644531250005
-63.72197265624999 81.05732421874995
-63.578027343749994 81.04326171875002
-63.44169921875002 81.01386718749998
-63.05859375000003 80.88559570312503
-63.02866210937498 80.88955078124997
-63.095458984375 80.9380859375
-63.235205078125034 81.083349609375
-63.2125 81.14311523437502
-62.99326171874995 81.20698242187498
-62.90336914062493 81.21835937499998
-62.67192382812496 81.214111328125
-62.29887695312499 81.19438476562499
-62.04941406249995 81.17275390625002
-61.8603515625 81.13759765624997
-61.635595703125034 81.11572265625003
-61.51909179687502 81.11679687499998
-61.435986328124955 81.13359375000005
-61.31699218749995 81.18847656250003
-61.16206054687501 81.28149414062497
-61.1 81.39609375000003
-61.13076171874994 81.53232421875
-61.17597656250001 81.63188476562502
-61.235693359375006 81.694580078125
-61.20292968749999 81.746875
-61.015039062499994 81.8095703125
-60.842871093750006 81.85537109375
-60.43237304687494 81.92016601562497
-60.09946289062498 81.937353515625
-59.90190429687496 81.9330078125
-59.64228515625001 81.90263671875005
-59.281933593749955 81.88403320312497
-58.95678710937497 81.82519531249997
-58.429785156250006 81.69003906249998
-58.07993164062495 81.62221679687502
-57.79033203125002 81.59174804687501
-57.50488281249994 81.53989257812503
-57.082861328125034 81.429931640625
-56.862060546875 81.38271484375
-56.730664062499955 81.365625
-56.615136718749966 81.36289062500003
-56.658154296874926 81.39428710937503
-56.85966796874996 81.4599609375
-57.16840820312498 81.53217773437495
-57.85302734375 81.66201171875005
-58.23007812499998 81.75366210937497
-58.56821289062495 81.85820312500005
-58.81674804687495 81.92041015625
-59.26801757812498 81.98208007812497
-59.261816406250034 82.00664062499999
-58.71738281249998 82.09306640625002
-57.71689453124998 82.16831054687498
-56.58935546874994 82.22714843749998
-56.21196289062499 82.22114257812498
-55.548681640625034 82.24575195312502
-55.48623046875002 82.28286132812497
-55.343603515625006 82.29956054687497
-54.72587890625002 82.35136718750005
-54.54887695312502 82.35063476562499
-54.277050781249955 82.32607421874997
-53.9873046875 82.27924804687501
-53.853222656249955 82.23686523437499
-53.671337890624926 82.1640625
-53.58203125000003 82.06157226562499
-53.59550781249993 81.73803710937497
-53.590771484374955 81.67685546875003
-53.5556640625 81.65327148437495
-53.43012695312498 81.68837890625
-53.279980468749955 81.75361328124995
-53.14501953125 81.79975585937495
-53.04121093749998 81.87099609375
-52.968505859375 81.96713867187503
-52.92553710937497 82.03837890625007
-53.10195312500002 82.11894531250005
-53.11074218749994 82.251220703125
-53.022558593750006 82.32172851562498
-52.775585937499955 82.32172851562498
-51.754003906250034 82.07822265625
-51.35185546874999 82.02563476562506
-50.894433593749966 81.89521484375004
-50.36005859374998 81.90908203125002
-49.867041015625006 81.89301757812504
-49.648828124999966 81.89780273437503
-49.54106445312493 81.91806640624998
-49.69428710937498 81.97211914062498
-50.39482421874996 82.12070312500006
-50.71313476562497 82.23735351562502
-50.935546875 82.38281249999997
-50.98994140624998 82.46015625000001
-50.81953124999998 82.47407226562501
-50.03710937500003 82.47241210937503
-48.86118164062498 82.40541992187497
-47.35742187499997 82.17363281249999
-46.617333984374994 82.09697265625002
-45.29106445312499 81.82880859375001
-44.890966796875006 81.78828125000001
-44.72949218749997 81.77983398437507
-44.60761718750001 81.81293945312495
-44.53242187499998 81.84892578125002
-44.52690429687502 81.896826171875
-44.59101562500001 81.95668945312502
-44.62773437499993 82.02587890625
-44.63710937499999 82.10444335937501
-44.547070312499955 82.26005859375002
-44.33320312499998 82.31079101562497
-44.238867187500034 82.36816406250003
-44.326562499999966 82.47172851562507
-44.57724609374995 82.54262695312502
-45.552441406249955 82.72524414062502
-45.556542968749994 82.74702148437501
-45.359619140625 82.77094726562501
-45.06743164062499 82.78496093750002
-42.65073242187498 82.74145507812503
-42.23295898437493 82.72548828125
-42.054638671874926 82.70981445312498
-41.97656250000003 82.68916015624995
-41.87646484374997 82.68032226562502
-41.35727539062498 82.70498046874997
-41.36962890625 82.75
-41.43442382812498 82.77861328125005
-44.23920898437501 82.856787109375
-44.76196289062503 82.88354492187503
-45.027929687500034 82.885595703125
-45.30297851562503 82.865087890625
-45.87333984374996 82.85488281249997
-46.13681640624998 82.85883789062498
-46.478173828124994 82.951904296875
-46.16904296874998 83.0638671875
-45.90888671875001 83.06132812500002
-45.41459960937502 83.01767578125
-45.121777343749955 83.07866210937499
-44.656933593749955 83.12905273437505
-44.19731445312502 83.14682617187503
-43.194580078125 83.25512695312497
-43.00927734375 83.26459960937495
-42.775537109374994 83.2587890625
-42.25952148437503 83.23198242187505
-42.05458984375002 83.20517578125
-41.819775390624955 83.14775390625005
-41.683496093749994 83.13002929687497
-41.52197265624994 83.12675781250002
-41.30014648437498 83.10078124999995
-40.979394531249994 83.18486328125005
-40.689453125 83.27519531250007
-40.356835937499994 83.33217773437502
-39.88632812499998 83.29892578125
-39.58842773437493 83.25556640624998
-39.31601562499995 83.20390625000002
-38.931103515624955 83.17534179687505
-38.27836914062496 82.99887695312498
-38.15625 82.99863281250003
-38.09858398437501 83.01357421874997
-38.037011718749994 83.04628906249997
-38.014892578125 83.09482421875
-37.934765624999926 83.1607421875
-37.992773437500034 83.18510742187502
-38.53955078124994 83.25815429687506
-38.64291992187498 83.28627929687502
-38.74780273437503 83.33256835937502
-38.74956054687502 83.370849609375
-38.64824218749999 83.40102539062502
-38.54145507812498 83.414794921875
-38.18793945312501 83.40229492187501
-38.07109374999999 83.41210937499997
-37.960839843749994 83.43764648437502
-37.82802734374994 83.48554687500001
-37.723339843749926 83.49775390625001
-37.486914062500006 83.49912109375003
-37.122998046874926 83.468408203125
-36.80449218749996 83.4658203125
-36.68959960937502 83.47993164062504
-36.672119140625 83.509912109375
-36.644433593749966 83.52895507812497
-36.60649414062496 83.536962890625
-35.45185546875001 83.53862304687499
-35.16552734375003 83.54575195312503
-34.94165039062497 83.56845703125003
-34.66777343749996 83.57114257812503
-34.428320312500034 83.55756835937495
-34.13193359374995 83.528662109375
-33.83735351562498 83.52998046875001
-33.398339843749994 83.57724609375003
-32.98442382812493 83.59960937499997
-30.702929687500017 83.59340820312497
-29.95288085937497 83.56484375

