-89.17109375000001 17.57226562499997
-89.18217773437496 17.29121093750001
-89.19038085937495 17.08466796875004
-89.20126953124995 16.80898437499999
-89.21245117187502 16.527148437500045
-89.22763671875 16.142822265625
-89.2375 15.894433593750023
-89.2328125 15.888671875
-89.11357421874993 15.900683593750045
-88.93715820312497 15.889843749999983
-88.89404296874997 15.890625
-88.83999023437497 15.868994140625006
-88.79833984375003 15.8625
-88.70864257812497 15.806542968749966
-88.603369140625 15.764160156250028
-88.53623046875 15.849609375000028
-88.57158203125002 15.901074218749955
-88.59799804687498 15.927343749999977
-88.59394531250004 15.950292968750034
-88.22832031249999 15.729003906249972
-88.27143554687495 15.694873046875045
-88.36455078125002 15.616015625000045
-88.53330078124995 15.481201171875028
-88.68447265625 15.360498046875051
-88.82993164062498 15.251025390625045
-88.96098632812493 15.152441406250034
-88.97641601562498 15.142675781249991
-89.14257812499997 15.072314453125045
-89.17031249999994 15.03989257812502
-89.20610351562496 14.900585937499969
-89.22236328124998 14.866064453125034
-89.19223632812498 14.788720703125009
-89.16220703124998 14.669238281250003
-89.17177734375 14.606884765624997
-89.28671874999995 14.529980468750054
-89.33940429687493 14.460742187499974
-89.36259765624996 14.416015625000014
-89.38325195312498 14.42763671874998
-89.41884765624997 14.431103515624983
-89.50087890624997 14.413769531249997
-89.54052734374997 14.409912109375014
-89.57363281249997 14.390087890624969
-89.57695312500002 14.347070312499994
-89.55502929687498 14.27724609374998
-89.54716796874999 14.241259765625031
-89.57026367187498 14.224658203125017
-89.67128906249997 14.182714843750006
-89.71113281249998 14.141308593749997
-89.74936523437498 14.077001953125048
-89.79370117187503 14.050097656249989
-89.83994140624995 14.055078125000023
-89.87270507812497 14.04560546875004
-89.94267578125002 13.997363281249989
-90.04814453124999 13.904052734374986
-90.10473632812497 13.834765624999989
-90.10590820312504 13.783007812500017
-90.09521484375 13.736523437500054
-90.47910156249995 13.90092773437506
-90.60693359374997 13.929003906250003
-91.14604492187493 13.925585937500017
-91.37734375 13.99018554687504
-91.64091796874996 14.114941406250054
-91.819091796875 14.22822265625004
-92.23515625 14.54541015625
-92.20903320312496 14.570996093749969
-92.18706054687502 14.630078125000011
-92.159912109375 14.69101562499999
-92.17646484374998 14.76132812500002
-92.18637695312495 14.818359375
-92.15566406250002 14.901318359375026
-92.15854492187498 14.963574218750011
-92.14423828124998 15.001953125000014
-92.09873046874995 15.026757812500009
-92.07480468749998 15.074218749999986
-92.20434570312497 15.237695312499994
-92.20424804687497 15.275
-92.18715820312494 15.320898437499977
-92.08212890624995 15.49555664062504
-91.95722656249998 15.703222656250063
-91.81943359374998 15.932373046875028
-91.73657226562497 16.070166015625034
-91.43398437499997 16.070458984374994
-91.23378906249997 16.070654296875034
-90.97958984374995 16.07080078124997
-90.70322265624995 16.07104492187503
-90.52197265624997 16.071191406249966
-90.44716796875002 16.07270507812501
-90.45986328124994 16.16235351562497
-90.45014648437501 16.261376953124994
-90.4169921875 16.35131835937503
-90.4169921875 16.391015625000023
-90.47109375000002 16.439550781250063
-90.5757812499999 16.467822265625045
-90.63408203124999 16.5107421875
-90.634375 16.565136718749983
-90.65996093749993 16.630908203125045
-90.71069335937497 16.708105468750063
-90.81601562499995 16.787109375
-90.975830078125 16.867822265624994
-91.11186523437499 16.976171875000034
-91.22416992187496 17.112255859374983
-91.31918945312495 17.199804687500034
-91.39233398437503 17.236425781250034
-91.40961914062498 17.255859375
-91.19550781249998 17.25410156250001
-90.99296875000002 17.25244140625003
-90.9916015625 17.447460937499955
-90.99042968749995 17.620751953124994
-90.98916015624994 17.81640624999997
-90.62202148437493 17.81611328125001
-90.18359374999997 17.815722656250017
-89.72880859374996 17.815332031250023
-89.37153320312501 17.814990234375045
-89.161474609375 17.814843750000023

