-11.418066406249949 12.377685546874972
-11.447558593749989 12.319238281249966
-11.474560546874983 12.247167968750034
-11.502197265624943 12.198632812499994
-11.492431640625 12.166943359375026
-11.414648437499949 12.10400390625
-11.305175781249943 12.015429687499974
-11.260693359374926 12.004052734374966
-11.209667968749926 12.02485351562504
-11.129248046874977 12.095019531250031
-11.065820312499937 12.170800781250009
-11.004541015624966 12.207519531250028
-10.93320312499992 12.205175781250006
-10.876171874999926 12.151855468749972
-10.806494140624949 12.034277343750006
-10.743017578124977 11.927246093750043
-10.734912109374932 11.916455078124983
-10.709228515624943 11.898730468750003
-10.6773437499999 11.899414062499972
-10.643701171874994 11.925537109375057
-10.618994140624949 11.94121093749996
-10.589501953124966 11.990283203125003
-10.4658203125 12.138671875000043
-10.372753906249955 12.17954101562502
-10.339892578124932 12.190283203124991
-10.274853515625011 12.212646484375014
-10.167089843749977 12.17744140625004
-10.010644531249994 12.116455078125043
-9.820703124999937 12.042480468749986
-9.754003906249949 12.029931640625009
-9.714746093749937 12.042480468749986
-9.658300781249977 12.143115234374974
-9.587744140625006 12.182470703124991
-9.486816406249943 12.228662109374994
-9.404980468749983 12.252441406250043
-9.358105468749926 12.255419921875017
-9.34018554687492 12.282763671875003
-9.331542968749943 12.32373046875
-9.340820312499972 12.366015624999989
-9.393652343749977 12.442236328124977
-9.395361328124977 12.464648437500017
-9.365185546874955 12.479296874999974
-9.3 12.490283203125003
-9.215527343749926 12.482861328124997
-9.12045898437492 12.449951171875043
-9.043066406249977 12.402343750000028
-8.998925781249937 12.345898437499983
-8.950830078124994 12.225585937499986
-8.913867187499932 12.108544921875037
-8.818310546874926 11.922509765624966
-8.820068359375 11.80712890625
-8.822021484374972 11.673242187499994
-8.779736328124955 11.64824218749996
-8.733105468749955 11.6375
-8.71142578125 11.617773437499963
-8.664941406249937 11.514990234374991
-8.621142578124989 11.485107421875028
-8.56875 11.478076171875017
-8.470703124999972 11.412207031250006
-8.407470703124972 11.386279296874974
-8.39853515624992 11.366552734375034
-8.400683593749932 11.339404296875017
-8.425292968749972 11.30473632812496
-8.463525390624937 11.28071289062504
-8.5203125 11.235937499999977
-8.567285156249937 11.177001953125057
-8.663916015625006 11.035839843749983
-8.666699218749926 11.009472656250026
-8.646191406249926 10.990478515624986
-8.606201171874972 10.98696289062498
-8.56352539062496 10.996679687500006
-8.474707031250006 11.04838867187496
-8.404492187499983 11.029931640625023
-8.33740234375 10.990625
-8.312744140624943 10.949755859375031
-8.306347656249983 10.89609375000002
-8.321679687499994 10.826953124999974
-8.324121093749966 10.74951171875
-8.301562499999989 10.617578125000037
-8.26665039062496 10.485986328124966
-8.231494140625017 10.437988281250043
-8.007275390624983 10.321875
-7.98569335937492 10.278417968750048
-7.974462890624949 10.229541015625031
-7.990625 10.1625
-8.01352539062492 10.125292968750017
-8.077832031249955 10.067089843749983
-8.136621093749937 10.022070312500048
-8.155175781249994 9.973193359375031
-8.145849609374977 9.881738281249966
-8.146044921875017 9.6748046875
-8.136962890625028 9.495703125
-8.08867187499996 9.4306640625
-8.031005859375028 9.397656250000026
-7.96269531249996 9.403857421875045
-7.896191406249983 9.415869140625006
-7.9 9.30869140625002
-7.91806640624992 9.18852539062496
-7.83940429687496 9.151611328124986
-7.7998046875 9.115039062500003
-7.777978515624994 9.08085937499996
-7.902099609374943 9.017089843750028
-7.938183593749926 8.979785156249974
-7.954980468749994 8.87944335937496
-7.95097656249996 8.786816406250011
-7.784033203124977 8.720605468750023
-7.719580078124977 8.643017578125026
-7.690966796874932 8.5625
-7.681201171874989 8.410351562500054
-7.696093749999989 8.375585937499991
-7.738964843749926 8.375244140625
-7.78740234374996 8.42197265625002
-7.823583984374949 8.467675781250009
-7.86875 8.467529296874972
-7.953125 8.477734375000011
-8.049121093749989 8.49531250000004
-8.167773437499989 8.490673828124983
-8.209960937499972 8.483251953124977
-8.236962890624966 8.455664062500048
-8.244140625 8.407910156249997
-8.256103515624943 8.253710937500031
-8.21713867187492 8.219677734375026
-8.140625 8.18144531249996
-8.090527343749983 8.165136718750006
-8.048583984374943 8.169726562499974
-8.016748046874966 8.14492187499998
-8.009863281249977 8.078515625000037
-8.03173828125 8.029736328125054
-8.073828124999949 7.98442382812496
-8.126855468749994 7.867724609374989
-8.117822265624937 7.824023437499974
-8.115429687499983 7.760742187500043
-8.205957031249966 7.590234375000037
-8.231884765624983 7.556738281249963
-8.351757812499983 7.590576171875014
-8.429980468749932 7.601855468750003
-8.486425781249977 7.558496093749966
-8.522265624999989 7.585546874999977
-8.564404296874983 7.625097656250034
-8.578857421874972 7.67705078124996
-8.607324218750023 7.687939453125054
-8.659765624999949 7.688378906250051
-8.708300781249989 7.658886718749997
-8.729443359374926 7.605273437499989
-8.732617187499955 7.543554687500034
-8.740234375 7.495703124999963
-8.769140624999949 7.466796875000028
-8.827929687499932 7.391943359374963
-8.85551757812496 7.322802734375003
-8.889648437499972 7.262695312500014
-8.938427734374955 7.266162109375003
-8.960986328124932 7.27460937500004
-8.9765625 7.258886718750034
-9.052343749999977 7.22548828124998
-9.117578124999966 7.215917968749991
-9.134814453125017 7.250585937500034
-9.172851562499943 7.27841796875002
-9.215185546874949 7.333300781250003
-9.263281249999977 7.377734375
-9.355322265624977 7.40869140625
-9.391650390624932 7.394921875000037
-9.435107421874989 7.398437500000043
-9.463818359374983 7.415869140625048
-9.45976562499996 7.442529296874966
-9.411474609374977 7.509960937500026
-9.383984374999955 7.571875
-9.368945312500017 7.639550781250051
-9.369140624999972 7.703808593749997
-9.394921874999966 7.794628906250026
-9.43632812499996 7.866699218750057
-9.446386718749977 7.908496093750045
-9.441552734374966 7.96791992187498
-9.451123046874955 8.023242187499974
-9.464550781249955 8.052099609374991
-9.471142578124955 8.106982421874974
-9.484130859374943 8.156982421875043
-9.508496093749926 8.176269531249972
-9.522216796874972 8.260009765624972
-9.518261718749955 8.346093750000023
-9.553906249999955 8.378613281249983
-9.610156249999932 8.402343750000014
-9.643212890624937 8.436035156250043
-9.66357421875 8.473535156250051
-9.68388671874996 8.484423828125045
-9.701171875 8.482177734375028
-9.71689453124992 8.458886718749994
-9.735595703125 8.453955078124963
-9.768261718750011 8.534570312500051
-9.781982421874943 8.537695312499977
-9.80473632812496 8.519189453125023
-10.064355468749937 8.42988281250004
-10.075683593750028 8.464599609375
-10.097656249999972 8.505859374999972
-10.147412109374983 8.51972656250004
-10.233056640625023 8.48881835937496
-10.283203125000028 8.485156250000017
-10.360058593749955 8.495507812499994
-10.394433593749937 8.480957031250043
-10.496435546874949 8.362109374999989
-10.557714843749977 8.315673828125043
-10.60400390625 8.319482421875009
-10.65263671874996 8.330273437499997
-10.686962890624926 8.321679687500023
-10.712109375000011 8.335253906250031
-10.7021484375 8.364208984374983
-10.6773437499999 8.400585937500011
-10.628466796874932 8.529980468749997
-10.503125 8.660302734374994
-10.50053710937496 8.687548828125031
-10.551757812500028 8.76376953125002
-10.605615234374966 8.867578125000037
-10.605761718750017 8.978808593750045
-10.615966796874943 9.059179687499991
-10.726855468749989 9.081689453125037
-10.747021484374926 9.09526367187496
-10.749951171874983 9.122363281249974
-10.721240234374989 9.194482421875023
-10.687646484374994 9.261132812500009
-10.682714843749949 9.289355468749989
-10.690527343749949 9.314257812499989
-10.75859375 9.385351562500006
-10.864794921874932 9.516455078124977
-10.963085937499983 9.661621093749972
-11.04746093749992 9.786328124999983
-11.115673828124983 9.843164062500009
-11.180859374999926 9.92534179687496
-11.20566406249992 9.977734374999983
-11.273632812500011 9.996533203124997
-11.471923828124972 9.995458984375034
-11.71005859374992 9.99418945312496
-11.911083984374926 9.993017578124991
-11.922753906249994 9.922753906249966
-12.142333984374972 9.875390625
-12.277734375000023 9.929785156249977
-12.427978515624972 9.898144531250026
-12.501464843749943 9.862158203124977
-12.524365234374983 9.787207031249977
-12.557861328124972 9.704980468750009
-12.58984375 9.671142578125043
-12.603613281249977 9.634228515624983
-12.62216796874992 9.600634765624989
-12.651660156249989 9.561914062499994
-12.68442382812492 9.484179687499974
-12.755859375 9.373583984375003
-12.83110351562496 9.302246093750028
-12.958789062499932 9.263330078125009
-12.998632812499977 9.146923828125011
-13.028027343749926 9.103564453124974
-13.077294921875023 9.069628906249989
-13.129882812499972 9.047558593750011
-13.178369140624994 9.060888671874977
-13.23422851562492 9.070117187499989
-13.292675781249926 9.04921875
-13.302636718749994 9.078369140624986
-13.269482421875011 9.170556640625023
-13.295898437499972 9.218505859375028
-13.396093749999949 9.314306640625006
-13.405566406249932 9.360644531250031
-13.436279296874972 9.420312500000023
-13.568261718749937 9.543408203125054
-13.691357421874983 9.535791015625009
-13.657128906250023 9.639111328125011
-13.658691406249972 9.776367187499986
-13.70048828124996 9.851269531249969
-13.68979492187492 9.927783203125017
-13.712646484374943 9.922949218750006
-13.75371093749996 9.870263671875023
-13.820117187499989 9.887207031250014
-13.95463867187496 9.968701171875011
-14.021875 10.047851562500057
-14.029931640624937 10.115136718749994
-14.045019531249977 10.141259765624994
-14.086279296874949 10.127246093749974
-14.170410156249943 10.128613281249983
-14.426904296874994 10.248339843750045
-14.609570312499983 10.549853515625003
-14.61362304687492 10.617822265624994
-14.58740234375 10.73491210937496
-14.593505859375 10.766699218750048
-14.677343749999949 10.688964843750014
-14.693359375 10.74101562499996
-14.757373046874989 10.862060546875014
-14.77592773437496 10.931640624999986
-14.83745117187496 10.96254882812498
-14.886718749999972 10.968066406250031
-14.9248046875 10.94492187500002
-14.975 10.803417968749969
-15.012402343749983 10.80434570312498
-15.051220703124983 10.83457031250002
-15.043017578125017 10.940136718750026
-14.9990234375 10.992187499999972
-14.944433593750006 11.072167968750009
-14.779296875 11.405517578124986
-14.720263671874989 11.48193359375
-14.68295898437492 11.508496093749997
-14.604785156249989 11.511621093750009
-14.45244140624996 11.556201171875031
-14.327832031249955 11.629785156250023
-14.265576171874983 11.659912109375028
-14.122314453125028 11.651953125
-13.953222656249949 11.664599609375003
-13.732763671874977 11.736035156249997
-13.728564453124989 11.834130859374994
-13.730664062499983 11.959863281250023
-13.737988281249955 12.009667968750051
-13.816308593749937 12.054492187500031
-13.861914062499977 12.093310546875031
-13.901171874999989 12.142871093750003
-13.948876953124937 12.178173828125011
-13.947314453124989 12.215234375
-13.8875 12.246875
-13.849462890624949 12.26298828124996
-13.759765624999972 12.262353515625009
-13.730078124999949 12.280810546875045
-13.707910156249966 12.312695312499969
-13.682373046875 12.393408203124977
-13.673535156249983 12.478515625
-13.732617187499926 12.592822265625017
-13.729248046874972 12.67392578125002
-13.405761718749972 12.662255859375037
-13.372558593749943 12.65361328124996
-13.228076171874989 12.63959960937504
-13.13847656249996 12.639746093749977
-13.082910156249994 12.633544921875057
-13.059765624999983 12.615039062500017
-13.064404296874955 12.581054687500014
-13.079833984375 12.536279296875037
-13.061279296874943 12.489990234375028
-13.011914062499926 12.477636718749991
-12.985644531249989 12.491650390625011
-12.960546874999949 12.514355468750011
-12.930712890624989 12.532275390625031
-12.888183593749943 12.520019531250014
-12.797314453124983 12.451904296875
-12.713037109374966 12.433154296874989
-12.620800781249926 12.396191406250011
-12.53422851562496 12.375781250000031
-12.45737304687492 12.378369140625026
-12.399072265624966 12.340087890625043
-12.291210937499926 12.32802734374998
-12.151953124999977 12.376611328125023
-12.042382812499937 12.398046875000034
-11.888574218749966 12.403320312500043
-11.80810546875 12.387304687499977
-11.573681640624926 12.426318359375017
-11.456738281250011 12.41757812500002
-11.389404296874972 12.404394531249991

