-15.905175781249966 11.054736328125017
-15.963964843749949 11.05898437499999
-15.950634765624983 11.08710937500004
-15.963476562499949 11.09531250000002
-15.946484374999955 11.179736328124989
-15.937695312499926 11.19277343749998
-15.909130859374983 11.161328124999969
-15.9052734375 11.148339843749994
-15.895898437499937 11.082470703124983

-16.194531249999955 11.044580078124994
-16.23100585937499 11.094238281249986
-16.23642578124995 11.11342773437498
-16.19462890624996 11.130126953125014
-16.17587890624995 11.130810546874969
-16.14404296874997 11.166845703125034
-16.10478515624996 11.191015624999977
-16.08745117187499 11.19877929687496
-16.067333984374955 11.197216796874997
-16.052783203124932 11.11752929687502
-16.072216796874983 11.084082031249949
-16.11450195312497 11.059423828124991

-15.72514648437496 11.174511718749997
-15.767480468749994 11.18227539062498
-15.77978515625 11.194531249999983
-15.7546875 11.268701171874994
-15.717480468749926 11.301757812499986
-15.67192382812496 11.296484374999977
-15.658349609374966 11.286474609374977
-15.667187499999983 11.257861328125003
-15.687109374999949 11.234326171875011
-15.72514648437496 11.215478515624994

-15.948730468749972 11.434423828125006
-15.997216796874966 11.449169921874997
-16.023193359374943 11.477148437500006
-16.01933593749996 11.527294921875011
-15.964550781249983 11.598291015624994
-15.915332031249989 11.589111328124986
-15.901806640624983 11.465820312500014

-15.562792968749932 11.513769531250006
-15.619628906249972 11.533496093750031
-15.536572265624926 11.617626953125026
-15.482470703125017 11.63232421875
-15.48442382812496 11.567529296875037
-15.526220703124949 11.553857421875009
-15.553417968749983 11.537011718750037

-16.038330078125 11.759716796875026
-16.102441406250023 11.773193359375014
-16.147363281250023 11.845996093750017
-16.152441406249977 11.876806640624977
-16.021875 11.88666992187504
-15.986425781250006 11.882031249999983

-13.682373046875 12.393408203124977
-13.707910156249966 12.312695312499969
-13.730078124999949 12.280810546875045
-13.759765624999972 12.262353515625009
-13.849462890624949 12.26298828124996
-13.8875 12.246875
-13.947314453124989 12.215234375
-13.948876953124937 12.178173828125011
-13.901171874999989 12.142871093750003
-13.861914062499977 12.093310546875031
-13.816308593749937 12.054492187500031
-13.737988281249955 12.009667968750051
-13.730664062499983 11.959863281250023
-13.728564453124989 11.834130859374994
-13.732763671874977 11.736035156249997
-13.953222656249949 11.664599609375003
-14.122314453125028 11.651953125
-14.265576171874983 11.659912109375028
-14.327832031249955 11.629785156250023
-14.45244140624996 11.556201171875031
-14.604785156249989 11.511621093750009
-14.68295898437492 11.508496093749997
-14.720263671874989 11.48193359375
-14.779296875 11.405517578124986
-14.944433593750006 11.072167968750009
-14.9990234375 10.992187499999972
-15.043017578125017 10.940136718750026
-15.09375 11.011035156249989
-15.054589843749966 11.14194335937502
-15.096777343749949 11.14003906249998
-15.181054687499966 11.034228515625017
-15.222119140624983 11.030908203124952
-15.216699218749937 11.15625
-15.263378906249955 11.160888671874972
-15.317480468749977 11.152001953125023
-15.393115234375017 11.217236328124997
-15.400585937499926 11.26621093750002
-15.394531249999943 11.334472656249986
-15.3484375 11.37807617187498
-15.354687499999983 11.396337890624977
-15.399169921875 11.401464843749949
-15.448974609375028 11.389746093749963
-15.479492187500028 11.41030273437498
-15.429101562499966 11.498876953124991
-15.252587890624966 11.57329101562496
-15.163769531250011 11.580957031250023
-15.07265625 11.59780273437498
-15.12241210937492 11.661572265625011
-15.230371093749994 11.686767578124986
-15.316699218749989 11.669189453124957
-15.359667968749932 11.622900390625034
-15.412988281249966 11.615234374999986
-15.501904296874955 11.72377929687498
-15.500244140624972 11.778369140625003
-15.4671875 11.842822265624989
-15.415722656249983 11.871777343750026
-15.210839843749994 11.870947265625034
-15.13310546874996 11.907324218749977
-15.101708984374966 11.913964843750009
-15.071972656249955 11.947021484374986
-15.078271484374994 11.968994140625028
-15.111523437499926 11.970263671875017
-15.188085937499977 11.92729492187496
-15.434765624999955 11.943554687499997
-15.513476562499932 11.917578125000034
-15.650683593749989 11.818359374999972
-15.819384765624989 11.763476562499989
-15.941748046874949 11.78662109375
-15.90273437499999 11.919677734375014
-15.920214843750017 11.937792968749974
-15.95878906249996 11.95961914062498
-16.13842773437497 11.917285156249974
-16.274316406249937 11.978125
-16.328076171874983 12.051611328124977
-16.318847656249943 12.14375
-16.25473632812495 12.2060546875
-16.244580078124926 12.237109375000017
-16.31230468749996 12.243017578124977
-16.436816406250017 12.204150390624974
-16.711816406249994 12.35483398437502
-16.65693359375001 12.364355468750006
-16.521337890625006 12.3486328125
-16.416308593750017 12.367675781249972
-16.342285156249943 12.399511718749977
-16.241503906250017 12.443310546875026
-16.144189453124994 12.457421874999966
-15.839550781249926 12.43789062499998
-15.574804687499977 12.490380859375023
-15.377929687499943 12.588964843750034
-15.196093749999932 12.679931640625
-14.960595703124994 12.678955078124972
-14.708154296874994 12.677978515625043
-14.349218749999977 12.676416015624994
-14.064843749999937 12.675292968750028
-13.729248046874972 12.67392578125002
-13.732617187499926 12.592822265625017
-13.673535156249983 12.478515625

