-57.247900390625006 5.485253906250009
-57.25751953125001 5.44516601562502
-57.291894531249994 5.373974609374983
-57.31855468750001 5.335351562500023
-57.27963867187498 5.246777343750011
-57.23530273437501 5.242871093750011
-57.21845703125004 5.23154296875002
-57.20732421874999 5.214208984375034
-57.20981445312498 5.19541015625002
-57.22685546874999 5.17851562499996
-57.269287109375 5.157031250000017
-57.30957031249994 5.10585937499999
-57.30576171874998 5.049560546874972
-57.331005859374955 5.020166015625023
-57.41215820312499 5.004589843750054
-57.57089843749998 5.004492187500034
-57.648828124999966 5.000683593749969
-57.71108398437494 4.991064453124963
-57.75200195312493 4.954492187499966
-57.804101562499994 4.929052734375034
-57.84492187500004 4.923046875000054
-57.88110351562494 4.880615234375014
-57.91704101562499 4.820410156250006
-57.904882812500006 4.779296874999986
-57.86787109375001 4.724316406249969
-57.84599609374999 4.668164062499997
-57.87470703124998 4.577099609374997
-57.90625 4.506787109374983
-57.92470703124994 4.453125
-57.94975585937499 4.349951171875006
-58.01074218749997 4.23647460937498
-58.05449218750002 4.171923828124974
-58.05429687499998 4.101660156250048
-58.0322265625 4.001953124999986
-57.90771484374994 3.856689453125057
-57.866552734375006 3.787255859375023
-57.83266601562494 3.675976562499997
-57.720361328124966 3.58828125
-57.64946289062502 3.517382812500017
-57.65610351562495 3.423730468750037
-57.64672851562497 3.394531250000043
-57.60273437499998 3.370947265625034
-57.54960937500002 3.352832031249989
-57.49057617187498 3.354296875000017
-57.43789062499999 3.36225585937504
-57.42558593749996 3.375439453124969
-57.30366210937498 3.377099609375037
-57.28994140624994 3.353613281249963
-57.28291015625004 3.218847656250048
-57.27792968749998 3.164306640625028
-57.24897460937504 3.142285156249983
-57.23164062499998 3.108886718750028
-57.23056640624992 3.078564453124969
-57.225 3.003076171874966
-57.206933593749994 2.963378906250043
-57.20981445312498 2.882812499999972
-57.197363281250006 2.853271484375
-57.16362304687496 2.833251953125
-57.12114257812493 2.775537109374966
-57.105126953124966 2.768261718749997
-57.096875 2.747851562500017
-57.060449218749994 2.665673828124966
-57.041943359374955 2.641113281250028
-57.028955078124994 2.6375
-57.02348632812493 2.608984374999963
-56.99711914062499 2.53217773437504
-56.97929687499999 2.513232421875003
-56.945214843749966 2.45683593749996
-56.93149414062492 2.395361328124963
-56.88642578124998 2.325976562500045
-56.840527343749955 2.277148437500045
-56.81982421875 2.226660156249963
-56.761132812499966 2.114892578125023
-56.70434570312503 2.036474609375034
-56.62719726562503 2.016015625000037
-56.56269531250004 2.00507812500004
-56.522363281249994 1.974804687499997
-56.4828125 1.942138671875
-56.525488281250006 1.927246093749986
-56.56357421874995 1.9072265625
-56.61645507812497 1.922656250000031
-56.68984375 1.914306640625014
-56.76625976562502 1.892187500000034
-56.83671874999999 1.88125
-56.96953125 1.91640625
-57.01005859374996 1.921240234375006
-57.03759765624997 1.936474609374997
-57.092675781249994 2.005810546875011
-57.118896484375 2.013964843749974
-57.18959960937502 1.981591796875051
-57.275585937499955 1.959228515625014
-57.31748046874998 1.963476562499991
-57.36679687499998 1.94013671875004
-57.412695312500006 1.908935546874986
-57.500439453124926 1.77382812499999
-57.54575195312492 1.726074218750043
-57.59443359374998 1.7041015625
-57.691748046875006 1.704785156249969
-57.79565429687494 1.7
-57.8734375 1.66728515624996
-57.94633789062502 1.650585937500026
-57.982812499999966 1.648437500000028
-57.9951171875 1.574316406250034
-58.01176757812502 1.539941406250037
-58.03466796874997 1.520263671875028
-58.09130859374997 1.514355468749983
-58.14223632812494 1.51699218749998
-58.17309570312503 1.547851562499972
-58.23041992187498 1.56328125
-58.281152343749994 1.574316406250034
-58.314208984375 1.59194335937498
-58.34067382812495 1.587548828124966
-58.362695312499994 1.556689453124989
-58.38037109374997 1.530224609375011
-58.39580078124999 1.481738281250003
-58.47294921874999 1.46625976562504
-58.50605468749998 1.438671875000011
-58.48686523437499 1.347753906249963
-58.49570312499992 1.312255859375014
-58.51186523437502 1.28466796875
-58.605078125 1.27915039062502
-58.68461914062496 1.281054687499974
-58.73032226562495 1.247509765624969
-58.78720703124998 1.208496093750014
-58.82177734375 1.20122070312496
-58.8625 1.20361328125
-58.91660156249998 1.248876953124991
-58.96850585937497 1.304589843749966
-59.10039062500002 1.343652343750023
-59.23120117187503 1.37602539062496
-59.316992187500006 1.464599609374972
-59.33725585937495 1.508203124999966
-59.37768554687503 1.527343750000057
-59.479443359374955 1.632421874999963
-59.53569335937496 1.7
-59.596630859374955 1.718017578125
-59.666601562500006 1.746289062499983
-59.663769531249955 1.795214843750003
-59.66850585937493 1.842333984375003
-59.69853515625002 1.861474609374994
-59.74072265625 1.874169921875009
-59.75620117187495 1.900634765624986
-59.75175781249993 1.962402343750043
-59.74350585937495 2.121630859374974
-59.75522460937492 2.27412109375004
-59.84912109374997 2.327050781249994
-59.88964843749997 2.362939453125023
-59.96079101562498 2.588378906250028
-59.99433593749998 2.689990234375031
-59.99589843749993 2.765429687500045
-59.97231445312502 2.990478515624972
-59.945654296875006 3.087841796874997
-59.87304687499994 3.283105468749994
-59.83115234374995 3.349218749999963
-59.82880859375001 3.39858398437498
-59.83305664062499 3.462158203125057
-59.854394531249966 3.5875
-59.73164062500001 3.666552734375031
-59.67900390624993 3.699804687499977
-59.67021484375002 3.752734375
-59.604443359374955 3.819677734374977
-59.57539062499998 3.883447265624994
-59.551123046875006 3.933544921874983
-59.55776367187502 3.96000976562496
-59.58642578125 3.975390624999989
-59.62021484374995 4.02314453125004
-59.69121093749993 4.160400390625014
-59.71689453124995 4.188183593749997
-59.73857421874999 4.22675781250004
-59.727490234374955 4.287646484375003
-59.69970703125 4.353515625000014
-59.703271484374994 4.381103515625043
-59.745800781249955 4.416650390624994
-59.83334960937495 4.475927734374991
-59.90610351562495 4.480322265625006
-59.962353515624926 4.501708984375014
-60.045019531250006 4.504589843749969
-60.11113281249996 4.511181640624983
-60.148632812499955 4.533251953125045
-60.14091796874999 4.569628906249989
-60.12456054687493 4.597656250000014
-60.06894531249998 4.666650390625037
-60.03178710937496 4.740527343749989
-60.026757812499994 4.81269531250004
-60.01547851562492 4.907519531249989
-59.99936523437492 4.989843749999977
-59.990673828124926 5.082861328125006
-60.07807617187498 5.143994140625026
-60.10595703124997 5.194238281249966
-60.142041015624955 5.238818359374989
-60.18173828124995 5.238818359374989
-60.24165039062498 5.25795898437498
-60.33520507812497 5.19931640625002
-60.40878906249995 5.210156250000011
-60.45952148437496 5.188085937500048
-60.57641601562497 5.192480468749963
-60.65136718749997 5.221142578125026
-60.74213867187498 5.202050781249952
-60.954003906249994 5.437402343750037
-61.16718749999998 5.674218750000051
-61.37680664062498 5.906982421875043
-61.39082031249998 5.938769531250031
-61.303125 6.04951171875004
-61.22495117187495 6.129199218750017
-61.15947265625002 6.174414062499991
-61.12871093749996 6.21430664062504
-61.15229492187498 6.38510742187502
-61.151025390624994 6.446533203125
-61.18159179687498 6.51337890625004
-61.20361328124994 6.588378906250043
-61.17724609375 6.650927734374989
-61.14560546874995 6.69453125
-61.10478515624999 6.711376953125054
-61.00708007812497 6.726611328125045
-60.93798828125003 6.732763671874963
-60.91357421875003 6.7578125
-60.87333984374999 6.786914062499989
-60.82084960937496 6.788476562500037
-60.71791992187494 6.768310546875014
-60.671044921874994 6.805957031250045
-60.586083984374994 6.85708007812498
-60.39501953124997 6.945361328125017
-60.35209960937493 7.002880859375011
-60.32207031249996 7.092041015624972
-60.32548828124993 7.133984375
-60.34506835937492 7.15
-60.39238281249996 7.16455078125
-60.46494140624992 7.16655273437496
-60.52319335937497 7.143701171875023
-60.583203124999955 7.156201171874983
-60.63330078125003 7.21108398437498
-60.63618164062498 7.256591796875014
-60.606542968750006 7.32084960937496
-60.623730468749955 7.363330078125003
-60.71923828124994 7.498681640625037
-60.718652343749994 7.535937499999989
-60.64946289062493 7.596630859375011
-60.610107421875 7.64833984374998
-60.55634765624998 7.772021484375031
-60.51362304687498 7.813183593749983
-60.38061523437497 7.82763671875
-60.346777343750006 7.854003906250043
-60.27890624999995 7.919433593750043
-60.178173828124955 7.994042968749966
-60.03242187500001 8.05356445312502
-59.99072265624994 8.162011718749994
-59.96484375 8.191601562499983
-59.849072265624955 8.24868164062498
-59.82890625000002 8.279150390624963
-59.83164062499995 8.305957031250017
-60.01752929687498 8.549316406250028
-59.98061523437502 8.532617187500009
-59.83652343749998 8.373828124999989
-59.756738281249966 8.339501953125009
-59.73994140625001 8.33872070312502
-59.73930664062496 8.379980468749991
-59.66611328124998 8.362597656250003
-59.47690429687498 8.254003906249991
-59.20024414062502 8.074609375000037
-58.81157226562496 7.735595703124986
-58.70107421875002 7.606640625000011
-58.62661132812494 7.545898437499972
-58.51108398437495 7.398046874999963
-58.477294921875 7.32578125
-58.48056640624995 7.038134765625003
-58.58291015625002 6.843652343749994
-58.60791015624997 6.697314453125031
-58.61347656250004 6.502539062500048
-58.67294921874998 6.390771484375009
-58.59399414062497 6.451513671875048
-58.56948242187494 6.62724609374996
-58.50229492187495 6.733984375000034
-58.41499023437501 6.85117187500002
-58.29843749999998 6.87929687499998
-58.17285156249997 6.829394531250017
-58.07177734374997 6.820605468750003
-57.98256835937502 6.785888671875043
-57.792871093749994 6.59853515624998
-57.607568359374994 6.450390625
-57.54013671874995 6.331542968750028
-57.343652343749966 6.272119140624994
-57.22753906250003 6.178417968750011
-57.19023437499999 6.097314453125009
-57.167236328125 5.885009765625
-57.20527343750001 5.564599609375009
-57.19477539062501 5.5484375

