-72.82221679687498 18.707128906250006
-73.07797851562503 18.790917968750023
-73.28525390624998 18.89672851562497
-73.27641601562496 18.95405273437504
-73.17060546874998 18.96728515624997
-73.06914062500002 18.93203125
-72.91923828124993 18.861474609374994
-72.80458984374994 18.777685546874977

-71.83471679687497 19.696728515624983
-71.77924804687495 19.718164062499994
-71.75742187499995 19.68818359375001
-71.71147460937499 19.48657226562497
-71.70693359374997 19.421972656250063
-71.75317382812497 19.324462890625
-71.74648437500002 19.28583984375004
-71.64721679687497 19.195947265625023
-71.64531250000002 19.163525390624983
-71.65703125000002 19.130761718749966
-71.742041015625 19.045507812500006
-71.80712890624994 18.987011718749983
-71.78637695312497 18.920019531250034
-71.733642578125 18.85639648437504
-71.72705078124997 18.80322265625003
-71.74321289062499 18.73291015625
-71.82421874999997 18.645507812500057
-71.86650390624996 18.614160156249966
-71.98686523437496 18.6103515625
-72.00039062499997 18.59790039062503
-71.94038085937501 18.512597656249966
-71.87255859374994 18.416210937499955
-71.76191406249998 18.34130859374997
-71.73725585937501 18.270800781250017
-71.76376953125 18.203955078124977
-71.76831054687503 18.039160156249977
-71.85292968749997 18.11914062500003
-71.94609375000002 18.18608398437499
-72.00205078124995 18.212011718750034
-72.05986328125002 18.228564453125017
-72.503564453125 18.219921874999955
-72.55322265624997 18.208398437499994
-72.59189453125003 18.186914062499966
-72.63330078124994 18.17622070312501
-72.75527343750002 18.156152343750023
-72.87666015624998 18.151757812499994
-73.16005859374997 18.205615234375045
-73.27226562500002 18.233544921874966
-73.38515625 18.25117187500001
-73.51484374999995 18.24536132812497
-73.64404296875 18.229052734375017
-73.74731445312497 18.190234375000017
-73.82470703125003 18.12177734375001
-73.83916015624996 18.058203125000034
-73.88496093749995 18.041894531249994
-73.98945312500001 18.143164062500034
-74.08540039062493 18.215136718750045
-74.19462890624999 18.269189453125023
-74.41904296874995 18.34619140625
-74.45996093750003 18.39306640624997
-74.478125 18.45
-74.3875 18.624707031249983
-74.28447265624999 18.65668945312501
-74.22773437499998 18.662695312500006
-74.10034179687494 18.641113281250057
-73.97597656250002 18.601416015625034
-73.8625 18.575439453125
-73.68701171874994 18.565332031249966
-73.59160156249996 18.522363281250023
-72.91728515624999 18.455712890625023
-72.78935546874996 18.43481445312503
-72.73945312499998 18.442138671875
-72.69599609374993 18.468212890624983
-72.659765625 18.51533203125001
-72.61806640624997 18.55078125000003
-72.418115234375 18.558691406250034
-72.37607421875003 18.57446289062497
-72.34672851562502 18.623730468749955
-72.34765625000003 18.674951171875023
-72.465234375 18.743554687499966
-72.64912109374998 18.894140624999977
-72.81108398437502 19.07158203124999
-72.7412109375 19.13134765625
-72.76796874999994 19.240625
-72.74179687500003 19.34184570312499
-72.70322265624998 19.441064453125023
-72.86342773437502 19.526074218749955
-73.05273437499997 19.610742187499966
-73.31552734375003 19.637304687500034
-73.39633789062498 19.65869140624997
-73.43837890625002 19.72211914062501
-73.40053710937502 19.80742187499999
-73.31533203125 19.854589843750006
-73.2177734375 19.883691406249966
-73.11777343749998 19.90380859374997
-72.87651367187493 19.928076171875034
-72.63701171874999 19.90087890625
-72.429931640625 19.813281250000017
-72.21982421875 19.74462890624997
-71.95429687500001 19.7216796875

-72.62348632812498 20.01416015625
-72.63886718749993 19.98583984375
-72.73979492187499 20.00341796875003
-72.84423828125003 20.03544921874999
-72.87841796874997 20.027441406250034
-72.89931640624997 20.031445312499955
-72.96035156249997 20.06225585937503
-72.90673828124997 20.085839843750023
-72.85146484375 20.093652343750023
-72.79101562500003 20.091894531250034
-72.6640625 20.0375

