73.58798828125003 -53.18457031249996
73.46513671875005 -53.18417968749996
73.41328125000007 -53.14677734374998
73.33632812500002 -53.02988281249997
73.28544921875005 -53.021484375000036
73.25390625 -52.98935546874998
73.25117187500007 -52.97578124999996
73.30527343750009 -52.966308593749986
73.38808593750008 -52.999902343749994
73.58574218749999 -53.02714843750004
73.73125 -53.09121093750003
73.83779296875002 -53.112792968749986
73.79511718750001 -53.12988281250001
73.70742187500002 -53.137109374999966

