-85.48369140625002 15.899511718750006
-85.163671875 15.918164062499983
-85.04824218749994 15.973974609374977
-84.97373046875003 15.989892578125023
-84.64609375 15.883593750000045
-84.55966796874998 15.802001953125028
-84.49228515625 15.793945312499972
-84.44003906250003 15.812597656250063
-84.42597656250001 15.829492187500023
-84.49038085937497 15.847265625
-84.51962890624998 15.872753906249955
-84.26142578124995 15.822607421875034
-83.77548828125 15.436865234374977
-83.76528320312497 15.405468749999969
-83.97280273437497 15.519628906250063
-84.08276367187497 15.510888671874966
-84.11132812500003 15.492431640625028
-84.10517578125001 15.430126953125026
-84.095068359375 15.400927734375031
-84.04794921875 15.397607421874966
-84.01318359375003 15.41440429687502
-83.92744140624995 15.394042968750043
-83.87065429687502 15.352734374999983
-83.80166015625 15.289257812500011
-83.76044921874995 15.220361328125009
-83.71591796875003 15.219238281250043
-83.67216796874999 15.260742187499972
-83.58964843749996 15.265771484375023
-83.5359375 15.219384765624994
-83.49794921874994 15.222119140625011
-83.55107421875002 15.293994140625003
-83.676123046875 15.365429687499983
-83.64638671875 15.368408203124972
-83.36918945312499 15.239990234375014
-83.29086914062503 15.078906249999974
-83.22558593749997 15.042285156249974
-83.15751953124996 14.99306640624998
-83.41503906250003 15.008056640625014
-83.5365234375 14.977001953124997
-83.58974609375 14.907568359374963
-83.635498046875 14.876416015625011
-83.67363281249993 14.883544921875043
-83.75092773437495 14.85625
-83.86728515624995 14.794482421875017
-83.97226562499995 14.771093749999963
-84.0658203125 14.786083984374997
-84.09296875000001 14.770898437500009
-84.10029296875001 14.750634765624966
-84.11440429687494 14.73100585937506
-84.15078125 14.720410156250026
-84.19238281250003 14.726025390625026
-84.23920898437495 14.747851562500031
-84.26396484374996 14.738525390624986
-84.26665039062496 14.698144531250023
-84.29194335937495 14.687353515625048
-84.33979492187495 14.706347656250003
-84.39365234374998 14.691748046874963
-84.45356445312493 14.643701171875037
-84.53764648437502 14.633398437499977
-84.64594726562495 14.661083984375026
-84.72978515624999 14.713378906250014
-84.78916015625 14.790380859374991
-84.86044921874998 14.809765625000026
-84.98515625 14.752441406249986
-85.03735351562494 14.685546875000028
-85.04863281249993 14.644726562499983
-85.03652343749997 14.607666015624972
-85.059375 14.582958984375011
-85.11728515624998 14.570605468749974
-85.16132812499998 14.525146484375043
-85.19150390625 14.446630859375034
-85.19755859374999 14.385986328125028
-85.17949218749996 14.343310546875031
-85.20834960937498 14.311816406250017
-85.28417968749997 14.291650390624994
-85.373779296875 14.223876953125043
-85.47705078125 14.108691406250017
-85.57978515624995 14.028222656249966
-85.68193359374999 13.982568359374994
-85.731201171875 13.931835937500054
-85.72773437499998 13.876074218749963
-85.73393554687502 13.858691406249974
-85.75341796875 13.852050781250043
-85.7867187499999 13.844433593750011
-85.98378906250002 13.96567382812502
-86.040380859375 14.050146484374991
-86.08925781250002 14.03720703125002
-86.15122070312495 13.99458007812504
-86.23823242187498 13.899462890625031
-86.33173828124995 13.770068359375045
-86.376953125 13.755664062500045
-86.61025390625002 13.77485351562504
-86.73364257812503 13.763476562500031
-86.75898437499995 13.74614257812506
-86.77060546875 13.698730468749986
-86.76352539062498 13.635253906250028
-86.72958984375 13.407226562500014
-86.71069335937497 13.313378906249994
-86.72929687499993 13.284375
-86.79213867187494 13.279785156249986
-86.87353515625 13.266503906250037
-86.91821289062497 13.223583984374997
-86.92880859375 13.179394531249969
-86.93315429687499 13.117529296874977
-86.95888671875 13.053710937500028
-87.00932617187496 13.0078125
-87.0591796875 12.991455078125043
-87.33725585937498 12.979248046875043
-87.33251953125 13.084716796875043
-87.41279296875001 13.127441406250043
-87.45844726562498 13.21542968750002
-87.49838867187503 13.274902343749972
-87.48515625000002 13.310595703125045
-87.489111328125 13.352929687499966
-87.60224609374998 13.385595703124963
-87.708349609375 13.360058593749997
-87.769384765625 13.376660156250011
-87.814208984375 13.399169921874972
-87.73701171874998 13.45136718750004
-87.73164062499995 13.483105468750026
-87.75644531249995 13.50600585937498
-87.78188476562497 13.521386718750009
-87.77421875000002 13.580322265625028
-87.75854492187503 13.649951171875003
-87.71533203125 13.812695312500026
-87.7314453125 13.841064453125028
-87.80224609374994 13.889990234374963
-87.89199218750002 13.894970703124997
-87.99101562499996 13.879638671874986
-88.038720703125 13.90463867187502
-88.08046874999997 13.960595703125051
-88.15102539062494 13.987353515624989
-88.27622070312498 13.942675781250031
-88.40849609374999 13.875390625
-88.44912109375002 13.850976562500009
-88.482666015625 13.854248046875057
-88.49765624999995 13.904541015625
-88.50434570312498 13.964208984374977
-88.51254882812498 13.978955078124969
-88.58315429687497 14.000146484375023
-88.665625 14.015527343750051
-88.7076171875 14.032080078125048
-88.74736328124993 14.072265624999972
-88.84594726562494 14.124755859375
-88.86831054687497 14.163671875000034
-89.00019531250001 14.25273437500006
-89.02685546875003 14.296972656250006
-89.05712890624997 14.329150390624989
-89.12050781250002 14.370214843750006
-89.17011718750001 14.360302734375026
-89.33725585937495 14.411376953125043
-89.36259765624996 14.416015625000014
-89.33940429687493 14.460742187499974
-89.28671874999995 14.529980468750054
-89.17177734375 14.606884765624997
-89.16220703124998 14.669238281250003
-89.19223632812498 14.788720703125009
-89.22236328124998 14.866064453125034
-89.20610351562496 14.900585937499969
-89.17031249999994 15.03989257812502
-89.14257812499997 15.072314453125045
-88.97641601562498 15.142675781249991
-88.96098632812493 15.152441406250034
-88.82993164062498 15.251025390625045
-88.68447265625 15.360498046875051
-88.53330078124995 15.481201171875028
-88.36455078125002 15.616015625000045
-88.27143554687495 15.694873046875045
-88.22832031249999 15.729003906249972
-88.13110351562497 15.701025390624977
-88.05458984375002 15.764843750000011
-88.010400390625 15.786181640624989
-87.90703124999999 15.862597656250017
-87.87495117187501 15.879345703124983
-87.70185546875001 15.910644531250028
-87.61816406250003 15.909863281249983
-87.54497070312502 15.832373046875006
-87.4869140625 15.790185546875023
-87.37749023437502 15.826464843750045
-87.285888671875 15.834423828124955
-86.90722656249994 15.762353515625023
-86.75703124999998 15.794238281250045
-86.48081054687503 15.801074218750017
-86.35664062499995 15.783203125
-86.18120117187502 15.88515625
-86.06855468749998 15.905664062499994
-85.93627929687503 15.953417968750045
-85.95390624999999 16.002246093750045
-85.98564453124996 16.024169921875
-85.78398437499999 16.002832031249994

-86.58027343749995 16.30024414062501
-86.63041992187496 16.30175781249997
-86.55693359374999 16.36210937499999
-86.43828124999999 16.413867187500074
-86.33784179687495 16.439208984375
-86.25551757812497 16.42822265624997
-86.41992187499997 16.37836914062504

-85.94721679687495 16.403613281250017
-85.96098632812499 16.4296875
-85.92421874999997 16.483300781249994
-85.87822265625002 16.513964843750017
-85.83378906250002 16.510888671875023
-85.84443359374995 16.48774414062501
-85.87094726562503 16.461523437500006

