114.20722656250001 22.195166015624977
114.1387695312502 22.268359375000045
114.13447265625001 22.29223632812503
114.18740234374997 22.29663085937503
114.246875 22.263574218749966
114.24355468750014 22.233544921874966
114.2320312500002 22.210546875

113.87734375000014 22.21044921874997
113.85156250000011 22.22045898437497
113.83886718750011 22.24169921875003
113.88154296875018 22.2802734375
114.04394531249994 22.333398437499966
114.00332031250014 22.277539062499955
113.99775390625007 22.21049804687499

114.29052734375011 22.37377929687503
114.28789062500005 22.325292968750006
114.26796875000014 22.295556640624994
114.13906249999997 22.348437500000017
114.0328125000002 22.375878906250023
113.93730468749999 22.36499023437503
113.90253906250001 22.396093750000034
113.89648437499994 22.42817382812501
114.00673828125014 22.484033203125023
114.01542968750005 22.51191406250001
114.01826171875018 22.51445312499999
114.05039062500003 22.54296875000003
114.09785156250001 22.55126953125003
114.12285156250016 22.56499023437499
114.18818359375007 22.56499023437499
114.22822265625001 22.55395507812497
114.26601562500002 22.540966796874983
114.2696289062502 22.536767578125023
114.29111328125003 22.499462890624955
114.28457031250014 22.457617187499977
114.3251953125 22.437402343750023
114.33525390625016 22.396240234375

