22.227148437500063 48.41342773437509
22.231152343750097 48.4121582031251
22.25371093750016 48.40737304687511
22.269433593750165 48.360888671875045
22.272167968750097 48.358007812500006
22.295117187500153 48.327294921875136
22.316699218750102 48.28662109375003
22.35019531250009 48.25605468750001
22.423828125000085 48.24331054687508
22.520117187500063 48.20537109374999
22.582421875000165 48.13403320312503
22.67636718750012 48.10439453125002
22.683105468750057 48.10361328125012
22.70156250000008 48.107031250000034
22.76914062500009 48.10961914062503
22.782226562500085 48.095214843750114
22.83623046875016 48.060302734375085
22.857226562500102 48.02954101562506
22.84648437500013 47.997070312500085
22.85605468750012 47.96030273437498
22.876660156250153 47.947265625000085
22.85175781250004 47.92255859375001
22.6767578125 47.79902343749998
22.60839843750003 47.76630859374998
22.56289062500008 47.75957031250002
22.491406249999983 47.772558593750006
22.41748046875003 47.76264648437504
22.35146484375008 47.736230468749966
22.290625 47.72783203124996
22.24462890625 47.696386718750034
22.18505859375003 47.629052734374994
22.111914062500034 47.572021484375
22.03798828125008 47.53662109375
21.99970703125001 47.50502929687505
21.99531250000001 47.39570312499998
21.954296874999983 47.36425781250006
21.899218750000045 47.33256835937499
21.86933593750001 47.304589843749966
21.785449218750045 47.13813476562498
21.721777343750063 47.08481445312506
21.661425781250017 47.04389648437498
21.651464843750034 47.00654296875001
21.65263671874999 46.963769531249994
21.58417968750001 46.87836914062501
21.494433593750017 46.78974609374998
21.47705078125003 46.75336914062504
21.49707031250003 46.70429687499998
21.41103515625008 46.64785156250002
21.36132812499997 46.62075195312502
21.32021484375005 46.60781250000005
21.294531250000063 46.57246093750004
21.252246093750045 46.48637695312499
21.26328125 46.44775390625003
21.26455078125008 46.41230468750001
21.19179687500008 46.39155273437504
21.17041015625 46.35268554687502
21.151953125000063 46.30434570312502
21.121679687500006 46.28242187500001
21.039843750000045 46.24223632812499
20.837011718750006 46.25971679687501
20.76025390625 46.246240234374994
20.737402343750063 46.21748046875001
20.732714843750074 46.194433593750034
20.70742187500008 46.172802734374955
20.66103515625005 46.14565429687502
20.61367187500008 46.133496093749955
20.508105468750074 46.16694335937501
20.280957031250068 46.13300781250004
20.241796874999977 46.10859375000004
20.21015625000004 46.12602539062502
20.161425781250045 46.14189453124999
19.93408203125 46.16147460937506
19.84443359375004 46.145898437499994
19.724511718750023 46.15190429687496
19.613476562500068 46.16918945312503
19.53076171875 46.15517578125002
19.45751953125 46.087353515624955
19.42128906250008 46.064453125
19.392871093750045 46.04980468750006
19.33027343750001 46.02851562499998
19.278125 46.00288085937498
19.20839843750005 45.98442382812496
19.146289062500017 45.987011718749955
19.08730468750008 46.01616210937502
19.066210937500045 46.009521484375
19.047656250000074 45.98266601562506
19.015722656250063 45.959716796875
18.927832031250006 45.931396484375
18.905371093750034 45.93173828124998
18.90029296875008 45.93173828124998
18.83300781250003 45.91083984374998
18.721777343750034 45.899365234374955
18.66601562500003 45.907470703125
18.564648437499983 45.81328124999999
18.53359375000005 45.79614257812497
18.437304687500074 45.76733398437506
18.35830078125005 45.75302734374998
18.290625 45.76445312499999
18.263964843750017 45.765478515625034
17.9638671875 45.77026367187503
17.80712890625003 45.790429687499966
17.706445312500023 45.827246093750006
17.63964843750003 45.86835937500004
17.607031250000034 45.913769531249955
17.52919921875008 45.941308593749966
17.406347656250006 45.951074218749994
17.310644531250034 45.996142578125045
17.242187500000057 46.07661132812501
17.14960937500001 46.14033203125001
17.03271484375 46.18730468749999
16.93994140625003 46.253662109375
16.871484375000023 46.339306640624955
16.748046875 46.41640625000002
16.569921875000034 46.485009765624966
16.516210937500034 46.499902343749994
16.505664062500017 46.52207031249998
16.41845703125 46.60722656250002
16.38125 46.63867187500003
16.384570312500017 46.680810546874994
16.36718750000003 46.70478515624998
16.335449218750057 46.721630859374955
16.318457031250063 46.78251953125002
16.30849609375008 46.827978515625034
16.28359375000005 46.85727539062506
16.093066406250074 46.86328125000003
16.252539062500034 46.97192382812497
16.331835937500045 47.002197265625
16.423925781250063 46.996972656249994
16.453417968750017 47.006787109374955
16.461230468750017 47.02246093750006
16.476953125000023 47.05786132812497
16.484765625000023 47.09125976562504
16.49267578125003 47.122656250000034
16.48281250000005 47.140380859375
16.43837890625008 47.145898437499966
16.41689453125005 47.2234375
16.439746093750074 47.25273437499999
16.46259765625004 47.273144531249955
16.434375 47.36743164062497
16.44287109375 47.399511718750034
16.514746093750006 47.404541015625
16.574414062500068 47.424658203125006
16.62304687500003 47.44755859374996
16.63662109375005 47.47661132812502
16.676562500000017 47.536035156249966
16.639746093750063 47.60888671874997
16.43212890625003 47.656298828125045
16.42128906250005 47.674462890624994
16.46962890625005 47.69506835937503
16.521093750000034 47.72446289062498
16.55097656250001 47.74736328125002
16.590917968750063 47.75053710937496
16.64746093750003 47.739013671875
16.74755859375 47.68627929687503
16.78593749999999 47.67866210937498
16.823046875000017 47.693994140624994
16.862695312499994 47.69726562500003
16.973437500000017 47.6953125
17.066601562500068 47.70756835937499
17.04560546875004 47.763769531250006
17.04589843750003 47.804541015625034
17.03007812499999 47.83710937500001
17.03994140625005 47.87294921875002
17.077734375000034 47.90087890625003
17.08906250000001 47.96362304687503
17.14736328125008 48.005957031250034
17.174609375000045 48.012060546875034
17.27724609375008 48.00434570312498
17.301562500000074 47.993359374999955
17.31728515625008 47.99091796874998
17.48066406250004 47.887597656249994
17.63525390625 47.80991210937498
17.761914062500068 47.770166015624966
17.94794921875004 47.76689453125002
18.145605468750063 47.763427734375
18.47626953125001 47.77700195312502
18.72421875 47.78715820312496
18.740625 47.806494140625006
18.77802734375004 47.852880859375034
18.748339843750017 47.89267578125006
18.750097656250034 47.939453125
18.791894531250023 48.000292968750045
18.914160156250063 48.050830078125045
19.265136718750057 48.07304687500002
19.466992187500068 48.11069335937498
19.49746093750005 48.16210937499997
19.564257812500074 48.21284179687501
19.62539062500008 48.223095703124955
19.70917968750001 48.199804687500006
19.810058593750057 48.15502929687503
19.898632812500068 48.13134765625
19.95039062500004 48.14663085937502
20.12861328125001 48.222021484375006
20.333789062500074 48.295556640624966
20.475 48.49511718750003
20.490039062500017 48.526904296875045
20.643164062500034 48.549707031249966
20.866601562499994 48.54565429687503
20.981152343750068 48.519677734374994
21.067285156250023 48.50590820312502
21.196386718750034 48.510595703125006
21.382421875 48.55346679687503
21.45136718750004 48.55224609375006
21.504687500000045 48.521875
21.563183593750068 48.49570312499998
21.602636718750034 48.46367187500002
21.632519531250068 48.41850585937499
21.648632812500068 48.40146484375006
21.674609375000045 48.37836914062498
21.721484375000074 48.346582031249966
21.766992187500023 48.33808593750001
22.111328125 48.39335937500002
22.131835937500114 48.40532226562496

