-15.428466796875028 66.22480468750001
-15.240917968750011 66.25913085937498
-15.162402343749989 66.28168945312495
-14.969970703124943 66.35971679687506
-14.856103515624937 66.38144531250003
-14.6806640625 66.37612304687502
-14.595849609374937 66.38154296874998
-14.593896484374994 66.37397460937504
-14.70166015625 66.34228515624997
-14.788232421874966 66.33144531249997
-14.91220703124992 66.28427734375006
-15.029980468749926 66.17788085937505
-15.117382812499955 66.12563476562497
-15.116406249999955 66.10244140625005
-15.010302734374989 66.061279296875
-14.894042968749943 66.03789062500005
-14.787158203124932 66.05908203125
-14.740429687500011 66.05083007812502
-14.698193359374926 66.02021484374998
-14.67436523437496 65.98989257812502
-14.668994140624932 65.95986328125005
-14.688232421874943 65.89697265625003
-14.752539062499977 65.83378906250002
-14.839306640624983 65.780908203125
-14.827099609374983 65.76425781249998
-14.757519531249926 65.75566406250002
-14.426220703124926 65.78994140624997
-14.391845703124943 65.78740234374999
-14.372802734374972 65.77036132812498
-14.369091796874926 65.73872070312501
-14.35087890624996 65.71010742187497
-14.31816406249996 65.68447265624997
-14.328369140624972 65.65825195312505
-14.473388671874943 65.57534179687505
-14.302294921874989 65.6275390625
-14.166943359374955 65.64228515625001
-13.935449218749966 65.61606445312498
-13.840722656249937 65.58593749999997
-13.78525390624992 65.53300781250002
-13.705126953124932 65.55053710937506
-13.670312499999937 65.54951171875001
-13.617871093749926 65.51933593749999
-13.616015624999989 65.487158203125
-13.654443359374994 65.44130859375
-13.66777343749996 65.39897460937499
-13.7080078125 65.381591796875
-13.78325195312496 65.368994140625
-13.804785156249977 65.35478515625005
-13.771630859374994 65.32250976562506
-13.722851562499983 65.29096679687501
-13.653466796874966 65.28950195312498
-13.641113281249943 65.275
-13.639550781249994 65.25747070312502
-13.648925781249943 65.23696289062502
-13.671582031249926 65.22285156249998
-13.707421874999966 65.21513671875002
-13.754882812499943 65.19252929687502
-13.580810546875 65.14301757812498
-13.55859375 65.12465820312497
-13.556103515624955 65.09765624999997
-13.569677734374949 65.068115234375
-13.599316406249955 65.03593750000002
-13.65185546875 65.01684570312503
-13.777246093749966 65.01372070312502
-13.854003906249972 64.99287109375004
-13.827832031249983 64.95800781250003
-13.829833984374943 64.91401367187495
-13.852929687499937 64.86215820312506
-13.951660156249972 64.78364257812495
-14.044433593749972 64.74189453124998
-14.135156249999966 64.71479492187495
-14.296972656249977 64.72436523437506
-14.385107421875006 64.74521484375003
-14.37529296874996 64.67744140624998
-14.465380859375017 64.63569335937501
-14.44833984374992 64.600830078125
-14.4169921875 64.58310546875003
-14.432568359374983 64.53833007812497
-14.475390625000017 64.493994140625
-14.547070312499955 64.445947265625
-14.62822265624996 64.41596679687501
-14.789550781249972 64.37983398437501
-14.927392578124994 64.31967773437503
-15.021582031249977 64.29589843749997
-15.255859374999943 64.29692382812502
-15.494970703124977 64.25820312500002
-15.832910156249994 64.17666015625002
-16.060449218749994 64.11123046875002
-16.236035156249955 64.03720703125003
-16.46806640624999 63.916357421875006
-16.640332031249983 63.86547851562503
-16.739697265624983 63.85175781249998
-16.933056640624955 63.840917968750006
-17.095117187499994 63.80810546874997
-17.633447265624994 63.74658203124997
-17.81572265624999 63.71298828125006
-17.839257812499994 63.68237304687503
-17.914843749999932 63.636376953124994
-17.919580078124937 63.61972656249998
-17.886376953124994 63.60688476562501
-17.880273437499994 63.590185546875006
-17.946923828124994 63.535742187500006
-18.080029296874926 63.49633789062497
-18.14291992187495 63.49697265625002
-18.219042968750017 63.53085937499998
-18.25219726562503 63.52968750000002
-18.26523437499992 63.524511718750034
-18.26601562499999 63.51386718749998
-18.22226562499995 63.473193359375045
-18.30283203124995 63.45424804687502
-18.65361328124999 63.40668945312501
-19.250195312499955 63.441992187500006
-19.48657226562497 63.47851562499997
-19.778271484374955 63.53657226562501
-19.95195312499999 63.552050781250045
-20.198144531249966 63.55581054687502
-20.40043945312499 63.637109374999966
-20.494042968749937 63.68735351562498
-20.501562499999977 63.70820312499998
-20.49101562499996 63.73198242187502
-20.46997070312503 63.74819335937502
-20.4384765625 63.75698242187505
-20.371728515624994 63.757861328125045
-20.363037109375 63.764941406250074
-20.413964843749966 63.80517578125
-20.46269531249996 63.79213867187502
-20.592968749999955 63.7353515625
-20.650927734374932 63.73740234375006
-20.72705078125 63.765771484374966
-20.729931640624955 63.79335937499999
-20.878759765624977 63.80390625000001
-21.00810546874996 63.83837890625003
-21.13657226562492 63.887939453125
-21.15576171875003 63.906835937500034
-21.09404296874996 63.93442382812506
-21.10595703125 63.93984375
-21.15239257812496 63.94453124999998
-21.246240234374994 63.935449218749994
-21.387597656249994 63.87280273437503
-21.448632812499994 63.85839843750003
-22.372558593749943 63.84375
-22.606884765624983 63.83725585937506
-22.652197265624977 63.82773437499998
-22.693017578124937 63.868505859375034
-22.729394531249994 63.95947265625
-22.74296874999999 64.01938476562503
-22.73364257812497 64.04838867187499
-22.701171875 64.08320312499998
-22.65092773437499 64.07729492187502
-22.603076171875017 64.04960937500007
-22.55981445312497 64.01035156249998
-22.51005859374996 63.99145507812503
-22.18759765624992 64.039208984375
-22.05664062499997 64.07133789062505
-22.0009765625 64.10185546875005
-21.935449218749966 64.15375976562498
-21.865917968749926 64.18032226562497
-21.832763671875 64.205419921875
-21.76757812499997 64.28486328125004
-21.722558593749937 64.32177734375
-21.668652343749983 64.34902343750005
-21.60600585937499 64.3666015625
-21.463330078124983 64.37915039062497
-21.55717773437499 64.39785156250005
-21.646679687499926 64.39785156250005
-21.95122070312499 64.31391601562501
-22.053369140625023 64.31391601562501
-22.049072265624943 64.327001953125
-22.006005859374966 64.35068359375003
-21.901269531249937 64.39160156250003
-21.973193359374932 64.39467773437502
-22.000683593749926 64.41318359374998
-22.003808593749966 64.45219726562502
-21.950341796874994 64.51499023437503
-21.702392578125 64.59780273437502
-21.616650390624955 64.61000976562502
-21.590625 64.62636718749997
-21.62314453124995 64.63974609375003
-21.674951171875023 64.64770507812497
-21.92441406249995 64.56254882812502
-22.10600585937499 64.53305664062506
-22.15996093749996 64.538818359375
-22.25390625 64.571875
-22.28417968749997 64.58657226562505
-22.32470703124997 64.62441406250002
-22.32011718749999 64.64721679687506
-22.233593749999955 64.71396484375006
-22.24755859374997 64.72690429687503
-22.30703125 64.73349609375003
-22.467041015625 64.79497070312505
-22.7203125 64.78881835937503
-23.346972656249932 64.824365234375
-23.476464843749937 64.80927734375001
-23.68994140625 64.75654296875004
-23.818994140624994 64.73916015625005
-23.878564453124966 64.75063476562497
-23.932763671874994 64.77851562499998
-23.98198242187499 64.81611328124998
-24.026171874999932 64.86342773437505
-24.007031249999955 64.89643554687501
-23.924414062499977 64.91523437500004
-23.86381835937499 64.92416992187498
-23.69321289062495 64.91274414062497
-23.485302734374983 64.94584960937505
-23.352685546874966 64.95278320312505
-23.314599609375023 64.95800781250003
-23.23652343750001 64.99326171875003
-23.19799804687497 65.00214843749998
-23.137890624999983 64.98979492187502
-23.108837890624926 64.96586914062505
-22.899511718750006 65.00302734374998
-22.827685546874932 65.02167968749995
-22.81958007812497 65.03310546874997
-22.788085937499943 65.04648437500003
-22.683984374999966 65.02636718750003
-22.59970703124995 65.02573242187498
-22.494482421875006 65.03955078125003
-22.30844726562492 65.04565429687503
-21.892138671874932 65.04877929687495
-21.829785156249926 65.07910156250003
-21.800439453124994 65.10590820312498
-21.76372070312499 65.17373046875002
-21.77998046875001 65.18769531250001
-22.039990234374955 65.125244140625
-22.099316406249955 65.12622070312503
-22.400292968749994 65.15932617187502
-22.50908203124996 65.19677734375
-22.4734375 65.22685546875002
-22.31396484375 65.29160156250006
-22.149316406249937 65.34355468750007
-21.906982421874943 65.39970703125005
-21.850244140624937 65.42153320312497
-21.844384765624994 65.44736328124998
-22.005761718749994 65.49345703125005
-22.311474609374926 65.48071289062503
-22.38969726562496 65.53540039062497
-22.64360351562499 65.5677734375
-22.812646484374966 65.54741210937505
-22.902490234374994 65.58046875000002
-23.122070312499943 65.53476562500003
-23.604541015624932 65.46860351562506
-23.79648437499995 65.42275390625005
-23.89990234374997 65.40756835937506
-24.018994140624983 65.44501953124995
-24.22397460937492 65.48720703125002
-24.454785156249955 65.50034179687503
-24.47568359374995 65.52519531250005
-24.34106445312497 65.601220703125
-24.248925781249937 65.61499023437503
-24.15610351562495 65.60800781250003
-23.97900390625 65.55498046875007
-23.85673828124996 65.53837890625005
-24.01000976562503 65.61621093750003
-24.006005859374994 65.646142578125
-24.01757812499997 65.69091796875006
-24.06503906249995 65.71015624999998
-24.111914062500006 65.75971679687504
-24.092626953124977 65.77646484374998
-24.032421874999955 65.78232421875
-23.909082031249966 65.76557617187498
-23.615917968749926 65.67958984374997
-23.471972656250017 65.69482421875006
-23.39296875 65.72651367187501
-23.28535156250001 65.75
-23.31591796875 65.76225585937502
-23.569287109374926 65.76372070312505
-23.704736328124994 65.78120117187495
-23.773242187499932 65.80634765625004
-23.83261718749995 65.84921875000006
-23.811718749999955 65.86889648437497
-23.741308593749977 65.88457031250007
-23.52495117187496 65.88002929687502
-23.66748046874997 65.95429687499998
-23.766552734374983 65.99697265624997
-23.77734374999997 66.01757812499997
-23.77055664062499 66.04345703125003
-23.757128906249932 66.060791015625
-23.73715820312495 66.06943359374998
-23.488867187499977 66.02607421875004
-23.434472656249994 66.02421875000002
-23.484667968749932 66.05224609375003
-23.59355468749999 66.09340820312497
-23.598535156249937 66.10883789062501
-23.552636718750023 66.12158203125003
-23.529980468749926 66.14501953125
-23.52792968749995 66.16440429687506
-23.452539062499966 66.18100585937498
-23.3765625 66.18173828125003
-23.3 66.16660156250006
-23.06254882812499 66.08623046875002
-23.028515624999983 66.06367187499995
-23.017285156249926 66.03393554687503
-23.028906249999977 65.99707031249997
-23.01899414062501 65.98212890624995
-22.926220703124926 65.99482421874995
-22.852246093749955 65.97929687499999
-22.815332031249994 65.98349609375006
-22.723339843749983 66.03901367187501
-22.659863281249926 66.02592773437499
-22.621582031249943 65.99995117187504
-22.60971679687495 65.97646484375005
-22.604052734374932 65.94418945312503
-22.62021484374995 65.87695312500003
-22.61601562499999 65.86748046875005
-22.55156249999999 65.90541992187497
-22.44169921874999 65.90830078125
-22.42753906249996 65.927392578125
-22.42421875 65.99809570312502
-22.433154296874932 66.05766601562507
-22.44531250000003 66.07001953125001
-22.80644531249996 66.15258789062506
-22.86923828124995 66.17207031250001
-22.947900390624994 66.21274414062503
-22.93198242187495 66.23320312500005
-22.861621093750017 66.25146484375003
-22.755517578124966 66.25874023437501
-22.509375 66.25776367187498
-22.48442382812499 66.26630859375004
-22.532128906249937 66.28774414062505
-22.646093749999977 66.30156250000002
-22.672753906249994 66.31391601562495
-22.686230468749983 66.33769531250002
-22.82133789062496 66.32470703125003
-22.97202148437495 66.32416992187501
-23.11694335937497 66.33872070312503
-23.11992187499996 66.35722656249999
-23.062695312499926 66.384375
-22.94433593749997 66.42944335937506
-22.889208984374932 66.440625
-22.723730468749977 66.43276367187502
-22.55932617187497 66.44541015625
-22.42612304687492 66.43012695312501
-22.320458984374994 66.38549804687497
-22.170214843749932 66.30712890625
-21.96699218750001 66.256982421875
-21.948388671874937 66.24125976562499
-21.840234374999937 66.20019531249997
-21.625292968749932 66.08969726562503
-21.406884765624937 66.02558593750001
-21.396777343750017 66.00927734374997
-21.43271484374995 65.99008789062498
-21.516650390625017 65.96757812500002
-21.497460937499994 65.95507812500003
-21.38779296874995 65.93876953125002
-21.308789062499926 65.89531250000005
-21.303466796875 65.87646484375
-21.374902343749994 65.74189453124995
-21.412841796875 65.71333007812498
-21.45664062499995 65.69824218750003
-21.658447265624943 65.72358398437495
-21.6103515625 65.68076171875003
-21.466259765624955 65.63515624999997
-21.43364257812496 65.60966796875002
-21.45512695312499 65.58466796874998
-21.439404296874983 65.57890625000005
-21.386621093749994 65.59243164062497
-21.36474609374997 65.57822265625
-21.37387695312495 65.536376953125
-21.39633789062492 65.50166015624995
-21.432177734374932 65.47407226562501
-21.421875 65.46215820312497
-21.365478515624943 65.46582031250003
-21.31254882812499 65.45869140624998
-21.229980468749943 65.42060546874995
-21.162988281249994 65.30424804687505
-21.1296875 65.26660156250003
-21.105712890624943 65.3
-21.075585937499937 65.38496093749998
-21.047314453124955 65.42836914062502
-21.020849609374977 65.43027343749998
-20.997998046874955 65.44453125000004
-20.97885742187495 65.47119140625006
-20.93974609374999 65.565185546875
-20.804345703125023 65.63642578124995
-20.739697265624983 65.65825195312505
-20.67895507812497 65.66308593749997
-20.64941406249997 65.65419921875002
-20.54814453124996 65.5794921875
-20.486523437499926 65.56694335937502
-20.454833984374943 65.57104492187506
-20.411523437500023 65.621728515625
-20.356640624999926 65.71904296875002
-20.34409179687495 65.82773437500003
-20.373925781249994 65.94770507812495
-20.356591796875023 66.03325195312507
-20.292138671874937 66.084375
-20.20751953125003 66.10009765625
-20.102685546874966 66.08046875
-20.02607421875001 66.04926757812495
-19.874755859375 65.93012695312501
-19.752636718749983 65.8677734375
-19.647851562499966 65.80078125000006
-19.59355468749999 65.77905273437497
-19.489697265624983 65.76806640625006
-19.461816406249966 65.77236328125002
-19.443261718750023 65.787841796875
-19.43388671874996 65.814453125
-19.45625 65.98491210937499
-19.42705078124999 66.03798828124997
-19.382958984374994 66.07568359375
-19.195312499999943 66.097900390625
-19.093212890624926 66.12153320312501
-18.99375 66.16035156250004
-18.91132812500001 66.18115234375
-18.84589843750001 66.18393554687503
-18.777539062499926 66.16879882812498
-18.706201171874966 66.1357421875
-18.594921874999926 66.07133789062502
-18.45493164062492 65.96455078125001
-18.276953125 65.88471679687501
-18.18364257812499 65.75800781249995
-18.163720703124937 65.73657226562503
-18.14194335937495 65.73408203124995
-18.118408203124943 65.75053710937502
-18.10332031249996 65.77392578125
-18.099023437499994 65.83027343750001
-18.148876953124926 65.90502929687497
-18.315332031249994 66.09316406250002
-18.318212890624977 66.12880859375
-18.297167968749932 66.15742187499995
-18.179882812499926 66.16054687499997
-17.906982421874943 66.14331054687503
-17.819824218749943 66.11411132812503
-17.63432617187499 65.99916992187497
-17.582226562499955 65.97138671874998
-17.550439453124966 65.96440429687499
-17.539013671874926 65.97832031250007
-17.46704101562503 65.99965820312497
-17.417236328125 66.025537109375
-17.33427734374996 66.08886718750003
-17.153027343749983 66.20283203124998
-17.115380859374966 66.20620117187505
-17.062451171874926 66.19721679687498
-16.96953124999999 66.16738281250005
-16.925439453124994 66.14345703124997
-16.838037109374937 66.12524414062497
-16.7484375 66.13164062500005
-16.62475585937503 66.17158203125001
-16.485009765624966 66.195947265625
-16.437109374999977 66.25253906249998
-16.42807617187492 66.27836914062499
-16.540673828124937 66.44672851562501
-16.493359374999983 66.48115234375001
-16.24931640624999 66.52290039062498
-16.035888671874943 66.52607421875001
-15.98540039062496 66.5146484375
-15.85092773437492 66.43286132812503
-15.759765625 66.39169921875
-15.713769531249966 66.35859375000001
-15.702783203124937 66.2857421875
-15.647363281249937 66.2587890625
-15.543115234375023 66.22851562499997

