96.90654296875016 -12.19980468750002
96.89677734374999 -12.195507812500026
96.89394531249997 -12.192578124999969
96.89296875000014 -12.187207031250026
96.90439453125003 -12.186523437499972
96.91337890625005 -12.181835937499997
96.91894531250011 -12.173339843749957
96.92050781250003 -12.161523437500037
96.92529296874994 -12.173242187500023
96.92431640625011 -12.184667968750048
96.91826171875005 -12.194140625000017

96.85195312500014 -12.186816406250031
96.86738281250007 -12.181445312500003
96.8736328125002 -12.18769531250004
96.84951171874997 -12.197363281249963
96.83486328125002 -12.1796875
96.82773437500009 -12.15068359374996
96.82587890625007 -12.126171875000026
96.83261718750009 -12.126171875000026
96.83261718750009 -12.136035156249989
96.83417968750007 -12.144140624999963
96.83945312500003 -12.160253906250048
96.83564453125018 -12.17128906249998
96.84042968750009 -12.181835937499997

105.696875 -10.56416015625004
105.64433593749999 -10.525
105.58408203125009 -10.5125
105.59570312499994 -10.459667968749983
105.64550781249994 -10.452246093749977
105.66982421875014 -10.449414062500026
105.70546875000002 -10.430664062500014
105.72539062500016 -10.492968750000017

