56.09492187500001 26.801171874999966
55.95429687500018 26.70112304687501
55.89414062500009 26.732275390624977
55.847656250000114 26.730810546875034
55.74726562500018 26.692480468750034
55.674609375000045 26.685839843750017
55.54316406250018 26.617529296875034
55.423730468749966 26.583105468750034
55.34042968750009 26.58574218749996
55.31152343749994 26.592626953125034
55.295019531250034 26.639208984375017
55.29648437500009 26.657568359375034
55.34697265625016 26.64794921875003
55.53173828124994 26.71000976562496
55.76259765625002 26.811962890624955
55.784570312500136 26.85717773437503
55.747460937500136 26.93095703124996
55.75761718750016 26.947656249999966
55.907128906249966 26.909814453124994
56.074121093749966 26.983349609374955
56.213964843750034 27.003271484375034
56.279394531250034 26.952099609374983
56.18798828125 26.921142578125

45.071679687499966 39.362890625000034
45.11308593750016 39.31157226562496
45.141210937500034 39.25429687500002
45.190625 39.215625
45.255957031250034 39.194677734375034
45.33554687500009 39.13916015625
45.389257812500034 39.09589843749998
45.47968750000007 39.00625
45.575 38.972802734374966
45.921875 38.90791015624998
46.11445312500007 38.87778320312506
46.17011718750001 38.869042968749966
46.31777343750002 38.91264648437496
46.490625000000136 38.90668945312498
46.554785156250034 38.90439453124998
46.78320312499994 39.08740234375003
46.85253906249994 39.14843750000003
46.988867187500034 39.18017578125003
47.0654296875 39.25288085937501
47.188378906249966 39.340966796874994
47.338476562500034 39.42387695312502
47.47617187500009 39.49833984374999
47.581835937500045 39.54335937500002
47.772851562500136 39.648583984374966
47.89228515625007 39.68505859375003
47.99589843749999 39.68393554687498
48.15107421875018 39.56054687499997
48.28173828125 39.448339843750034
48.322167968750136 39.39907226562502
48.257226562500136 39.35498046875003
48.13603515625016 39.312353515625034
48.112890625000034 39.28110351562498
48.10439453125002 39.241113281249994
48.10917968749999 39.20283203125001
48.12548828124994 39.17163085937497
48.27412109375001 39.09912109375003
48.291015625000114 39.05927734374998
48.292089843750034 39.01884765625002
48.27509765625007 38.99360351562501
48.24199218750016 38.97895507812498
48.138574218750136 38.958642578124994
48.05009765625016 38.93500976562498
48.01933593749999 38.91181640624998
47.99267578125 38.88427734375006
47.996484375000136 38.85375976562506
48.02324218749999 38.81904296874998
48.20468750000009 38.72412109375
48.225195312500034 38.689208984375
48.26132812500009 38.642285156249955
48.305566406250136 38.61347656250004
48.38125 38.60561523437502
48.41738281250002 38.58623046874999
48.59267578125002 38.41108398437501
48.635546875000045 38.39873046874999
48.840332031250114 38.437255859375
48.86875 38.43549804687501
48.87070312500009 38.392529296874955
48.901367187500114 38.14365234374998
48.92509765625016 38.01513671875
48.95996093749994 37.89013671875003
49.01533203125007 37.776074218749955
49.08095703125002 37.66757812499998
49.17119140624999 37.6005859375
49.372460937499966 37.51997070312501
49.470117187499966 37.49667968749998
49.726953124999966 37.48051757812496
49.98066406250018 37.44487304687499
50.130468750000034 37.40712890625002
50.17626953124994 37.38051757812502
50.21406250000018 37.33959960937503
50.337890625000114 37.14916992187497
50.533203125000114 37.01367187499997
50.92744140625001 36.810205078124994
51.118554687499966 36.74257812499999
51.76201171875016 36.61450195312503
52.19013671875018 36.621728515624966
53.374121093750034 36.86875
53.767675781250034 36.930322265624966
53.91542968750002 36.930322265624966
53.827441406250045 36.881201171875006
53.67949218749999 36.853125
53.76875000000018 36.818457031250006
53.906250000000114 36.81269531249998
53.970117187500136 36.81831054687498
54.016210937500034 36.84965820312496
54.023828124999966 36.90131835937501
54.017187500000034 36.952490234375034
53.95195312499999 37.181738281250034
53.914160156250034 37.34355468749996
54.19160156250007 37.33247070312501
54.2998046875 37.353613281250034
54.45869140625001 37.407568359375034
54.57890624999999 37.44023437500002
54.639648437500114 37.444726562499966
54.69941406250007 37.47016601562498
54.745214843750034 37.50190429687498
54.8486328125 37.72265625
54.90009765625018 37.77792968749998
55.075585937500136 37.902490234374966
55.224707031250034 37.98134765625002
55.38085937499994 38.051123046875034
55.57841796875016 38.099755859374994
55.84130859375 38.09462890625002
56.050292968750114 38.077539062499994
56.171191406250045 38.078369140625
56.22880859375016 38.073388671874966
56.27207031250009 38.08041992187498
56.29697265625009 38.09482421874998
56.32412109375002 38.191113281249955
56.36689453125001 38.22250976562506
56.440625 38.24941406250002
56.544042968750034 38.24960937499998
56.669921875000114 38.25664062499999
56.77460937500007 38.25004882812499
56.906640625000136 38.213037109374994
57.079003906249966 38.20996093749997
57.19355468750001 38.21640625000006
57.26015625000002 38.17958984375002
57.308105468750114 38.13037109375003
57.331445312499966 38.08930664062501
57.33671875000016 38.03291015624998
57.33574218750016 37.98994140625001
57.35371093750018 37.97333984375001
57.42382812499994 37.94770507812501
57.52099609374994 37.928466796875
57.710546875000034 37.9052734375
57.88818359375 37.86083984375
57.980566406250034 37.83046875000002
58.108789062499966 37.78305664062506
58.261621093750136 37.66582031249996
58.31816406249999 37.647216796875
58.386718750000114 37.63535156249998
58.43574218750007 37.638525390625006
58.55048828125018 37.68818359374998
58.65019531250016 37.65156249999998
58.700781250000034 37.65625
58.81542968749994 37.68349609375002
58.93720703125018 37.64965820312497
59.240820312500034 37.520751953125
59.27412109375018 37.52373046874999
59.301757812500114 37.510644531249966
59.32695312499999 37.48115234375001
59.3447265625 37.444726562499966
59.36738281250007 37.333740234375
59.454980468750136 37.25283203125002
59.56220703125007 37.17890624999998
59.68720703125001 37.13847656250002
59.948632812499966 37.04160156249998
60.06279296875016 36.96289062500003
60.17832031250009 36.829443359375006
60.320703125000136 36.65356445312497
60.34130859374994 36.63764648437501
60.707910156250136 36.64296875000005
61.11962890625 36.64257812499997
61.169921875000114 36.57226562500003
61.16035156250001 36.432714843750006
61.17509765624999 36.28969726562502
61.21201171875009 36.19052734374998
61.21240234375 36.09912109375
61.182617187500114 36.05283203124998
61.159472656250045 35.99990234375005
61.152929687500034 35.97675781250004
61.20585937500016 35.943701171875034
61.25214843750018 35.86762695312501
61.258691406249966 35.761816406250034
61.23554687500018 35.70556640625003
61.238867187500034 35.659277343750006
61.26201171875016 35.61958007812501
61.28183593750009 35.55341796875004
61.27851562500001 35.513769531250034
61.245507812500136 35.47407226562504
61.225683593750034 35.42446289062505
61.19921875000006 35.361621093750045
61.18925781250016 35.31201171875006
61.1396484375 35.288867187500045
61.1 35.272314453125034
61.106640625000125 35.20947265625003
61.12646484375006 35.15654296874999
61.14960937500007 35.09375
61.12314453125009 35.05073242187501
61.106640625000125 35.00112304687505
61.070214843750136 34.921728515625034
61.080078125000114 34.855615234374966
61.040429687500136 34.79936523437496
60.990820312500034 34.749755859375
60.957812500000045 34.71005859374998
60.95117187500006 34.65385742187499
60.91474609375007 34.63398437500004
60.845312500000034 34.58769531250002
60.80234375000009 34.55463867187504
60.73945312500018 34.54472656249996
60.72626953125007 34.51826171874998
60.736132812500045 34.491796875
60.76259765625008 34.47524414062502
60.80390625000007 34.41801757812499
60.88945312499999 34.31943359374998
60.64267578125009 34.30717773437499
60.57021484375008 34.219628906249994
60.48574218750008 34.09477539062496
60.52705078125007 33.84199218749998
60.485937500000034 33.71191406250003
60.510839843750034 33.638916015625
60.57382812500009 33.58833007812498
60.654589843750045 33.56040039062498
60.80644531250016 33.55869140624998
60.90693359375007 33.538964843749966
60.916992187500114 33.505224609375034
60.85927734375008 33.45625
60.766894531250045 33.36381835937499
60.718066406250045 33.323535156250045
60.56054687500006 33.13784179687505
60.561914062500136 33.05878906250001
60.576562500000136 32.99487304687506
60.644531250000114 32.79438476562498
60.710449218750114 32.6
60.82929687500007 32.249414062499966
60.827246093750034 32.16796875
60.78994140625008 31.987109375000017
60.7875 31.877197265625
60.804296875000034 31.734472656250063
60.791601562500034 31.66059570312501
60.820703125000136 31.49516601562496
60.85410156250009 31.483251953125034
61.110742187500136 31.451123046874955
61.346484375000045 31.421630859375
61.66015625000006 31.382421875
61.75507812500007 31.285302734375023
61.814257812500045 31.072558593750017
61.810839843750045 30.913281249999983
61.784179687500114 30.831933593750023
61.55947265625008 30.599365234375
61.331640625000034 30.36372070312504
61.104101562500034 30.12841796874997
60.868164062500114 29.884375
60.843359375000034 29.85869140624999
61.0341796875 29.663427734375006
61.15214843750016 29.54272460937503
61.31835937500006 29.37260742187499
61.33945312500009 29.33178710937503
61.33789062500006 29.264990234375006
61.50859374999999 29.00605468750001
61.56875 28.870898437500017
61.62304687500006 28.791601562500034
61.75800781250001 28.66767578125001
61.88984375000007 28.546533203125023
62.03300781249999 28.49101562499999
62.13056640625018 28.47880859374999
62.353027343750114 28.414746093749983
62.43388671875016 28.363867187500006
62.564550781250034 28.23515624999999
62.717578125000045 28.252783203125034
62.749414062500136 28.252880859374955
62.75800781250007 28.243554687500023
62.7625 28.202050781249994
62.739746093750114 28.002050781250034
62.78232421875009 27.800537109375
62.81201171875 27.497021484374983
62.800878906250034 27.444531249999955
62.764257812500034 27.356738281250017
62.7625 27.300195312500023
62.7527343750001 27.265625
62.762988281250045 27.250195312499983
62.81162109375009 27.22944335937501
62.91542968750002 27.218408203124994
63.16679687500016 27.25249023437499
63.196093750000045 27.243945312500045
63.25625 27.207910156249966
63.301562500000045 27.151464843750034
63.305175781250114 27.12456054687496
63.242089843750136 27.07768554687499
63.2314453125 26.998144531250034
63.250390625000136 26.879248046874977
63.24160156250002 26.864746093750057
63.18613281250009 26.83759765625001
63.168066406250034 26.66557617187496
63.15781250000009 26.649755859375034
63.09296875000001 26.63232421875003
62.78662109375006 26.643896484375006
62.751562500000034 26.63916015625
62.63642578125007 26.593652343749966
62.439257812500045 26.56103515625
62.38505859375016 26.542626953124966
62.31230468750016 26.490869140624994
62.25966796875008 26.427490234375057
62.24960937500009 26.369238281250006
62.239355468750034 26.35703125
62.125976562500114 26.368994140625034
62.08906250000007 26.318261718749994
61.86982421875007 26.242431640625
61.84238281250009 26.225927734375034
61.809960937500136 26.165283203125
61.780761718750114 25.995849609375057
61.75439453125 25.843359374999977
61.737695312500136 25.821093750000045
61.66865234375001 25.76899414062501
61.66181640625007 25.751269531250045
61.67138671875006 25.69238281250003
61.64013671875 25.584619140625023
61.615429687500125 25.286132812500057
61.587890625000114 25.20234375000004
61.533105468750136 25.195507812499983
61.490332031250034 25.153662109374977
61.41220703125009 25.102099609375045
61.24296875000016 25.141992187499994
61.10859375000007 25.183886718750017
60.66386718750016 25.28222656249997
60.615136718749966 25.32983398437497
60.5875 25.413525390624983
60.51054687500016 25.43706054687499
60.40019531250016 25.31157226562499
60.024707031250045 25.384130859375034
59.897070312500034 25.36181640625003
59.818359375000114 25.40087890624997
59.61601562499999 25.40327148437501
59.456054687500114 25.481494140625074
59.22724609375001 25.42773437500003
59.04609375000007 25.417285156250045
58.797851562500114 25.554589843750023
58.53085937500009 25.592431640625023
58.31425781249999 25.580859375000045
58.20292968750016 25.591601562500017
58.022363281250136 25.64082031250001
57.93662109375009 25.69165039062497
57.79609375000007 25.65302734375001
57.732519531250034 25.72490234374999
57.33457031250009 25.79155273437499
57.26093750000018 25.918847656249994
57.205566406250114 26.037207031250034
57.20136718750001 26.158837890625023
57.10429687500016 26.371435546875006
57.07197265625007 26.68007812499999
57.03603515625002 26.800683593749966
56.98222656250016 26.905468749999983
56.91044921874999 26.994580078124955
56.812890625000136 27.089990234375023
56.728125 27.12768554687497
56.35615234375007 27.200244140625017
56.28437500000018 27.190625
56.118066406250136 27.143115234375017
55.94111328125007 27.03759765625
55.650292968750136 26.97753906250003
55.59160156249999 26.93212890625
55.518554687500114 26.829931640624977
55.42402343750007 26.77055664062496
55.29414062500007 26.78593749999999
55.15458984375016 26.72539062499999
54.89580078124999 26.55668945312499
54.75927734375 26.505078124999955
54.644921875000136 26.508935546875023
54.522070312500034 26.58916015624996
54.2470703125 26.696630859375006
54.069335937500114 26.732373046874983
53.82255859374999 26.707714843749955
53.70576171875001 26.72558593750003
53.50712890625016 26.851757812499983
53.45498046875002 26.943261718749966
53.34169921875002 27.004492187500006
52.982519531250034 27.141943359375034
52.69160156250018 27.323388671874966
52.63818359374994 27.391992187499994
52.60263671875009 27.493359374999955
52.475878906250045 27.61650390624999
52.19189453125 27.71728515625
52.030761718750114 27.824414062499983
51.84199218750001 27.848242187500034
51.666308593750045 27.844970703125
51.58906250000018 27.86420898437501
51.518554687500114 27.910009765625006
51.278906250000034 28.13134765625
51.27607421875018 28.218847656250063
51.12841796874994 28.435156249999977
51.093847656250034 28.512109375000023
51.062011718750114 28.726123046875017
51.02119140625007 28.782080078125034
50.86699218750016 28.87016601562496
50.84296875000007 28.927832031249977
50.87578124999999 29.00439453125003
50.87578124999999 29.06269531250001
50.79550781250009 29.11743164062497
50.675195312499966 29.146582031250063
50.64609375000009 29.212207031250017
50.667968750000114 29.33984375
50.64960937500001 29.420068359374994
50.54355468750009 29.547998046875023
50.38691406250007 29.679052734375006
50.23017578125018 29.872900390625063
50.16894531249994 29.921240234375034
50.12890625 30.04809570312503
50.071582031250045 30.19853515624996
49.98310546875001 30.209375
49.55488281250018 30.028955078124966
49.42998046875016 30.130468750000034
49.05429687500009 30.306933593750017
49.02812500000016 30.333447265624983
49.001953125 30.373925781249994
49.04902343750018 30.397265625000017
49.096191406250114 30.406787109375017
49.190332031249966 30.375390625000023
49.24726562500007 30.4125
49.224511718750136 30.47231445312505
49.13037109374994 30.509423828124966
49.001953125 30.50654296875001
49.03710937499994 30.450488281250045
48.91679687500016 30.397265625000017
48.89121093750009 30.32763671874997
48.90869140625 30.241455078125
48.91914062500018 30.120898437500045
48.87011718749994 30.062402343750023
48.83242187500002 30.035498046875034
48.67089843749994 30.0283203125
48.59550781250016 29.975048828124983
48.54648437500009 29.962353515624983
48.478515625000114 30.003808593749994
48.43457031250006 30.03759765625003
48.39863281250007 30.109619140625057
48.38759765625008 30.159863281249983
48.401367187500114 30.188330078125006
48.382617187500045 30.23017578125001
48.3310546875 30.28544921874999
48.278906250000034 30.31582031250005
48.226171875000034 30.321337890625017
48.18242187499999 30.355029296875045
48.14755859375009 30.416845703125034
48.06611328125001 30.457666015624994
48.0149414062501 30.465625
48.01347656250016 30.656445312499983
48.01201171874999 30.823632812500023
48.01064453125002 30.989794921875045
47.83632812500002 30.996435546875063
47.679492187500045 31.00239257812504
47.679492187500045 31.14150390625005
47.679492187500045 31.400585937499983
47.753906250000114 31.601367187500017
47.829980468750136 31.79443359375
47.71455078125018 31.936425781249994
47.59150390625007 32.087988281250034
47.51191406250007 32.150830078124955
47.41816406250007 32.34008789062497
47.37128906250007 32.42373046875005
47.32978515625001 32.455517578124955
47.28515625 32.474023437499994
47.121386718750045 32.46660156249999
46.968554687500045 32.568408203125045
46.789062500000114 32.68798828124997
46.569921875000034 32.833935546874955
46.37705078125009 32.92924804687502
46.29824218750002 32.95024414062502
46.11279296875 32.95766601562502
46.09306640625016 32.97587890625002
46.080468750000136 33.02822265625002
46.08076171875001 33.08652343749998
46.14111328125006 33.174414062500034
46.14589843750008 33.22963867187502
46.01992187500008 33.41572265624998
45.981054687500034 33.470117187499966
45.87324218750001 33.49199218749999
45.89472656250007 33.545654296875
45.89472656250007 33.58154296875003
45.87939453125006 33.60976562499999
45.854492187500114 33.62333984375002
45.82285156250009 33.62480468749996
45.73828125000006 33.60283203125002
45.67373046875008 33.68666992187505
45.47324218750009 33.92548828125001
45.408984375000045 33.954492187499966
45.39707031250009 33.97084960937502
45.44609375000016 34.044042968750006
45.528613281250045 34.15253906250001
45.542773437500045 34.215527343749955
45.52685546875 34.28466796875
45.43759765625009 34.415136718750034
45.459375 34.470361328124994
45.49775390625007 34.53388671874998
45.50078124999999 34.58159179687502
45.560839843750045 34.57451171874999
45.63750000000016 34.573828125000034
45.66152343750008 34.61269531250005
45.660058593750136 34.74877929687497
45.678125 34.79843750000006
45.92089843750006 35.02851562500004
46.04179687499999 35.08017578124998
46.1337890625 35.12763671874998
46.15468750000008 35.19672851562501
46.13574218750006 35.23227539062506
46.117773437500034 35.284277343750006
46.112109375000045 35.321679687499966
46.010644531250136 35.42480468750003
45.97539062500016 35.47680664062506
45.97109375000008 35.52416992187503
45.995019531250136 35.60810546874998
46.0374023437501 35.67314453124999
46.18095703124999 35.711376953124955
46.2625 35.74414062499997
46.273437500000114 35.77324218749996
46.167480468750114 35.820556640625
45.94140625000006 35.83540039062501
45.776367187500114 35.82182617187499
45.723437500000045 35.836669921875
45.64501953125 35.92836914062502
45.561621093750034 35.97719726562502
45.48378906250008 36.00854492187503
45.40771484375006 36.002783203125006
45.361621093750045 36.01533203124998
45.35087890624999 36.05463867187501
45.241113281250136 36.35595703125
45.206542968750114 36.39716796874998
45.15527343750006 36.407373046874994
45.11240234375009 36.409277343750034
45.08378906250016 36.430029296875006
45.053125 36.471630859374955
45.03105468750016 36.52607421875004
45.02939453125009 36.59755859375002
45.033984375000045 36.65888671875001
45.01923828125001 36.698388671874966
44.98144531250006 36.737695312499966
44.92783203125009 36.765917968750045
44.880859375000114 36.79931640625
44.79843750000009 37.063867187499994
44.765429687500045 37.135009765625
44.76513671874994 37.142431640625006
44.766699218750034 37.156347656250006
44.75830078125 37.217089843750045
44.79677734375002 37.26977539062503
44.79414062500018 37.290380859375034
44.71513671875016 37.357128906249955
44.604101562500034 37.42373046875002
44.574023437500045 37.435400390625006
44.57314453125002 37.50639648437499
44.577148437500114 37.56020507812502
44.56718750000016 37.60864257812506
44.54609375000018 37.636328125
44.545312500000136 37.65815429687501
44.58994140625009 37.710351562499994
44.56123046875018 37.74462890625003
44.39775390625016 37.829248046874966
44.33623046875016 37.87177734375001
44.22294921874999 37.88017578125002
44.211328125000136 37.908056640625034
44.228906250000136 37.9671875
44.26796875000002 38.03881835937503
44.32939453124999 38.109277343749994
44.34892578125016 38.14648437500003
44.37275390625007 38.20971679687503
44.380859375000114 38.25458984375001
44.449609374999966 38.317773437499994
44.44990234375007 38.33422851562497
44.43085937500018 38.35678710937506
44.37578125000016 38.36958007812498
44.31962890625016 38.37470703124998
44.29853515625001 38.38627929687502
44.29082031250016 38.42011718749998
44.2978515625 38.55781249999998
44.28017578125002 38.64067382812499
44.25703125000018 38.70063476562501
44.27167968750007 38.83603515624998
44.23242187499994 38.86323242187501
44.170800781250136 38.934375
44.144531250000114 38.994384765625
44.15878906250009 39.01674804687502
44.171875 39.05625
44.180566406249966 39.108056640624994
44.17802734375016 39.14482421875002
44.12128906250018 39.18061523437501
44.079101562500114 39.21831054687496
44.07431640625009 39.25996093750001
44.057519531250136 39.31083984374999
44.03378906250009 39.35102539062501
44.02324218750016 39.37744140624997
44.043945312500114 39.39296875000002
44.124023437500114 39.405224609374955
44.24042968750018 39.39677734375002
44.335449218750114 39.396044921875045
44.38935546875007 39.42211914062503
44.455957031250136 39.66674804687503
44.51669921875009 39.73125
44.58710937500001 39.76855468749997
44.725000000000136 39.68173828124998
44.782128906250136 39.65107421875004
44.81718749999999 39.65043945312499
44.83818359374999 39.62910156249998
45.00019531250018 39.423535156249955

