44.765429687500045 37.135009765625
44.79843750000009 37.063867187499994
44.880859375000114 36.79931640625
44.92783203125009 36.765917968750045
44.98144531250006 36.737695312499966
45.01923828125001 36.698388671874966
45.033984375000045 36.65888671875001
45.02939453125009 36.59755859375002
45.03105468750016 36.52607421875004
45.053125 36.471630859374955
45.08378906250016 36.430029296875006
45.11240234375009 36.409277343750034
45.15527343750006 36.407373046874994
45.206542968750114 36.39716796874998
45.241113281250136 36.35595703125
45.35087890624999 36.05463867187501
45.361621093750045 36.01533203124998
45.40771484375006 36.002783203125006
45.48378906250008 36.00854492187503
45.561621093750034 35.97719726562502
45.64501953125 35.92836914062502
45.723437500000045 35.836669921875
45.776367187500114 35.82182617187499
45.94140625000006 35.83540039062501
46.167480468750114 35.820556640625
46.273437500000114 35.77324218749996
46.2625 35.74414062499997
46.18095703124999 35.711376953124955
46.0374023437501 35.67314453124999
45.995019531250136 35.60810546874998
45.97109375000008 35.52416992187503
45.97539062500016 35.47680664062506
46.010644531250136 35.42480468750003
46.112109375000045 35.321679687499966
46.117773437500034 35.284277343750006
46.13574218750006 35.23227539062506
46.15468750000008 35.19672851562501
46.1337890625 35.12763671874998
46.04179687499999 35.08017578124998
45.92089843750006 35.02851562500004
45.678125 34.79843750000006
45.660058593750136 34.74877929687497
45.66152343750008 34.61269531250005
45.63750000000016 34.573828125000034
45.560839843750045 34.57451171874999
45.50078124999999 34.58159179687502
45.49775390625007 34.53388671874998
45.459375 34.470361328124994
45.43759765625009 34.415136718750034
45.52685546875 34.28466796875
45.542773437500045 34.215527343749955
45.528613281250045 34.15253906250001
45.44609375000016 34.044042968750006
45.39707031250009 33.97084960937502
45.408984375000045 33.954492187499966
45.47324218750009 33.92548828125001
45.67373046875008 33.68666992187505
45.73828125000006 33.60283203125002
45.82285156250009 33.62480468749996
45.854492187500114 33.62333984375002
45.87939453125006 33.60976562499999
45.89472656250007 33.58154296875003
45.89472656250007 33.545654296875
45.87324218750001 33.49199218749999
45.981054687500034 33.470117187499966
46.01992187500008 33.41572265624998
46.14589843750008 33.22963867187502
46.14111328125006 33.174414062500034
46.08076171875001 33.08652343749998
46.080468750000136 33.02822265625002
46.09306640625016 32.97587890625002
46.11279296875 32.95766601562502
46.29824218750002 32.95024414062502
46.37705078125009 32.92924804687502
46.569921875000034 32.833935546874955
46.789062500000114 32.68798828124997
46.968554687500045 32.568408203125045
47.121386718750045 32.46660156249999
47.28515625 32.474023437499994
47.32978515625001 32.455517578124955
47.37128906250007 32.42373046875005
47.41816406250007 32.34008789062497
47.51191406250007 32.150830078124955
47.59150390625007 32.087988281250034
47.71455078125018 31.936425781249994
47.829980468750136 31.79443359375
47.753906250000114 31.601367187500017
47.679492187500045 31.400585937499983
47.679492187500045 31.14150390625005
47.679492187500045 31.00239257812504
47.83632812500002 30.996435546875063
48.01064453125002 30.989794921875045
48.01201171874999 30.823632812500023
48.01347656250016 30.656445312499983
48.0149414062501 30.465625
48.06611328125001 30.457666015624994
48.14755859375009 30.416845703125034
48.18242187499999 30.355029296875045
48.226171875000034 30.321337890625017
48.278906250000034 30.31582031250005
48.3310546875 30.28544921874999
48.382617187500045 30.23017578125001
48.401367187500114 30.188330078125006
48.38759765625008 30.159863281249983
48.39863281250007 30.109619140625057
48.43457031250006 30.03759765625003
48.478515625000114 30.003808593749994
48.54648437500009 29.962353515624983
48.454199218750034 29.9384765625
48.35458984375009 29.956738281249983
48.141699218750034 30.040917968749994
48.07275390625006 30.04321289062503
47.982519531250034 30.011328125
47.97871093750018 29.982812499999966
47.753906250000114 30.076611328124983
47.67275390625008 30.095605468750023
47.64375 30.097314453125023
47.51484375000018 30.096484375000045
47.3313476562501 30.079687499999977
47.22324218750009 30.04150390625003
47.1482421875001 30.00097656250003
47.114355468750034 29.961328125000023
47.10205078125 29.939990234375045
47.04365234375007 29.822998046875
46.97597656250008 29.67285156249997
46.90585937500009 29.5375
46.769335937500045 29.347460937500017
46.693750000000136 29.259667968749994
46.53144531250007 29.096240234375017
46.35644531250006 29.06367187500004
45.94970703125006 29.095849609375023
45.49892578125008 29.13154296875001
45.05029296875006 29.167089843750063
44.71650390625007 29.19360351562503
44.69082031250002 29.202343749999955
44.36074218750008 29.435253906249983
44.099609375000114 29.619335937499983
43.77373046875016 29.849218750000034
43.44082031250008 30.08398437499997
43.103125 30.32221679687501
42.857714843750045 30.495214843750006
42.55976562500007 30.717773437500057
42.28857421875 30.92041015625003
42.07441406250007 31.080371093750017
41.799707031250136 31.220361328125023
41.585058593750034 31.329736328125023
41.272460937500114 31.489013671875057
41.0224609375 31.616357421874966
40.808398437500045 31.725439453124977
40.47890625000008 31.89335937499999
40.36933593750007 31.938964843750057
40.027832031250114 31.995019531250023
39.7041015625 32.04252929687502
39.368652343750114 32.09174804687501
39.14541015625002 32.12451171875003
39.292773437500045 32.24384765624998
39.24746093750002 32.350976562499966
39.14003906250008 32.33120117187502
39.04140625000008 32.30566406249997
38.98164062500007 32.47255859375005
39.05781250000001 32.49316406249997
38.98740234375009 32.71069335937497
38.914843750000045 32.934667968750034
38.845019531250045 33.15087890625003
38.773535156250034 33.37221679687502
39.05673828125009 33.514013671875034
39.268359375000045 33.62001953125005
39.56445312500006 33.76835937499999
39.85 33.911376953125
40.12197265625002 34.047656250000045
40.421484375000034 34.19775390624997
40.689453125 34.33203124999997
40.93505859375 34.38657226562498
40.98701171875007 34.429052734375034
41.09902343750002 34.61230468750006
41.19472656250008 34.76899414062501
41.19921875 34.80532226562502
41.19960937500002 35.02739257812499
41.216406250000034 35.288183593750006
41.24833984374999 35.42749023437503
41.30332031250009 35.550634765625006
41.354101562500034 35.64042968749999
41.359375 35.724609375
41.35263671875009 35.809960937499966
41.30019531250008 35.93896484374997
41.24560546875006 36.073388671874994
41.25175781249999 36.20302734375002
41.26181640625009 36.27246093750006
41.295996093750034 36.38334960937499
41.35419921875007 36.46440429687499
41.416796875000045 36.5146484375
41.65019531249999 36.56640625
41.78857421875 36.59716796875003
41.97402343750002 36.740820312500006
42.08398437500006 36.826025390625034
42.23730468750006 36.96113281250001
42.35009765625 37.060595703125045
42.35908203125007 37.095019531250045
42.358984375000034 37.108593749999955
42.455859375000045 37.12871093749996
42.63544921875007 37.24926757812503
42.74111328125008 37.36191406250006
42.77460937500018 37.371875
42.86914062500006 37.334912109374955
42.936621093750034 37.32475585937502
43.09248046875007 37.36738281250001
43.185156250000034 37.34487304687505
43.263085937500136 37.316503906250034
43.306738281250034 37.31464843750001
43.51582031250007 37.24453125000002
43.567968750000034 37.23583984375003
43.67578125 37.22724609374998
43.836425781250114 37.22353515625002
43.94003906250009 37.269287109375
44.01318359375 37.31352539062496
44.06464843750018 37.31245117187501
44.11445312500007 37.30185546874998
44.15625 37.28295898437503
44.191796875000136 37.249853515625034
44.208398437500136 37.20263671875003
44.201660156250114 37.05180664062502
44.21748046875001 37.011865234374966
44.24570312500009 36.98330078125002
44.28183593750009 36.97802734375
44.325585937500136 37.0107421875
44.401953125000034 37.058496093749966
44.495996093750136 37.11054687500001
44.56601562500009 37.158251953125045
44.60595703125006 37.17602539062503
44.66933593750008 37.17358398437506
44.730957031250114 37.16528320312506
44.76513671874994 37.142431640625006

