-9.95244140624996 53.88457031249996
-10.026513671874937 53.92055664062502
-10.0625 53.959716796875
-10.26572265624992 53.97768554687502
-10.181054687499994 54.016845703125
-10.13974609374992 54.005224609375034
-9.996386718749932 54.00361328124998
-9.956152343750006 53.987207031249994
-9.948193359374983 53.91313476562502

-7.445996093749926 54.905126953125034
-7.451269531249949 54.87709960937502
-7.502197265625028 54.82543945312497
-7.550390624999977 54.76796875
-7.606445312499943 54.74570312499998
-7.689990234374989 54.72802734375003
-7.7375 54.71044921875
-7.79726562499999 54.71928710937502
-7.872949218749966 54.717871093750006
-7.910595703125011 54.698339843750006
-7.908740234374989 54.68334960937497
-7.886132812499994 54.66606445312502
-7.819824218749972 54.63969726562496
-7.746289062499926 54.615820312500006
-7.754394531249972 54.59492187500001
-7.79379882812492 54.57124023437498
-8.044335937499966 54.51245117187497
-8.118945312499989 54.47695312500002
-8.144824218749932 54.453515624999966
-8.118261718749949 54.414257812499955
-7.91845703125 54.29658203124998
-7.884472656250011 54.283789062500034
-7.854931640624926 54.21528320312501
-7.678759765624932 54.186669921874966
-7.606542968749949 54.14384765625002
-7.54443359375 54.13359374999999
-7.409423828124943 54.137304687500034
-7.355175781250011 54.12124023437505
-7.32451171874996 54.13344726562505
-7.306738281249977 54.15600585937503
-7.193066406249926 54.21411132812506
-7.155468749999983 54.23950195312497
-7.178076171874977 54.27490234375
-7.202587890625011 54.30180664062496
-7.133496093749955 54.355371093749966
-7.049707031249937 54.40825195312499
-7.007714843749994 54.40668945312501
-6.936132812499977 54.37431640624999
-6.877246093749989 54.32910156250003
-6.869238281249949 54.29404296874998
-6.858349609374955 54.26865234375006
-6.802587890624949 54.21435546875
-6.7666015625 54.19560546875002
-6.669531249999949 54.184716796874994
-6.646875 54.163427734375034
-6.664208984374994 54.08476562499999
-6.649804687499994 54.05864257812499
-6.548144531249989 54.057275390624966
-6.440283203124949 54.06362304687502
-6.402587890625 54.060644531250034
-6.363671874999966 54.07709960937501
-6.303662109375011 54.094873046874994
-6.218017578124972 54.08872070312498
-6.175732421874955 54.05351562500002
-6.156933593749955 54.017236328124994
-6.230664062499955 54.00361328124998
-6.3076171875 54.01103515624996
-6.345166015624926 53.987207031249994
-6.347607421874983 53.941308593749966
-6.321582031249932 53.882177734375006
-6.27011718749992 53.84023437499999
-6.229003906249972 53.745703125
-6.19487304687496 53.64086914062497
-6.141845703125 53.57753906250002
-6.130957031250006 53.498925781249994
-6.138769531249977 53.460302734375034
-6.129101562499983 53.39086914062503
-6.15166015624996 53.36640625000001
-6.134716796874955 53.301220703124955
-6.072265624999943 53.16630859375002
-6.045019531249977 53.09116210937498
-6.027392578124932 52.927099609375034
-6.071484374999955 52.865625
-6.130664062499932 52.807275390624966
-6.169335937499994 52.738134765625006
-6.199218749999943 52.663476562499966
-6.217236328124983 52.543115234374966
-6.345410156249983 52.402001953124994
-6.399951171874989 52.36694335937506
-6.463183593749989 52.345361328124994
-6.325 52.24667968749998
-6.437939453125011 52.20268554687499
-6.56108398437496 52.188818359375006
-6.697314453124989 52.213525390624966
-6.782226562499972 52.21049804687496
-6.859716796874949 52.178564453125034
-6.890234374999949 52.15922851562502
-6.914648437499949 52.168554687500034
-6.965771484374983 52.24951171875003
-7.003271484374977 52.16591796875005
-7.081787109375 52.13930664062502
-7.216210937499937 52.144970703124955
-7.440869140624955 52.12270507812502
-7.527294921874983 52.09887695312497
-7.563183593749926 52.061621093750006
-7.589843750000028 52.01855468750003
-7.624902343749966 51.99311523437501
-7.664550781249972 51.97973632812503
-7.837988281249949 51.94799804687497
-7.872167968749977 51.93530273437503
-7.95249023437492 51.86577148437499
-8.057812499999983 51.825585937499994
-8.145019531249972 51.81352539062502
-8.222460937499932 51.85400390625
-8.254296874999937 51.878320312499966
-8.290234374999983 51.89067382812502
-8.409179687499972 51.88876953124998
-8.37163085937496 51.87626953125002
-8.347363281249983 51.84770507812496
-8.335595703124994 51.79296875
-8.34912109375 51.73930664062499
-8.407812499999949 51.71206054687502
-8.477832031250017 51.70703125
-8.588281249999937 51.65136718750003
-8.734472656249977 51.63618164062504
-8.813427734374983 51.58491210937498
-9.296484374999977 51.49824218749998
-9.323876953124966 51.497216796874966
-9.390576171874983 51.51928710937503
-9.462890624999972 51.52905273437497
-9.534863281249983 51.52216796874998
-9.7373046875 51.47373046874998
-9.835351562499994 51.48334960937498
-9.710351562500023 51.60371093749998
-9.542382812499994 51.66445312500002
-9.524902343749972 51.681103515624955
-9.579833984374972 51.68925781250002
-9.899023437500006 51.647070312500034
-10.009912109374937 51.61113281249999
-10.120751953124966 51.600683593750006
-10.069433593749977 51.65556640624999
-9.926416015624994 51.73071289062503
-9.849707031249977 51.76611328125003
-9.802880859374937 51.780126953125034
-9.74951171875 51.82426757812499
-9.598828124999955 51.874414062499994
-10.084228515624972 51.77099609374997
-10.211718749999932 51.78359375000005
-10.241748046875017 51.81245117187498
-10.341064453125 51.79892578124998
-10.378710937499932 51.86875
-10.231591796874994 51.97451171875002
-10.14584960937492 52.02001953124997
-10.044042968749977 52.04458007812502
-9.946044921874972 52.079833984375
-9.909667968749943 52.122949218749994
-9.955810546875028 52.13666992187504
-10.24951171875 52.12573242187503
-10.390234374999977 52.13491210937502
-10.382617187499932 52.169091796874966
-10.356689453124972 52.206933593749966
-10.210937499999943 52.27167968750001
-10.132080078124972 52.28208007812498
-10.061767578125028 52.27592773437499
-9.993115234374983 52.25932617187496
-9.937304687499989 52.237646484375006
-9.772119140624994 52.250097656250034
-9.841064453125 52.291455078124955
-9.853222656249983 52.37548828125
-9.906054687500017 52.403710937499994
-9.83847656249992 52.44267578125002
-9.761132812499966 52.46635742187496
-9.632226562499994 52.546923828125045
-9.586328124999966 52.559179687500034
-9.33125 52.57875976562502
-9.056152343749972 52.62114257812496
-8.783447265625 52.67963867187498
-8.923291015624983 52.712304687499966
-8.99028320312496 52.75541992187496
-9.097900390624943 52.66826171874996
-9.17539062499992 52.63491210937502
-9.394238281249926 52.61708984375002
-9.463476562500006 52.62690429687498
-9.561035156249972 52.653955078124994
-9.591357421874932 52.643652343750034
-9.61953125 52.62275390625004
-9.764355468750011 52.57998046875002
-9.916601562499949 52.569726562499966
-9.739599609374949 52.64819335937497
-9.51499023437492 52.781152343749966
-9.464892578124932 52.82319335937501
-9.393652343749977 52.89624023437497
-9.415722656249955 52.92875976562502
-9.46196289062496 52.94726562499997
-9.299218750000023 53.09755859375002
-9.241894531249983 53.124853515625006
-9.137597656249937 53.129248046875006
-9.06113281249992 53.15307617187497
-9.027441406249977 53.153173828125006
-8.997167968749949 53.16206054687504
-8.930126953124955 53.20708007812496
-9.033544921874977 53.23574218750002
-9.140332031249983 53.25048828125003
-9.47075195312496 53.23486328125003
-9.514208984374932 53.23823242187501
-9.555175781250028 53.25205078124998
-9.581738281249926 53.27197265625003
-9.601757812499926 53.32304687499996
-9.625976562499972 53.33447265624997
-9.700585937499994 53.33447265624997
-9.774072265624937 53.31884765625
-9.825390625000011 53.32036132812496
-9.87578125 53.34272460937498
-9.795410156249943 53.394970703124955
-9.899023437500006 53.40727539062499
-10.003906249999972 53.39702148437502
-10.091259765624983 53.41284179687497
-10.093994140625028 53.44560546874999
-10.054394531249955 53.47832031249999
-10.10625 53.50932617187499
-10.116992187499989 53.54853515624998
-10.061718749999926 53.56782226562501
-10.001367187499966 53.56142578125002
-9.878271484374949 53.590429687500006
-9.720654296874983 53.60449218750003
-9.85585937499999 53.63310546874999
-9.90971679687496 53.657617187499994
-9.912304687499955 53.69511718750002
-9.901611328125 53.727197265624966
-9.745068359374983 53.78149414062503
-9.57822265624992 53.805419921875
-9.590527343749955 53.841162109375006
-9.578857421874972 53.87983398437498
-9.747509765624955 53.89101562500002
-9.914062499999943 53.86372070312498
-9.896240234374972 53.937597656250034
-9.856347656249994 54.00429687500002
-9.84848632812492 54.04829101562501
-9.856445312499943 54.09536132812502
-9.934472656249937 54.07524414062499
-9.943603515625028 54.14160156250003
-9.977099609375017 54.18710937500006
-10.092675781250023 54.15576171874997
-10.089697265624949 54.21582031250003
-10.056396484375 54.25781249999997
-9.995947265624949 54.276025390624966
-9.935937499999966 54.268115234375045
-9.82456054687492 54.268896484375006
-9.717138671874977 54.300439453124966
-9.56230468749996 54.30854492187501
-9.315527343749949 54.298632812500045
-9.145898437499966 54.20961914062502
-9.102099609374989 54.22553710937498
-9.034277343749949 54.28178710937499
-9.002441406249943 54.287988281249994
-8.746777343750011 54.26347656249999
-8.588037109374994 54.23110351562505
-8.545556640624937 54.24121093749997
-8.568457031250006 54.303613281249994
-8.623144531249949 54.346875
-8.554443359374972 54.403564453125
-8.47099609374996 54.44194335937502
-8.415234374999955 54.461083984374994
-8.286523437499937 54.48486328125006
-8.230371093749966 54.50727539062498
-8.192968749999977 54.58012695312502
-8.133447265625023 54.64082031250001
-8.456542968750028 54.609277343749994
-8.763916015624943 54.68120117187499
-8.715185546874949 54.732031250000034
-8.650292968749966 54.760888671874966
-8.538281249999983 54.78295898437503
-8.527685546874949 54.80947265625002
-8.47099609374996 54.83154296874997
-8.377294921874949 54.88945312499996
-8.411718749999949 54.965087890625
-8.393261718749926 55.020410156249994
-8.325781249999949 55.05644531249996
-8.3046875 55.10820312500002
-8.274609374999983 55.14628906249996
-8.1376953125 55.159912109375
-8.006103515625 55.1953125
-7.9585937499999 55.19189453125003
-7.803173828124955 55.200048828125006
-7.750537109374989 55.18579101562503
-7.762548828124949 55.24833984374999
-7.667089843749949 55.25649414062505
-7.629785156249994 55.24399414062498
-7.61337890624992 55.19965820312501
-7.570019531249983 55.17138671875003
-7.556640625 55.12221679687505
-7.585693359374972 55.08422851562503
-7.634277343750028 55.05498046875002
-7.589843750000028 55.025048828124966
-7.658740234374932 54.97094726562506
-7.584375 54.993994140625034
-7.478417968749966 55.04697265624998
-7.483935546874932 55.09028320312501
-7.501953124999972 55.14472656250001
-7.531445312499926 55.19384765624997
-7.517871093749932 55.247949218749994
-7.45830078124996 55.28178710937496
-7.301757812499943 55.298779296874955
-7.365966796874972 55.360205078125034
-7.308789062499955 55.365820312500034
-7.24667968749992 55.35302734375
-7.15532226562496 55.30517578125
-7.060253906249955 55.26762695312499
-6.961669921874943 55.23789062499998
-7.056396484374972 55.178320312500006
-7.172851562499972 55.137011718750045
-7.218652343749994 55.09199218750001
-7.376904296874983 55.02768554687498
-7.401416015625017 55.003320312499966

