-4.6142578125 54.058691406250006
-4.69609375 54.08144531250002
-4.765771484374966 54.06943359375006
-4.785351562499955 54.07304687499999
-4.745556640624926 54.118798828124994
-4.698730468749972 54.22490234375002
-4.614843749999949 54.26694335937506
-4.508642578124977 54.37670898437503
-4.424707031249937 54.40717773437504
-4.395556640624932 54.40292968750006
-4.377197265625028 54.392578125
-4.337988281249949 54.26909179687496
-4.392285156249983 54.225390625000045
-4.412060546874926 54.18535156249996

