35.734472656250034 32.72890625000005
35.61123046875008 32.68208007812501
35.594531250000045 32.66801757812499
35.572851562500034 32.64086914062506
35.56904296875001 32.61987304687503
35.55146484375007 32.39550781249997
35.484375 32.40166015624999
35.402636718750045 32.45063476562501
35.38671875000006 32.493017578125034
35.362109375000045 32.507470703124966
35.303808593750034 32.51293945312503
35.19326171875008 32.53442382812503
35.06503906250009 32.46044921874997
35.0105468750001 32.33818359375002
34.99951171875006 32.28105468750002
34.95595703125008 32.16093749999999
34.97138671875007 32.08710937500004
34.97880859374999 31.991601562500023
34.989746093750114 31.913281249999983
34.97832031249999 31.86640625000001
34.95380859375018 31.841259765624955
34.96113281250007 31.823339843750034
34.98300781250009 31.816796875000023
35.05322265625 31.83793945312499
35.12714843750001 31.816748046875034
35.19804687499999 31.776318359374955
35.20371093750009 31.75
35.153417968750034 31.734472656250063
35.034667968750114 31.673242187500023
34.950976562500045 31.60229492187503
34.929199218750114 31.536572265624955
34.87275390625018 31.396875
34.880468750000034 31.36816406250003
34.907812500000034 31.35131835937497
35.10117187500009 31.3662109375
35.276660156250045 31.422802734374983
35.408691406250114 31.482910156250057
35.45058593750002 31.479296875000017
35.42285156250006 31.32539062500001
35.42353515625001 31.324853515624994
35.40068359374999 31.23051757812496
35.40966796875006 31.214453124999977
35.439257812500045 31.132421875000063
35.38300781250001 30.982275390625006
35.32011718749999 30.860205078125006
35.2978515625 30.80224609375003
35.236621093750045 30.673486328124994
35.17402343750007 30.52392578125
35.140625 30.420898437500057
35.14814453125007 30.38432617187496
35.13261718749999 30.1953125
35.14160156250006 30.141699218750006
35.06816406249999 29.977880859375034
35.05341796875001 29.896923828124983
35.02392578125006 29.787060546874983
34.97343749999999 29.555029296875034
34.904296875 29.477343750000017
34.86982421875001 29.563916015624983
34.791113281250034 29.812109375
34.73505859375001 29.982031249999977
34.65859375000008 30.191455078125017
34.52968750000008 30.44604492187503
34.51777343750007 30.50737304687499
34.48994140625007 30.596289062499977
34.400976562500034 30.827832031249983
34.32851562500002 30.99501953125005
34.24531250000007 31.20830078124996
34.34833984375007 31.292919921874983
34.350195312500034 31.362744140624983
34.52558593750007 31.525634765625057
34.524121093750125 31.541650390625023
34.4773437500001 31.584863281250023
34.48398437500009 31.59228515625003
34.67841796875001 31.89570312500004
34.803808593750034 32.19633789062499
34.921875 32.61406250000002
35.005859375 32.82661132812498
35.07705078125002 32.96718750000002
35.10859375000007 33.08369140625004
35.22333984375001 33.09199218750004
35.308886718750045 33.07954101562498
35.41123046875009 33.07568359375
35.4931640625 33.119482421875034
35.53251953124999 33.25048828125
35.57929687500007 33.271484375
35.60292968750008 33.240625
35.627246093750045 33.27504882812502
35.734472656250034 33.332617187500034
35.7875 33.36977539062505
35.84072265625002 33.415673828124994
35.869140625 33.43173828125006
35.8515625 33.370458984375006
35.83710937500007 33.330517578124955
35.837011718750034 33.27822265625005
35.85878906250002 33.24956054687499
35.88847656249999 33.19248046874998
35.90664062500002 33.135693359374955
35.86806640625008 33.088574218749955
35.87177734375001 33.03935546874996
35.88203125000007 32.99809570312499
35.91347656250008 32.94960937499999
35.85683593750002 32.86235351562496
35.80146484375001 32.782324218750006
35.78730468750007 32.73491210937502

