12.00332031250008 36.745996093749994
11.940625 36.78037109374998
11.936425781250023 36.82861328125003
11.948046874999989 36.84306640624996
12.024218750000074 36.820947265624966
12.04804687500004 36.77636718750003
12.051269531249972 36.75703125000001

15.508886718750063 38.10664062499998
15.475683593750063 38.062939453124955
15.234472656250034 37.784814453124966
15.206835937500074 37.720556640625006
15.18984375000008 37.650732421875006
15.164843750000045 37.58955078124998
15.131054687500011 37.53188476562505
15.099511718750051 37.458593750000034
15.105664062500068 37.37548828124997
15.116992187500074 37.33471679687503
15.145996093750028 37.308007812499994
15.193652343750045 37.28286132812502
15.230273437500045 37.24433593749998
15.174121093750074 37.20917968750001
15.236035156249983 37.13872070312496
15.288671875000063 37.09692382812497
15.295703125000074 37.05517578125
15.29453125 37.01328124999998
15.18515625 36.934814453125
15.142382812500017 36.89160156249997
15.115820312500006 36.839257812499966
15.104296875000074 36.78525390624998
15.116308593750034 36.736474609374994
15.112597656250074 36.687841796875034
15.00244140625 36.69389648437502
14.889648437500028 36.72353515625002
14.775976562500063 36.71040039062501
14.614355468749977 36.7666015625
14.555468750000074 36.77675781250002
14.50185546875008 36.79868164062498
14.367285156250006 36.97285156250001
14.259082031249989 37.04643554687499
14.142968750000051 37.10366210937502
14.024316406250051 37.10712890625001
13.905468749999983 37.10063476562502
13.800585937500017 37.13588867187502
13.587109375000068 37.25415039062503
13.360937499999977 37.348730468750034
13.264941406250045 37.41035156249998
13.22109375 37.451806640624966
13.169921875000057 37.47929687499999
13.040332031250045 37.50654296875004
12.924121093750074 37.57050781250001
12.871191406250034 37.57519531249997
12.757324218750028 37.5673828125
12.699023437500045 37.57182617187502
12.640234375000063 37.59433593749998
12.526757812500051 37.66953125
12.454394531250045 37.773779296875034
12.435546875000028 37.81977539062498
12.486816406249972 37.93872070312497
12.547656250000045 38.052929687499955
12.601660156250034 38.0849609375
12.664355468750017 38.10791015624997
12.702343750000011 38.141699218750006
12.734375 38.18305664062501
12.850683593750034 38.06372070312503
12.90273437500008 38.03486328125001
12.95546875000008 38.04130859374999
13.04902343750004 38.084082031250006
13.05683593750004 38.13090820312496
13.159960937500074 38.190332031249966
13.291113281250063 38.19145507812502
13.351660156250063 38.180517578125034
13.38349609375004 38.126806640625006
13.433496093750023 38.110253906249994
13.491308593749977 38.103125
13.681542968750023 38.000732421875
13.734863281250057 37.984033203124966
13.788867187500045 37.981201171875
13.936621093750034 38.02416992187497
14.05 38.04052734375
14.287695312500063 38.01684570312497
14.41621093750004 38.04257812499998
14.505957031250034 38.04550781250006
14.636718750000028 38.085058593750034
14.737207031250051 38.15078125
14.789648437500006 38.16699218750003
14.845898437500011 38.17167968749999
14.98193359375 38.16757812500006
15.11875 38.152734374999966
15.176074218750017 38.16806640624998
15.224023437500023 38.211035156250034
15.279589843750074 38.230371093749966
15.340722656249994 38.21733398437496
15.49873046875004 38.290869140625034
15.568359375 38.2958984375
15.634667968750023 38.267578125
15.57656250000008 38.220312500000034

8.421484375 38.968652343749994
8.3609375 39.03867187499998
8.358593750000068 39.098779296874966
8.366796875000034 39.11591796874998
8.440625 39.090625
8.478906250000051 39.067529296874994

13.893652343750063 40.696972656249955
13.867675781250028 40.70874023437503
13.853515625000057 40.724072265624955
13.871191406250034 40.761816406250006
13.962109375000068 40.739404296874966
13.96083984375008 40.718164062499994
13.938281250000017 40.70561523437502

8.252734375000074 40.994140625
8.205664062499977 40.997460937499966
8.224023437499994 41.03129882812502
8.267382812500045 41.09912109374997
8.320214843750051 41.121875
8.34375 41.10161132812496
8.318945312500063 41.06274414062503
8.286035156250023 41.03984374999999

9.682031250000023 40.81811523437503
9.79433593750008 40.55620117187496
9.805273437500006 40.49956054687496
9.782812500000034 40.441503906250034
9.754199218750074 40.400292968749994
9.642968750000051 40.268408203125034
9.659472656250045 40.15922851562499
9.700781250000034 40.09179687500003
9.706738281250011 40.01704101562498
9.686035156250057 39.92436523437502
9.616992187500017 39.354394531249994
9.583593750000034 39.253564453124966
9.5625 39.16601562499997
9.486328125000028 39.139550781249994
9.388085937499994 39.16752929687502
9.264160156249972 39.21679687500003
9.206933593750051 39.213818359374955
9.149316406250023 39.19697265624998
9.10175781250004 39.21127929687506
9.056347656250011 39.239160156249966
9.022656249999983 39.04326171875002
8.966601562500017 38.96372070312498
8.881347656249972 38.91289062500002
8.80117187500008 38.90966796874997
8.718554687500017 38.92670898437498
8.648535156250063 38.9265625
8.595410156249983 38.96430664062501
8.553320312500034 39.03032226562496
8.486230468750051 39.11049804687502
8.41816406250004 39.205712890624994
8.410742187500034 39.29179687500002
8.399121093750068 39.481591796874966
8.41865234375004 39.52304687499998
8.447070312500045 39.56279296874999
8.461035156250063 39.64770507812497
8.451171875 39.72167968750003
8.471093750000051 39.74809570312499
8.510742187500057 39.72167968750003
8.54052734375 39.731591796874994
8.538671875000063 39.76967773437502
8.547753906250051 39.83920898437498
8.495898437500045 39.89746093750006
8.407812500000063 39.917236328125
8.399316406249994 39.978173828124966
8.408593750000023 40.03764648437502
8.455078125 40.07758789062498
8.470800781250006 40.130712890625034
8.471289062500006 40.29267578125001
8.409179687500057 40.35234374999999
8.385351562500006 40.44267578125002
8.35322265625004 40.50053710937499
8.295507812500006 40.55864257812502
8.230273437500017 40.60595703124997
8.189941406249972 40.65161132812503
8.180859375000011 40.77104492187502
8.203808593750068 40.87070312499998
8.224218750000034 40.91333007812497
8.245214843750063 40.90703125000002
8.310156250000063 40.85751953124998
8.363281250000028 40.846337890624994
8.468457031250068 40.834326171875034
8.571875 40.85019531249998
8.69892578125004 40.89526367187503
8.82119140625008 40.949902343749955
8.998144531250063 41.11035156249997
9.107226562500074 41.142919921875034
9.1630859375 41.18515625
9.182128906250057 41.2421875
9.22841796875008 41.257080078125
9.283007812500017 41.20166015625
9.35078125000004 41.19589843749998
9.455175781250006 41.150146484375
9.500195312500011 41.10634765625002
9.538769531250068 41.053662109374955
9.575683593750028 41.03051757812503
9.615332031250034 41.01728515625001
9.621191406250063 41.00488281249997
9.589746093750051 40.99248046875002
9.5537109375 40.93212890624997
9.574023437500045 40.91474609374998
9.632031250000068 40.88203124999998

10.428320312500006 42.819189453125034
10.432226562500006 42.796582031249955
10.409960937499989 42.77099609374997
10.419335937500051 42.71318359375002
10.33564453125004 42.761132812499994
10.208984375 42.736914062500034
10.13125 42.742041015625034
10.109765625000051 42.785058593749994
10.127539062500006 42.810302734375
10.248242187500011 42.815771484375034
10.285742187500006 42.828076171874955
10.358984375 42.82231445312496
10.395117187500006 42.85815429687497

12.154101562500045 46.935253906249955
12.26796875000008 46.835888671874955
12.330078125000028 46.75981445312502
12.388281250000063 46.70263671875
12.47919921875004 46.672509765624994
12.598632812500028 46.65410156249996
12.699804687500034 46.64746093750003
12.80556640625008 46.625878906249994
13.16875 46.57265625
13.351562500000028 46.55791015624999
13.490039062499989 46.555566406249966
13.7 46.52026367187497
13.6796875 46.462890625
13.637109375000023 46.44853515625002
13.563281249999989 46.415087890625045
13.478515625000057 46.36918945312502
13.399511718750034 46.317529296874966
13.378222656250045 46.26162109375002
13.39960937500004 46.224951171875034
13.420996093750063 46.21230468750002
13.449804687500063 46.223535156249994
13.491796875 46.21660156250002
13.544726562500045 46.19658203125002
13.632519531250068 46.177050781250045
13.63496093750004 46.15776367187502
13.616601562500023 46.13310546874996
13.548046875000011 46.08911132812497
13.486425781250063 46.03955078125
13.480273437500045 46.009228515624955
13.487695312500051 45.98710937499996
13.50917968750008 45.97377929687502
13.600585937500057 45.97978515624999
13.613964843750011 45.96166992187503
13.569628906250045 45.834130859374994
13.583398437500023 45.81235351562498
13.66347656250008 45.7919921875
13.721679687500028 45.76127929687496
13.831152343750034 45.68041992187503
13.87470703125004 45.61484374999998
13.844726562500057 45.592871093750034
13.775976562499977 45.581982421874955
13.719824218750006 45.58759765625004
13.783300781250063 45.62724609375002
13.628320312500023 45.77094726562498
13.558203125000034 45.77070312500004
13.465136718750074 45.7099609375
13.206347656250017 45.771386718749994
13.156738281250028 45.74658203125
13.120117187500028 45.69790039062502
13.030273437500028 45.6375
12.90302734375004 45.610791015624955
12.761230468750028 45.544287109375006
12.611718750000023 45.497216796874994
12.497558593750028 45.46166992187503
12.432128906250028 45.467919921874994
12.5361328125 45.54492187500003
12.491796875000034 45.546289062499966
12.353808593750074 45.49199218749999
12.274316406250023 45.44604492187497
12.248828124999989 45.368847656249955
12.225683593749977 45.24150390624996
12.286328124999983 45.20771484374998
12.392480468750051 45.03979492187497
12.523437499999972 44.96796875000001
12.497949218750023 44.89941406249997
12.46357421875004 44.84521484375003
12.384472656250011 44.79833984375
12.319042968750011 44.83310546874998
12.27890625 44.83222656249998
12.248339843750074 44.722509765625006
12.304980468750074 44.42944335937497
12.396289062500017 44.22387695312503
12.486816406249972 44.134228515624955
12.69111328125004 43.99472656249998
12.907031250000074 43.92119140624999
13.295312500000023 43.68608398437496
13.508203125000051 43.611669921875006
13.564160156250011 43.57128906250003
13.693261718750023 43.38989257812503
13.804687500000057 43.18037109374998
13.924902343750034 42.85156250000006
14.010449218750068 42.68955078124998
14.182714843749977 42.50644531249998
14.540722656250011 42.244287109374966
14.866113281250023 42.05253906249999
15.16875 41.93403320312498
15.40498046875004 41.91323242187502
15.964062500000068 41.93945312500003
16.06152343750003 41.928125
16.164648437499977 41.89619140625001
16.18916015625001 41.81401367187496
16.151269531250023 41.75849609375001
16.033691406250057 41.70078124999998
15.91376953125004 41.62084960937497
15.900488281250006 41.512060546875006
16.012597656250023 41.435400390625006
16.551855468750006 41.23203124999998
17.103417968750023 41.062158203124994
17.275195312500017 40.975439453125006
17.474218750000063 40.84057617187497
17.95498046875005 40.655175781249966
18.036132812500057 40.56494140625006
18.328222656250063 40.37084960937503
18.46064453125004 40.22104492187498
18.48583984375 40.104833984375006
18.42255859375001 39.98686523437496
18.393457031250023 39.90361328124996
18.34375 39.821386718750006
18.219335937499977 39.85253906250003
18.077929687500045 39.93696289062501
17.865039062500017 40.28017578125002
17.476171875 40.31494140625
17.395800781250074 40.34023437500002
17.257714843750023 40.399072265624994
17.249414062499994 40.43789062500002
17.21533203125 40.486425781250034
17.179980468750074 40.502783203125006
17.03125 40.51347656249996
16.92822265625003 40.458056640625045
16.807031250000023 40.32646484374996
16.66962890625001 40.13720703125003
16.529980468749983 39.85966796874999
16.521875 39.74755859374997
16.597753906250034 39.63891601562503
16.824316406250006 39.578320312499955
16.99921875000001 39.481591796874966
17.114550781250074 39.380615234375
17.122949218749994 39.136572265625006
17.174609375000045 38.99809570312496
17.098535156249994 38.919335937499994
16.951464843750045 38.93979492187498
16.75546875 38.88969726562499
16.61669921874997 38.800146484375034
16.558984375000023 38.71479492187498
16.57421875000003 38.49355468750002
16.545605468750068 38.409082031249966
16.28242187500001 38.24956054687496
16.144140624999977 38.08637695312504
16.10976562499999 38.018652343750006
16.05683593750004 37.94184570312498
15.724511718750023 37.939111328124966
15.645800781250074 38.03422851562496
15.643066406250057 38.175390625000034
15.700195312500057 38.26230468749998
15.822363281250063 38.302978515625
15.904785156249972 38.483496093750006
15.878906250000028 38.61391601562502
15.926953125000068 38.671728515625006
15.972363281250068 38.71259765624998
16.065527343750034 38.736425781250034
16.196777343750057 38.75922851562498
16.20996093749997 38.94111328124998
16.107421875000057 39.023828124999966
16.07148437500001 39.13945312499999
16.02363281250004 39.353613281250006
15.854394531250023 39.62651367187499
15.763671875 39.87006835937498
15.692773437500051 39.99018554687501
15.585156250000068 40.05283203124998
15.390917968750017 40.05214843750002
15.29453125 40.07001953125004
14.950878906250068 40.239013671875
14.926953124999983 40.264746093750006
14.92910156250008 40.30957031249997
14.986132812500045 40.37749023437496
14.947656250000023 40.469335937500034
14.906933593750011 40.55605468750002
14.83955078125004 40.62998046874998
14.765722656250006 40.66840820312498
14.611230468750051 40.64477539062497
14.556933593750017 40.626416015624955
14.459375 40.632714843749994
14.382714843750051 40.59985351562497
14.339941406250034 40.59882812500001
14.460546875 40.72871093750001
14.428125 40.759326171875045
14.308886718750017 40.812646484374966
14.147167968750011 40.82070312500002
14.102343750000045 40.8271484375
14.075878906250068 40.79394531249997
14.044335937500023 40.81225585937497
14.047656249999989 40.87031250000001
13.85976562499999 41.12998046875006
13.733398437500028 41.23564453124999
13.669726562500017 41.254492187500006
13.554785156250034 41.232177734375
13.361914062500006 41.27851562500004
13.246875 41.28886718750002
13.183398437500045 41.277685546875034
13.088671875000017 41.24384765624998
13.041015625 41.266210937500006
13.024218750000045 41.300927734374966
12.84921875 41.40874023437499
12.630859375000028 41.46967773437498
12.205664062500006 41.812646484374966
12.075292968749977 41.940869140624955
11.807031250000051 42.08203125000003
11.637304687500034 42.28754882812498
11.498437500000051 42.362939453124966
11.296289062499994 42.42329101562501
11.249707031250011 42.41572265624998
11.188867187500051 42.39311523437499
11.141210937500034 42.38989257812497
11.103222656250011 42.41660156249998
11.141796875000068 42.444091796875
11.184765625000011 42.45659179687496
11.167773437500017 42.53515624999997
10.937792968750074 42.73872070312498
10.803125 42.804296875
10.765136718750057 42.84467773437498
10.737109375000045 42.89995117187496
10.708398437500051 42.93632812499999
10.644628906250034 42.957177734374966
10.590234375000051 42.95361328124997
10.51484375000004 42.96752929687506
10.517285156250011 43.065136718749955
10.532324218750063 43.14013671875003
10.520800781250017 43.203808593749955
10.447558593750017 43.371191406250034
10.320507812500068 43.513085937499994
10.24580078125004 43.85209960937496
10.188085937500006 43.94750976562503
10.047656249999989 44.019970703124955
9.730859375000023 44.10117187499998
9.289355468750045 44.319238281249994
9.19599609375004 44.32299804687497
8.930371093750011 44.40776367187502
8.765820312500068 44.422314453124955
8.551953125000011 44.34614257812498
8.29238281250008 44.13652343749999
8.081640625000034 43.91894531249997
8.004980468750063 43.87675781250002
7.733300781250023 43.802587890625006
7.493164062500057 43.76713867187496
7.490527343750045 43.822949218749955
7.48203125 43.864892578124994
7.522656250000011 43.91108398437498
7.589648437500074 43.965429687500034
7.651464843750063 44.03364257812498
7.677148437500051 44.083154296874966
7.665039062499972 44.11601562499999
7.63720703125 44.16484374999999
7.599414062500017 44.16835937499999
7.370898437500017 44.12739257812498
7.318554687500011 44.13798828125002
7.1494140625 44.20170898437496
6.967285156250028 44.280029296875
6.900195312500045 44.33574218749999
6.874804687500017 44.39204101562501
6.893847656250074 44.42817382812498
6.878613281249983 44.46328125000002
6.842968750000011 44.51069335937501
6.875195312500011 44.56455078124998
6.931933593750017 44.63164062499996
6.960351562500051 44.677148437499994
7.007910156250034 44.68896484375
7.030664062500051 44.716699218749966
6.992675781250057 44.82729492187502
6.972851562500011 44.84501953124999
6.939843750000023 44.858740234375034
6.88935546875004 44.86030273437501
6.801074218750017 44.883154296875034
6.73818359375008 44.92138671875003
6.724707031250006 44.97299804687506
6.691406250000057 45.02260742187502
6.634765625000057 45.06816406249999
6.627734375000045 45.11796875000002
6.692285156250051 45.14428710937503
6.780371093750063 45.14531249999999
6.842285156250057 45.135644531249966
6.98125 45.215576171875
7.032421875000068 45.22260742187501
7.078320312500011 45.23994140624998
7.116796875000034 45.349023437499994
7.146386718750023 45.38173828125002
7.153417968750034 45.40092773437502
7.126074218750063 45.423681640625034
7.013671874999972 45.50048828125006
6.96240234375 45.58056640625003
6.881445312500034 45.67036132812501
6.80625 45.71000976562502
6.79091796875008 45.740869140624994
6.789160156250063 45.78007812499999
6.804492187499989 45.81455078124998
6.940820312500051 45.86835937500004
7.021093750000063 45.92578125
7.055761718750034 45.90380859374997
7.129003906250034 45.88041992187499
7.327929687500045 45.91235351562503
7.451562500000023 45.94443359374998
7.538574218750057 45.97817382812502
7.592578125000045 45.97221679687496
7.787890625000045 45.92182617187498
7.852343750000045 45.94746093749998
7.993164062500028 46.01591796874999
8.014257812499977 46.05190429687502
8.12519531250004 46.160937500000045
8.127246093749989 46.18759765625006
8.081542968750028 46.25600585937505
8.095703125000057 46.27104492187499
8.23193359375 46.341210937499994
8.298535156249983 46.40341796875006
8.370703125000034 46.44511718750002
8.42255859375004 46.44604492187503
8.436816406250017 46.431884765625
8.44296875 46.40278320312501
8.4384765625 46.282861328124994
8.458398437500051 46.24589843750002
8.5654296875 46.159814453124994
8.641699218750006 46.11079101562504
8.818554687500068 46.07714843750003
8.826757812500034 46.06103515625003
8.778027343750068 45.996191406250034
8.885156250000051 45.91870117187497
8.904296875000028 45.861962890624966
8.953710937500063 45.83002929687504
9.023730468750017 45.84570312500003
9.046679687499989 45.87558593749998
9.019140625000063 45.928125
8.998925781250051 45.983105468749955
9.003027343749977 46.01489257812503
9.022363281250023 46.05146484375004
9.070996093750068 46.10244140625002
9.203417968750045 46.21923828125
9.251074218750063 46.286767578124994
9.259765625000057 46.391259765624966
9.260156250000051 46.475195312500034
9.304394531250011 46.49555664062498
9.39931640625008 46.48066406249998
9.42763671875008 46.482324218749966
9.440625 46.43081054687505
9.481054687500034 46.34877929687502
9.528710937500051 46.30620117187496
9.579589843750028 46.296093749999955
9.639453125000045 46.2958984375
9.787792968749983 46.346044921875006
9.884472656250068 46.36777343749998
9.939257812500017 46.36181640625003
9.971679687500057 46.32768554687499
10.041015625000057 46.238085937500045
10.080566406250028 46.22797851562501
10.12832031250008 46.23823242187498
10.145214843750068 46.25351562499998
10.129882812500057 46.287988281249994
10.109667968750017 46.36284179687496
10.081933593750051 46.420751953125034
10.045605468750011 46.447900390624966
10.03828125000004 46.48320312499996
10.061230468750011 46.54677734375005
10.087011718750034 46.59990234375002
10.1375 46.614355468750034
10.195507812500011 46.62109375
10.272265625000017 46.56484375
10.363085937500045 46.54707031250001
10.430664062500057 46.550048828125
10.442480468750063 46.582861328125006
10.438281249999989 46.61884765624998
10.397949218750028 46.66503906249997
10.406054687500017 46.73486328125
10.45283203125004 46.86494140625001
10.479394531250023 46.855126953124966
10.57978515625004 46.853710937499955
10.689257812500045 46.84638671874998
10.759765625000028 46.793310546875006
10.828906249999989 46.775244140625034
10.927343750000063 46.76948242187501
10.993261718750006 46.77700195312505
11.025097656250011 46.796972656250034
11.0634765625 46.859130859375
11.133886718750034 46.936181640624966
11.244433593750017 46.975683593750034
11.433203125 46.98305664062502
11.52753906250004 46.997412109375006
11.62548828125 46.99658203125003
11.699414062500068 46.98466796874999
11.775683593750045 46.986083984375
11.969531250000017 47.039697265624994
12.169433593749972 47.082128906250034
12.197167968750051 47.075
12.201269531249977 47.06088867187498
12.16552734375 47.02817382812506
12.130761718750023 46.98476562499999

12.426367187500006 43.89409179687499
12.485253906250023 43.90141601562496
12.514648437500057 43.95297851562498
12.503710937500045 43.98974609375003
12.441113281250011 43.98242187500003
12.396875 43.93457031249997

