-3.114013671874972 5.088671875000045
-3.24638671874996 5.114062499999974
-3.214892578124932 5.147216796874972
-3.086718749999932 5.128320312500037

-6.239746093749943 10.55810546875
-6.2177734375 10.476269531250026
-6.190673828125 10.400292968750009
-6.192626953124943 10.369433593750017
-6.214990234374966 10.32236328125002
-6.24130859374992 10.279199218750023
-6.238378906249949 10.261621093749994
-6.196875 10.232128906250026
-6.117187499999943 10.201904296875
-6.034570312499994 10.194824218749972
-5.988671874999966 10.239111328125034
-5.940673828124943 10.275097656249983
-5.907568359374949 10.307226562499963
-5.896191406249955 10.354736328125043
-5.843847656249949 10.389550781250037
-5.694287109374926 10.433203125000048
-5.556591796874955 10.43994140625
-5.523535156249977 10.426025390625
-5.461279296874977 10.359570312499969
-5.382275390624955 10.314013671875017
-5.262304687499949 10.319677734375006
-5.17529296875 10.292626953125009
-5.099853515624972 10.241601562500009
-5.04931640625 10.128320312500023
-4.994042968750023 10.046484375000048
-4.969921874999983 9.930078125000037
-4.882714843749966 9.868945312500017
-4.814453125000028 9.841162109375048
-4.721777343749977 9.75654296875004
-4.625830078124949 9.713574218749983
-4.526611328125 9.723486328124963
-4.48027343749996 9.679248046875017
-4.406201171874983 9.647998046875045
-4.332226562499926 9.645703125000011
-4.267187499999977 9.743261718749991
-4.181152343749972 9.781738281250014
-3.96347656249992 9.859619140624986
-3.877636718749955 9.89492187499998
-3.790625 9.9171875
-3.581152343749949 9.924316406250028
-3.386279296874932 9.900292968750009
-3.289697265624966 9.88222656249998
-3.223535156249994 9.895458984375011
-3.160693359374989 9.849169921874989
-3.09580078124992 9.752099609375023
-3.042626953124994 9.720898437499969
-2.988281249999943 9.687353515624977
-2.948144531249937 9.610742187499994
-2.90087890625 9.53461914062504
-2.875146484374994 9.500927734375011
-2.816748046875006 9.425830078124989
-2.7666015625 9.424707031250023
-2.717187499999966 9.457128906249963
-2.69584960937496 9.481347656250023
-2.686132812499949 9.431738281250034
-2.705761718749955 9.351367187500003
-2.701806640624937 9.301660156250009
-2.67421875 9.282617187500037
-2.689208984374943 9.218603515625048
-2.74667968749992 9.109619140625043
-2.746923828124977 9.045117187500054
-2.689892578124983 9.025097656249969
-2.64921875 8.95659179687496
-2.624902343749994 8.839599609375014
-2.60039062499996 8.800439453125037
-2.59799804687492 8.776367187500014
-2.556884765625 8.49301757812502
-2.505859374999972 8.208740234375014
-2.538281249999926 8.171630859375
-2.582763671875028 8.160791015625009
-2.611718749999966 8.147558593749977
-2.619970703124949 8.121093750000014
-2.600976562499994 8.082226562499997
-2.613378906249949 8.046679687500031
-2.668847656249966 8.022216796875028
-2.789746093750011 7.931933593750017
-2.798144531249932 7.895996093749986
-2.83012695312496 7.819042968750026
-2.856884765625011 7.772070312500048
-2.896337890624949 7.685009765624983
-2.959082031249949 7.454541015625011
-2.982324218749966 7.263623046875026
-2.985791015624983 7.20488281249996
-3.010156249999966 7.163769531250026
-3.037695312499977 7.104589843750048
-3.168896484374983 6.940966796875017
-3.235791015624926 6.807226562500034
-3.227148437499949 6.749121093750006
-3.224121093749943 6.69077148437502
-3.243896484374972 6.648681640624972
-3.24028320312496 6.535644531250043
-3.224023437500023 6.441064453125051
-3.200585937499937 6.348242187499963
-3.105566406249949 6.085644531250026
-3.05615234375 5.926269531249972
-3.025292968749937 5.797753906249994
-2.998291015624943 5.711328124999966
-2.972802734374994 5.676269531250028
-2.962255859374977 5.643017578124997
-2.821191406250023 5.619189453125031
-2.793652343749983 5.600097656250043
-2.75498046874992 5.432519531250009
-2.761914062499926 5.356933593749986
-2.78959960937496 5.328222656249991
-2.788671874999949 5.264111328124983
-2.79521484374996 5.184521484375026
-2.815673828124943 5.153027343750011
-2.894726562499983 5.149023437499991
-2.948339843749977 5.118847656249969
-3.01914062499992 5.130810546875011
-3.025878906249972 5.150537109375037
-3.06396484375 5.157714843749986
-3.168701171875028 5.20302734374998
-3.15141601562496 5.348291015624994
-3.199951171875 5.354492187500014
-3.237597656249932 5.33540039062504
-3.31201171875 5.160791015624994
-3.347558593749966 5.130664062499974
-3.870605468750028 5.220703125000028
-3.984179687499989 5.29316406250004
-4.12016601562496 5.309716796875037
-4.357275390624949 5.301416015625037
-4.55283203124992 5.279882812500006
-4.608886718749972 5.235888671875017
-4.115185546874926 5.261621093750009
-4.062060546874932 5.256640624999974
-4.037207031249949 5.230126953124994
-4.661523437499937 5.172558593749983
-4.899707031249989 5.138330078125037
-4.970117187499937 5.147753906250003
-5.023681640625 5.203613281250014
-5.282373046874966 5.210253906250031
-5.335449218750028 5.191992187500034
-5.367529296874977 5.15078125
-5.265771484374937 5.159716796875031
-5.104882812499937 5.162158203125003
-5.06181640624996 5.130664062499974
-5.564746093749932 5.08945312500002
-5.913769531249983 5.010937500000011
-6.061718749999926 4.952832031249983
-6.548437499999949 4.76176757812496
-6.845166015624926 4.671484374999963
-6.92290039062496 4.638330078125037
-7.05795898437492 4.544726562499974
-7.231396484375011 4.485986328125009
-7.42607421874996 4.376025390624989
-7.544970703124932 4.351318359375014
-7.571582031249932 4.386425781249969
-7.574658203124955 4.572314453125003
-7.591210937499937 4.821533203124972
-7.585058593749949 4.916748046875014
-7.569335937500028 5.006445312499991
-7.568896484374932 5.080664062500006
-7.509765624999972 5.108496093749991
-7.494140624999972 5.13979492187498
-7.48520507812492 5.236425781250034
-7.429833984374937 5.324511718750031
-7.428906249999926 5.47788085937502
-7.412451171874949 5.509912109374966
-7.399902343749972 5.550585937500003
-7.423730468749937 5.651318359374997
-7.45439453124996 5.841308593749986
-7.469433593749926 5.853710937500026
-7.482812499999966 5.845507812500045
-7.513916015625 5.842041015625043
-7.636132812499937 5.907714843750014
-7.730371093749966 5.919042968750006
-7.796533203124937 5.975097656249972
-7.800927734374937 6.038916015625006
-7.833251953124972 6.076367187499997
-7.85551757812496 6.150146484375014
-7.888623046874955 6.234863281250043
-7.981591796874994 6.286132812500014
-8.06894531249992 6.298388671875017
-8.131005859374966 6.28754882812504
-8.203857421874972 6.290722656249969
-8.287109374999972 6.319042968749969
-8.344873046875023 6.351269531250054
-8.399316406249994 6.413183593749963
-8.449902343750011 6.4625
-8.490332031249977 6.456396484374977
-8.539550781249972 6.468066406250045
-8.587890624999972 6.490527343750003
-8.60356445312496 6.507812500000057
-8.401220703124949 6.705126953125017
-8.332568359374989 6.801562500000031
-8.325097656249966 6.860400390625031
-8.32451171874996 6.920019531250006
-8.302343749999949 6.980957031249986
-8.296630859374943 7.074023437500031
-8.40874023437496 7.411816406250011
-8.437158203124994 7.51640625
-8.46728515625 7.547021484375023
-8.486425781249977 7.558496093749966
-8.429980468749932 7.601855468750003
-8.351757812499983 7.590576171875014
-8.231884765624983 7.556738281249963
-8.205957031249966 7.590234375000037
-8.115429687499983 7.760742187500043
-8.117822265624937 7.824023437499974
-8.126855468749994 7.867724609374989
-8.073828124999949 7.98442382812496
-8.03173828125 8.029736328125054
-8.009863281249977 8.078515625000037
-8.016748046874966 8.14492187499998
-8.048583984374943 8.169726562499974
-8.090527343749983 8.165136718750006
-8.140625 8.18144531249996
-8.21713867187492 8.219677734375026
-8.256103515624943 8.253710937500031
-8.244140625 8.407910156249997
-8.236962890624966 8.455664062500048
-8.209960937499972 8.483251953124977
-8.167773437499989 8.490673828124983
-8.049121093749989 8.49531250000004
-7.953125 8.477734375000011
-7.86875 8.467529296874972
-7.823583984374949 8.467675781250009
-7.78740234374996 8.42197265625002
-7.738964843749926 8.375244140625
-7.696093749999989 8.375585937499991
-7.681201171874989 8.410351562500054
-7.690966796874932 8.5625
-7.719580078124977 8.643017578125026
-7.784033203124977 8.720605468750023
-7.95097656249996 8.786816406250011
-7.954980468749994 8.87944335937496
-7.938183593749926 8.979785156249974
-7.902099609374943 9.017089843750028
-7.777978515624994 9.08085937499996
-7.7998046875 9.115039062500003
-7.83940429687496 9.151611328124986
-7.91806640624992 9.18852539062496
-7.9 9.30869140625002
-7.896191406249983 9.415869140625006
-7.96269531249996 9.403857421875045
-8.031005859375028 9.397656250000026
-8.08867187499996 9.4306640625
-8.136962890625028 9.495703125
-8.146044921875017 9.6748046875
-8.145849609374977 9.881738281249966
-8.155175781249994 9.973193359375031
-8.136621093749937 10.022070312500048
-8.077832031249955 10.067089843749983
-8.01352539062492 10.125292968750017
-7.990625 10.1625
-7.960937499999943 10.16347656249998
-7.884082031249932 10.185742187499997
-7.814208984375 10.236572265625043
-7.74907226562496 10.34228515625
-7.661132812499972 10.427441406250026
-7.562109374999977 10.421240234375006
-7.532812499999949 10.436816406249989
-7.497949218749966 10.439794921874963
-7.456542968749943 10.383935546875051
-7.414794921874972 10.341308593749972
-7.38505859374996 10.340136718750003
-7.363183593749937 10.259375
-7.182324218749955 10.225683593750048
-7.104882812499994 10.203515624999966
-7.039746093749955 10.144775390625
-7.017089843749943 10.14326171875004
-6.989453124999926 10.155664062499994
-6.968164062499937 10.176220703125011
-6.963818359374926 10.198730468749972
-6.991748046874932 10.251855468750051
-6.979492187499943 10.299560546875
-6.950341796874937 10.342333984375003
-6.903808593749972 10.345068359375034
-6.833642578124966 10.356982421874974
-6.753222656249932 10.357128906249997
-6.693261718749966 10.349462890625034
-6.669335937499994 10.392187500000034
-6.691992187499977 10.512011718750031
-6.686132812499949 10.57802734374998
-6.676367187500006 10.633789062500057
-6.65415039062492 10.656445312500054
-6.564599609374966 10.58642578125
-6.482617187499955 10.561230468750011
-6.423925781250006 10.559130859375031
-6.407519531249932 10.572363281249977
-6.4326171875 10.648730468749989
-6.425878906249949 10.67177734374998
-6.404150390624949 10.685107421875031
-6.365625 10.692822265624997
-6.261132812499966 10.724072265624969
-6.250244140624972 10.717919921874966
-6.230664062499955 10.597509765625034

