-77.13955078124997 18.421484374999977
-77.01376953124992 18.402929687500006
-76.959375 18.40185546874997
-76.908203125 18.390429687500045
-76.79326171874996 18.304296875
-76.70073242187502 18.257177734374977
-76.34985351562503 18.15185546875003
-76.23276367187498 17.970312499999977
-76.21079101562495 17.913525390624955
-76.30146484375004 17.87983398437504
-76.41552734375 17.868212890625045
-76.52460937500001 17.8662109375
-76.62539062499994 17.900976562499977
-76.66938476562501 17.927636718749994
-76.77431640625 17.94042968750003
-76.74829101562503 17.964892578125045
-76.79482421875 17.976318359375057
-76.85322265624998 17.973730468750063
-76.89624023437497 17.90410156249999
-76.94414062499996 17.848779296874994
-77.03593750000002 17.854101562500034
-77.0712890625 17.90126953125005
-77.11948242187498 17.880078124999983
-77.15839843749998 17.845068359375063
-77.20498046875 17.714941406250006
-77.27988281249998 17.77954101562503
-77.36142578124998 17.833691406249955
-77.46386718749997 17.856054687499977
-77.67075195312492 17.859716796875006
-77.76816406249998 17.877392578124983
-77.84941406249999 17.9875
-77.88129882812501 18.019042968750057
-77.96298828124995 18.04755859375001
-78.04448242187496 18.17382812499997
-78.07363281250002 18.19116210937503
-78.294091796875 18.218066406250017
-78.33950195312502 18.287207031249977
-78.32597656250002 18.349755859375023
-78.25244140624994 18.42626953124997
-78.21669921874994 18.448095703124977
-78.09453125000002 18.44482421875003
-77.97817382812494 18.46782226562499
-77.92685546874998 18.50068359375004
-77.8734375 18.52221679687497
-77.45161132812495 18.46704101562503
-77.35424804687503 18.466455078124994
-77.26147460937494 18.457421875000023

