123.82558593750014 24.266064453124983
123.74980468750016 24.283300781250034
123.68066406250011 24.28803710937501
123.6797851562502 24.317773437500023
123.75234375000014 24.348486328124977
123.75371093750016 24.39130859375001
123.77148437500011 24.414453125000023
123.93486328124999 24.362011718749983
123.92812500000014 24.323632812499994
123.88867187500011 24.280126953125006

124.23427734374997 24.358056640624994
124.1856445312502 24.335058593750006
124.1357421875 24.347607421874983
124.08476562499999 24.435839843750017
124.12041015625016 24.469628906249966
124.17021484374999 24.451855468749983
124.21054687500003 24.458642578124966
124.30195312500018 24.58710937500001
124.32402343750016 24.566357421874955
124.29316406250018 24.51591796874999

125.359375 24.717089843750017
125.26894531250002 24.732519531249977
125.28359374999997 24.871923828125034
125.31494140624994 24.852392578124977
125.33457031250003 24.80468750000003
125.40185546875011 24.77685546875003
125.44414062499999 24.7431640625

142.169921875 26.61567382812501
142.10712890625018 26.721533203125006
142.12529296875016 26.726464843750023
142.1617187500002 26.709960937500057
142.2021484375 26.648779296875006
142.18818359375018 26.616503906250017

128.16250000000014 26.60693359375003
128.126953125 26.55224609374997
128.03789062500005 26.53359375
127.95126953125009 26.45649414062501
127.86708984374997 26.442480468750006
127.86923828125003 26.380566406249983
127.90478515625011 26.328125
127.84873046875003 26.318945312499977
127.7901367187502 26.25507812500001
127.78554687500014 26.208691406249983
127.80644531250016 26.171240234374977
127.80361328125002 26.152539062499983
127.72939453124997 26.09716796875
127.65312500000016 26.09472656250003
127.64970703124999 26.154492187499955
127.65488281250009 26.199169921874983
127.72705078124994 26.307910156250017
127.72890624999997 26.433935546875034
127.79589843750011 26.44853515624999
127.82041015625003 26.466064453125
127.92597656250018 26.55571289062496
127.94550781250007 26.593945312499955
127.89082031250018 26.631054687499955
127.89482421875005 26.674951171875023
127.9072265625 26.693603515625
127.99433593750007 26.679443359375057
128.02968750000014 26.646875
128.04677734374997 26.64331054687497
128.09765624999994 26.66777343749999
128.12158203124994 26.71142578125
128.21650390625018 26.796875
128.2548828125001 26.88188476562499
128.3316406250002 26.812109374999977
128.31093749999997 26.720703125
128.2587890625001 26.652783203124955

128.95625000000018 27.702490234375006
128.9 27.72778320312503
128.88281249999994 27.842431640625023
128.90761718750014 27.89799804687496
128.95166015624994 27.910253906249977
128.98974609375 27.811132812500034
129.01640625 27.770214843749955
128.9981445312502 27.720800781250006

129.33056640624994 28.08159179687499
129.23242187499994 28.10112304687496
129.1924804687501 28.192480468750006
129.2574218750001 28.176171874999966
129.27734374999994 28.144726562499955
129.32402343750016 28.10493164062501

129.36640625000018 28.12773437499996
129.27490234375 28.20087890625004
129.1646484375001 28.24975585937503
129.21708984375005 28.26293945312497
129.24785156250016 28.28251953124996
129.25087890624997 28.313574218749977
129.32246093750018 28.35961914062503
129.46455078125018 28.39526367187503
129.50966796875014 28.397509765625045
129.5605468750001 28.431054687500023
129.5771484375001 28.461279296874977
129.59804687500002 28.475878906250017
129.6895507812501 28.517480468749966
129.71464843750016 28.469628906249994
129.71044921875 28.43212890624997
129.6416992187502 28.411279296874994
129.57460937500014 28.361181640625006
129.5126953125001 28.298730468749994
129.45673828125018 28.272314453125006
129.4390625000002 28.254785156249994
129.45253906250014 28.208984375

130.50820312499997 30.241406249999983
130.44560546875 30.264697265625017
130.38808593750014 30.388183593750057
130.49716796875003 30.465527343749983
130.6435546875001 30.388964843750017
130.67324218750014 30.366894531249983
130.62275390625007 30.262988281250017

130.87216796875003 30.386328125000034
130.8703125 30.444238281249994
130.9399414062501 30.575097656250023
130.9473632812502 30.67119140624996
131.01220703125 30.792285156250045
131.03984375000005 30.81889648437496
131.06035156250005 30.828466796875034
131.0826171875002 30.790869140625006
131.05742187500016 30.642480468749994
130.99257812499997 30.529980468749983
130.95976562500016 30.396923828124955

129.68681640625016 31.6396484375
129.70683593750016 31.71826171875003
129.7873046875 31.78710937500003
129.79365234375018 31.74248046874999
129.71796875000018 31.657128906250023

130.2925781250002 32.41933593750005
130.2560546875 32.431005859375034
130.24169921874994 32.46279296875002
130.3654296875 32.52719726562498
130.46142578124994 32.51572265625006
130.4185546875002 32.457714843749955
130.38105468750018 32.423730468749966

130.0035156250002 32.193994140624966
129.99335937500018 32.228173828124994
129.96015625000007 32.24375
130.01728515625007 32.291845703125006
130.01533203125 32.31367187500001
129.97929687500016 32.34619140624997
130.02128906250016 32.468847656250006
130.00976562499994 32.52163085937502
130.16777343750016 32.54121093750001
130.19667968750002 32.49160156250002
130.19951171875016 32.34057617187497
130.0825195312501 32.229687499999955

128.70410156249994 32.75688476562499
128.76103515625 32.77236328125002
128.80605468750014 32.775976562500034
128.83857421875018 32.762890624999955
128.87939453124994 32.69331054687498
128.8945312500001 32.65214843749996
128.8212890625001 32.646337890625006
128.79042968750014 32.63671875
128.7504882812501 32.58613281250001
128.6929687500002 32.60473632812497
128.6573242187502 32.62841796875
128.64912109375007 32.66201171875002
128.66533203125016 32.78388671874998

139.82382812500003 33.04545898437496
139.77568359375 33.07822265624998
139.76894531249997 33.10717773437503
139.7774414062502 33.12514648437505
139.80888671875005 33.12924804687498
139.8736328125001 33.093505859375
139.84111328125005 33.056054687499994

129.05195312500007 32.82949218750002
129.0196289062502 32.91962890625001
128.99726562500018 32.95185546874998
129.03496093750016 32.969091796875034
129.10976562500002 33.13256835937503
129.1236328125001 33.06767578124996
129.15273437500014 33.003320312499994
129.18193359375016 32.993115234374955
129.153515625 32.946191406249994
129.11162109375005 32.92885742187502
129.07695312500016 32.84028320312501

129.42138671875 33.17583007812496
129.37041015625 33.176025390625
129.4169921875 33.23110351562505
129.42314453125016 33.25737304687499
129.4619140625 33.33125
129.53798828125014 33.357763671875006
129.56992187500003 33.361035156249955
129.50810546875016 33.284326171874966
129.4917968750002 33.22304687499999

129.7265625 33.70732421874999
129.6748046875001 33.73969726562501
129.7 33.82890625
129.71728515624994 33.85839843750003
129.7763671875001 33.829199218750034
129.79570312500005 33.74882812499999

131.3091796875002 33.57275390625
131.36601562500005 33.57089843749998
131.41875 33.58442382812498
131.498828125 33.62358398437499
131.5830078125001 33.65239257812499
131.64306640625 33.637792968750034
131.6962890625 33.60283203125002
131.7242187500002 33.55380859374998
131.71064453125018 33.502343749999966
131.61552734375016 33.39184570312503
131.53740234375016 33.274072265624994
131.71708984375016 33.252099609374966
131.8965820312502 33.25458984375004
131.8546875 33.181640625
131.84785156250007 33.11806640625002
131.90273437500014 33.087792968749966
131.9493164062502 33.04707031250004
131.93720703125007 33.010156249999966
131.91044921875 32.97368164062499
132.00859375000005 32.91904296874998
132.00214843750007 32.88237304687496
131.9766601562502 32.843945312499955
131.73212890625018 32.592822265625045
131.66035156250007 32.465625
131.6103515625 32.32548828125002
131.56464843750018 32.22304687500002
131.53115234375002 32.116748046875045
131.50566406250016 32.001953125
131.46025390625016 31.883496093749955
131.47529296875018 31.778417968750034
131.4599609375 31.670800781249966
131.33720703125005 31.404687500000023
131.24970703125007 31.409619140624955
131.1397460937502 31.44184570312504
131.0708007812501 31.436865234375006
131.03515624999994 31.37768554687503
131.09843750000016 31.256152343750045
130.90224609375014 31.112060546875
130.68574218750018 31.01513671874997
130.6841796875002 31.059277343749983
130.70449218750002 31.094091796874977
130.73574218749997 31.1220703125
130.75839843750003 31.155810546875017
130.78974609375007 31.269091796875017
130.77421875 31.38320312499999
130.7089843750001 31.526074218749955
130.7041992187502 31.577441406250045
130.74941406250002 31.59819335937499
130.77978515625 31.604101562500034
130.79628906250014 31.624072265625017
130.796875 31.671289062499966
130.77626953125014 31.706298828125
130.71455078125018 31.717675781249994
130.65507812500016 31.718408203124966
130.6134765625 31.665429687500023
130.55605468750014 31.563085937500034
130.528125 31.45966796875001
130.54042968749997 31.40307617187503
130.5659179687501 31.352392578125006
130.64453124999994 31.267480468750023
130.62148437500014 31.21752929687497
130.58876953125014 31.178515625000017
130.31064453125003 31.266894531250017
130.2505859375001 31.273193359375057
130.2006835937501 31.291894531250023
130.14726562500016 31.40849609374999
130.26054687500016 31.436572265625017
130.29414062500018 31.45068359374997
130.30664062499994 31.48779296874997
130.32197265625007 31.60146484375005
130.26894531250002 31.696337890625017
130.2242187500002 31.730078125000034
130.18789062500002 31.768847656250045
130.2109375 31.848974609375006
130.1958007812501 31.949853515624966
130.1944335937502 32.09077148437498
130.21406250000018 32.11503906249996
130.319140625 32.14350585937498
130.39492187499997 32.218994140625
130.4620117187501 32.304931640625
130.56035156250005 32.45605468749997
130.64052734375014 32.619238281250006
130.56328125 32.62636718750002
130.4978515625 32.656933593749955
130.5694335937502 32.73413085937506
130.54726562500014 32.83159179687502
130.4404296875001 32.95136718749998
130.38173828124997 33.09257812499999
130.28730468750018 33.15478515625003
130.23750000000018 33.177636718749994
130.1768554687501 33.14453125
130.12685546875002 33.10483398437498
130.17314453125005 33.01298828125002
130.16777343750016 32.931787109374994
130.175 32.85131835937503
130.22216796874994 32.846826171874994
130.28007812500016 32.866845703124994
130.32646484375016 32.852636718750034
130.353515625 32.810351562500045
130.36083984375 32.75585937500003
130.3404296875001 32.701855468749955
130.29765625000016 32.675
130.24550781250002 32.677148437499994
130.19296875000003 32.70629882812497
130.15205078125018 32.74785156249999
130.05410156250002 32.77080078124996
129.9507812500002 32.72172851562502
129.8525390625 32.621728515624966
129.7685546875001 32.57099609375004
129.80810546875 32.64526367187497
129.82675781250003 32.72534179687503
129.7859375 32.781640624999966
129.6900390625002 32.87524414062503
129.6677734375 32.929394531249955
129.66230468750007 32.99492187499999
129.67910156250002 33.059960937499994
129.77773437500014 32.98554687500001
129.8283203125 32.892675781250006
129.90078125000014 32.85190429687498
129.9916992187501 32.8515625
129.921875 32.98798828124998
129.89677734375005 33.022363281249966
129.79873046875014 33.08359375
129.6650390625 33.186621093750034
129.580078125 33.23627929687504
129.61015625000016 33.343652343749966
129.6599609375 33.36499023437497
129.7021484375 33.35981445312498
129.84414062500014 33.32177734375003
129.8575195312502 33.375244140625
129.83662109375 33.40380859374997
129.8256835937501 33.43701171874997
129.91914062500007 33.483496093750034
130.07207031250005 33.52177734375002
130.10341796875014 33.53969726562502
130.13056640625007 33.57817382812496
130.1679687500001 33.598291015624966
130.27509765625018 33.597705078125045
130.36503906250005 33.63447265624998
130.4394531250001 33.734228515625034
130.45722656250018 33.788964843749994
130.48378906249997 33.834619140624994
130.6695312500001 33.91547851562501
130.71562500000016 33.92778320312496
130.8396484375 33.91777343749996
130.9531250000001 33.872021484374955
131.00908203125016 33.77583007812498
131.0581054687501 33.67285156249997
131.17460937500005 33.60258789062496

132.3145507812502 33.90859375000005
132.43046875 33.92353515624998
132.4449218750002 33.913183593750006
132.41103515625014 33.87993164062499
132.3599609375002 33.847021484375034
132.26728515625007 33.87148437500002
132.20878906250016 33.87285156249996
132.20058593749997 33.92778320312496
132.2080078125 33.947802734375045
132.26601562499997 33.945166015625034

132.5494140625001 34.07509765625002
132.4609375 34.087255859375034
132.49628906250018 34.121972656249994
132.52353515625003 34.16406250000003
132.5434570312501 34.17265625000002
132.56015625000003 34.12690429687501
132.57841796875005 34.11518554687504

129.2144531250002 34.08281250000002
129.18642578124997 34.14501953124997
129.2148437500001 34.32065429687498
129.33710937500007 34.284765625000034
129.3350585937501 34.23081054687506
129.2794921875 34.123388671875006

134.4957031250002 34.214746093749966
134.6375 34.22661132812499
134.6352539062501 34.0439453125
134.6553710937502 33.98261718750001
134.6953125000001 33.92773437500003
134.6748046875 33.847802734374994
134.7388671875001 33.820507812499955
134.54873046874997 33.72929687500002
134.3770507812501 33.6083984375
134.30654296875014 33.52680664062498
134.24267578125 33.43945312500003
134.2056640625001 33.34697265625002
134.181640625 33.24721679687505
134.1241210937501 33.28676757812502
133.95869140625 33.44833984374998
133.8540039062501 33.49267578125003
133.6856445312502 33.51630859374998
133.63203125000018 33.51098632812503
133.28593750000005 33.359960937500006
133.23994140625007 33.249609375
133.1456054687502 33.08315429687502
133.10087890625016 33.02822265625002
133.05117187499997 33.012451171875
133.01601562500002 32.98388671875003
132.97724609375018 32.84199218749998
132.869921875 32.754589843749955
132.80429687500003 32.75200195312496
132.69218750000005 32.775927734375045
132.64179687500007 32.76245117187506
132.708984375 32.902490234374966
132.60195312500014 32.91953124999998
132.4951171875001 32.916601562500006
132.49257812500014 33.007666015625006
132.4278320312501 33.059375
132.47578125000018 33.12646484375003
132.4771484375002 33.18115234375
132.50527343750014 33.211279296875006
132.51503906250002 33.25537109375
132.51142578125007 33.29306640625006
132.4454101562502 33.304589843749994
132.40517578125002 33.33125
132.41279296875 33.43046874999999
132.37490234375014 33.43408203125
132.28105468750005 33.416796875000045
132.08583984375014 33.34013671874996
132.03261718750014 33.33999023437502
132.11445312500018 33.39458007812496
132.287890625 33.469531250000045
132.36591796875018 33.51245117187497
132.53603515625002 33.632910156250006
132.64306640624994 33.68994140625
132.69892578125018 33.790917968749966
132.71621093750014 33.85224609375001
132.75234375000014 33.906152343749994
132.78427734375003 33.99243164062497
132.8394531250002 34.021240234375
132.93515625000003 34.09531249999998
132.99013671874997 34.08813476562503
133.05126953125 33.99711914062496
133.13369140625002 33.927294921875045
133.19306640625 33.933203125
133.298828125 33.968994140625
133.34980468750007 33.97705078125006
133.47207031250002 33.972802734374966
133.5820312500001 34.01713867187496
133.6267578125 34.06938476562502
133.64345703125014 34.134667968749994
133.60263671875003 34.243847656249955
133.65556640625 34.23286132812501
133.70625 34.23735351562496
133.82558593750002 34.30683593749998
133.94833984375003 34.34804687500005
134.07587890625018 34.35839843750003
134.2192382812501 34.31904296874998
134.357421875 34.25634765625

134.333203125 34.463769531249994
134.31533203125014 34.46894531249998
134.25185546874997 34.423046874999955
134.23808593750005 34.46704101562503
134.18828125 34.49633789062497
134.18212890625 34.51923828125001
134.32597656250016 34.534375
134.37226562500018 34.52236328125002
134.35185546875 34.48364257812506

134.82441406250018 34.20292968749996
134.73066406250018 34.20888671875002
134.68349609374997 34.246972656249966
134.66787109375002 34.29414062499998
134.75722656250002 34.36816406249997
134.83427734375016 34.47265625000003
134.90410156250016 34.51909179687499
134.96074218750016 34.544921875
135.00468750000016 34.544042968750006
134.90546875000018 34.39829101562498
134.93281250000018 34.28813476562502

129.3653320312502 34.305517578125006
129.29746093750003 34.339599609375
129.2666992187502 34.37045898437498
129.32939453125016 34.521875
129.3220703125 34.57929687499998
129.32587890625018 34.607275390625006
129.45107421875002 34.68657226562499
129.4724609375 34.67133789062501
129.48017578125007 34.64946289062499
129.46914062500014 34.61552734374999
129.47539062500016 34.540429687499966
129.3814453125002 34.416455078124955
129.38564453124997 34.35366210937502

139.44570312500014 34.67954101562498
139.3923828125 34.689892578124955
139.36689453125007 34.72050781249999
139.37001953125014 34.77543945312499
139.42617187500014 34.77587890624997
139.45644531249997 34.726513671874955

133.3247070312501 36.16650390624997
133.2392578125001 36.17875976562496
133.1899414062501 36.23261718750001
133.2061523437502 36.29340820312498
133.29570312500016 36.34013671874999
133.38125 36.24638671874999
133.37050781250002 36.20385742187503

138.2490234375001 37.81958007812503
138.22519531250003 37.82939453124999
138.2828125000001 37.85419921874998
138.28789062500016 37.89580078125002
138.3222656250001 37.96953125000002
138.32167968750002 37.990820312500006
138.2461914062501 37.99458007812498
138.25 38.078466796875006
138.30634765625018 38.16113281249997
138.46132812500014 38.29145507812498
138.50361328125 38.31591796874997
138.51005859375 38.25898437500001
138.46279296874997 38.12431640625002
138.45361328124994 38.07568359374997
138.57519531249994 38.065527343750034
138.49697265625002 37.90390624999998
138.34404296875005 37.822119140625006

141.26875000000018 41.35380859374999
141.45546875000002 41.40473632812498
141.41992187499994 41.251171874999955
141.4 41.09633789062505
141.4136718750002 40.83935546875
141.43046875000016 40.72333984374998
141.46279296875002 40.61113281249996
141.54228515625005 40.53071289062501
141.64628906250016 40.4736328125
141.79707031250007 40.291162109374966
141.8779296875001 40.067236328125006
141.9350585937501 39.95849609375006
141.97783203125005 39.84443359374998
141.9908203125002 39.792236328125
141.99189453125007 39.739892578124994
141.9791015625002 39.66835937499999
141.99316406249994 39.610546874999955
141.97695312500014 39.428808593750034
141.90947265625016 39.218701171874955
141.90078125000014 39.11132812500003
141.84208984375 39.090039062499955
141.80654296875014 39.040429687499966
141.77617187500016 39.017431640625006
141.74248046875016 38.999609375
141.6935546875 38.99516601562499
141.65859375000002 38.97485351562503
141.6447265625 38.91791992187498
141.62226562500018 38.865136718749966
141.5796875000002 38.816503906250006
141.54628906250014 38.762841796874994
141.51875 38.63203124999998
141.50878906249994 38.49785156250002
141.46748046875007 38.404150390625006
141.3681640625 38.379736328125006
141.25429687499997 38.38139648437499
141.1083984375001 38.33793945312502
141.07734375000018 38.31254882812502
140.96210937500007 38.14887695312498
140.92900390625016 38.05288085937505
140.92792968750018 37.949609374999966
140.95996093749994 37.822607421875034
141.0034179687501 37.698437499999955
141.03632812500018 37.46723632812501
141.00166015625 37.11464843750002
140.9683593750001 37.002050781250006
140.8951171875001 36.92573242187501
140.83964843750016 36.89033203124998
140.79179687500016 36.846875
140.72988281249997 36.731884765624955
140.62734374999997 36.502783203125006
140.61884765625 36.4453125
140.6192382812502 36.385595703125006
140.59160156250016 36.30781249999998
140.57353515625005 36.23134765625002
140.5904296875001 36.142431640625034
140.62197265625014 36.059228515624966
140.7595703125 35.84570312499997
140.81347656249994 35.78251953124999
140.87402343749994 35.72495117187498
140.6392578125001 35.661279296874966
140.59687500000018 35.632031249999955
140.45742187499997 35.51025390625003
140.41289062500016 35.39477539062503
140.4165039062501 35.26699218750002
140.39296875000002 35.22114257812501
140.3546875 35.18144531250002
140.31474609375016 35.15502929687506
140.15888671875018 35.09648437500002
140.05917968750003 35.03828124999998
139.95976562500005 34.94731445312502
139.9204101562501 34.899609374999955
139.84394531250007 34.91489257812498
139.79921875000002 34.95693359375002
139.8432617187501 35.009863281250034
139.8296875000002 35.07216796875005
139.85146484375002 35.232324218749994
139.82646484375016 35.296679687500045
139.90615234375014 35.34526367187499
139.94414062500016 35.42299804687502
140.0271484375 35.48520507812498
140.08632812499997 35.540429687499966
140.09687500000018 35.58515625000001
140.04365234375018 35.63334960937496
139.98750000000018 35.66821289062497
139.90976562500003 35.66835937499999
139.83476562500016 35.658056640625034
139.78632812500007 35.61210937499999
139.7701171875002 35.54956054687503
139.7739257812501 35.520361328125034
139.76777343750018 35.49482421874998
139.65 35.40913085937504
139.66552734374994 35.319482421874966
139.70000000000016 35.27397460937502
139.74404296875014 35.25239257812498
139.73085937500014 35.221533203125006
139.675 35.149267578125034
139.63593750000007 35.14213867187499
139.5640625000001 35.24326171874998
139.4744140625 35.29853515624998
139.36347656250007 35.29809570312497
139.24941406250002 35.278027343749955
139.1626953125002 35.21074218750002
139.13408203125005 35.154882812500006
139.11582031250003 35.09711914062498
139.12197265624997 34.95649414062501
139.0860351562502 34.83916015624999
139.015625 34.736035156249955
138.98261718750018 34.698388671874994
138.89667968750018 34.62841796874997
138.8375000000002 34.619238281250034
138.79511718750018 34.65102539062505
138.76103515625016 34.69921875
138.80449218750005 34.875732421875
138.80273437499994 34.97480468750001
138.90361328125016 35.02524414062498
138.8208984375002 35.09570312500003
138.71962890624997 35.12407226562496
138.5771484375001 35.08647460937502
138.53701171874997 35.04414062500001
138.5095703125 34.987158203125034
138.43310546874994 34.91518554687502
138.3486328125 34.84770507812496
138.25322265625 34.73266601562497
138.1890625000001 34.596337890624994
137.9790039062501 34.64091796875002
137.8642578125 34.65087890625
137.7485351562501 34.64741210937501
137.54335937499997 34.664208984374966
137.31806640625018 34.636376953124994
137.06171875000018 34.58281249999999
137.07705078125002 34.62143554687506
137.28779296875007 34.70351562499999
137.2954101562501 34.72758789062502
137.27519531250016 34.77250976562502
137.2226562500001 34.77470703125002
137.09658203124997 34.75903320312503
137.0322265625001 34.76591796874999
137.0059570312502 34.814111328124966
136.96328125000002 34.83491210937501
136.93476562500018 34.815185546875
136.94414062500005 34.721533203125006
136.91289062500016 34.70903320312496
136.87128906250018 34.73310546874998
136.88457031250016 34.805859374999955
136.85615234375 34.9125
136.85292968750002 34.97871093750001
136.8970703125002 35.03554687500005
136.85185546875016 35.059521484374955
136.8041992187501 35.05029296875003
136.74355468750002 35.02299804687496
136.6900390625002 34.98413085937506
136.576953125 34.78955078125003
136.53300781250005 34.67836914062502
136.6158203125002 34.58906250000004
136.8416015625 34.464208984375006
136.88027343749997 34.43359374999997
136.88115234375016 34.38046874999998
136.85371093750018 34.324072265625034
136.79218750000007 34.299267578124955
136.54443359374994 34.25771484375002
136.32988281250005 34.17685546874998
136.26787109375 34.094873046874966
136.07255859375 33.77822265625005
135.9162109375 33.56171874999998
135.6953125 33.48696289062502
135.45283203125007 33.553369140624966
135.39423828125018 33.62875976562506
135.3467773437502 33.721972656250045
135.25664062500016 33.80625
135.1753906250002 33.898046875000034
135.1279296875001 34.00698242187502
135.1353515625002 34.1826171875
135.10009765624994 34.28837890624996
135.13193359375003 34.31655273437502
135.2656250000001 34.380810546874955
135.30927734375 34.41679687500002
135.38476562499994 34.50043945312501
135.41181640625007 34.54697265624998
135.41591796874997 34.61748046874996
135.35517578125007 34.654296875
135.19824218749994 34.65292968749998
135.04169921875007 34.631005859374966
134.92988281250018 34.66181640625001
134.78496093750016 34.74707031249997
134.74003906250016 34.765234375000034
134.5837890625 34.77060546874998
134.4722656250002 34.75478515625005
134.36269531250002 34.72368164062502
134.246875 34.71386718749997
134.20830078125016 34.69765625000002
134.07451171875 34.59311523437506
133.9682617187501 34.527294921874955
133.87636718750014 34.49462890624997
133.6779296875 34.48588867187496
133.57861328124994 34.464697265625006
133.47441406250016 34.43012695312498
133.4453125 34.43315429687496
133.33564453125 34.385351562500006
133.20976562500016 34.34399414062503
133.1423828125 34.30244140624998
133.01894531249997 34.32958984375
132.774609375 34.25522460937506
132.65654296875016 34.24609374999997
132.53447265625016 34.287060546874955
132.42128906249997 34.35336914062498
132.31259765625003 34.32495117187506
132.23808593750016 34.22700195312498
132.20195312500016 34.03203125
132.15937500000018 33.94423828125002
132.14648437499994 33.83876953125002
132.09023437500014 33.85546874999997
131.7631835937501 34.045263671875006
131.74052734375005 34.05205078124996
131.4761718750002 34.01938476562506
131.40791015625007 34.003613281249955
131.3227539062501 33.965185546875034
131.2326171875 33.947998046875
131.150390625 33.97563476562502
131.071875 34.020654296874966
130.99638671875016 34.00727539062498
130.91884765624997 33.97573242187505
130.8892578125001 34.26181640624998
130.9042968750001 34.29956054687503
130.95185546875 34.349707031250034
131.00419921875005 34.39257812499997
131.13222656250002 34.407373046874966
131.2618164062502 34.393457031249966
131.35439453124997 34.41318359374998
131.43251953124997 34.46982421874998
131.51503906250002 34.550146484375006
131.60800781250003 34.615478515625
131.73408203125007 34.667089843750034
131.8560546875002 34.726318359375
131.96308593750018 34.809375
132.06474609375 34.9
132.15820312499994 34.96650390625001
132.2595703125 35.022314453125006
132.4140625000001 35.156298828125045
132.61904296875014 35.30683593749998
132.69765624999997 35.418310546875034
132.7465820312501 35.44902343749999
132.92294921875003 35.51127929687496
133.15693359375 35.55883789062497
133.2671875000002 35.55654296875005
133.37646484375 35.458837890625034
133.4353515625 35.47221679687502
133.49492187500016 35.497460937499994
133.61542968750018 35.51142578125001
133.7393554687502 35.495263671874994
133.86025390625014 35.494873046875
133.98125 35.50722656250002
134.21406250000018 35.53925781249998
134.3365234375002 35.57792968749996
134.4560546875001 35.62792968750003
134.88222656249997 35.66323242187502
135.17431640625 35.74707031250006
135.22050781250016 35.741113281249994
135.26542968750016 35.721777343750034
135.26875 35.65966796875
135.2320312500002 35.59189453125006
135.26777343750018 35.550878906250034
135.32695312500016 35.52553710937502
135.60185546875005 35.51772460937505
135.6802734375002 35.503125
135.79501953125003 35.54951171875004
135.903125 35.60688476562498
136.0162109375001 35.68251953125005
136.0953125000002 35.76762695312496
136.02226562500016 35.874121093750006
136.00625 35.990576171875006
136.0674804687502 36.116845703124966
136.1562500000001 36.22333984374998
136.2618164062502 36.28769531250006
136.3589843750002 36.361767578124955
136.55585937500007 36.571972656249955
136.69814453125002 36.74204101562498
136.74931640625005 36.951025390625006
136.7192382812501 37.19838867187505
136.84345703125 37.38212890624999
136.96230468749997 37.413671875000034
137.19863281250002 37.49746093750005
137.32265625000014 37.522070312500006
137.34121093750002 37.485449218750006
137.3375 37.43745117187498
137.15205078125018 37.28315429687498
137.04580078125014 37.21972656250003
136.98222656250016 37.200048828125034
136.92402343750018 37.17197265624998
136.89990234375 37.11767578125003
136.99443359375016 37.026757812499994
137.0185546875 36.959619140624994
137.01269531249994 36.89511718749998
137.01669921875003 36.83720703124999
137.12373046875 36.77407226562502
137.2462890625 36.75317382812503
137.29765625 36.75375976562506
137.342578125 36.77036132812498
137.4826171875 36.92475585937498
137.51406250000014 36.95156250000002
137.9131835937502 37.064599609374966
138.10957031250007 37.15107421874998
138.21806640625005 37.17338867187502
138.3199218750001 37.21840820312502
138.54833984375 37.39213867187499
138.63281249999994 37.47216796875003
138.70937500000014 37.560644531250034
138.7706054687501 37.663427734375006
138.8188476562501 37.774707031250045
138.88505859375005 37.84394531250001
139.2471679687501 38.00908203124999
139.36386718750003 38.09902343750002
139.40097656250003 38.14257812500003
139.44580078124994 38.26875
139.47675781250007 38.39980468750002
139.52080078125016 38.50253906249998
139.58017578125003 38.598876953125
139.6597656250002 38.697021484375
139.7491210937502 38.78813476562499
139.801953125 38.88159179687503
139.87861328125 39.104931640624955
139.91230468750007 39.22856445312502
139.9385742187501 39.273144531249955
139.9771484375002 39.310644531250034
140.01083984375003 39.35805664062502
140.03652343750014 39.4111328125
140.04814453125 39.46372070312506
140.06474609375 39.62441406250002
140.0546875000001 39.74926757812497
139.99472656250003 39.855078125000034
139.94521484375002 39.885107421875006
139.8912109375002 39.88686523437502
139.81035156250016 39.87773437500002
139.74150390625016 39.92084960937501
139.7554687500001 39.958935546874955
139.82568359375 39.96601562499998
139.8736328125001 39.98569335937498
139.90800781250016 40.02172851562506
139.97246093750016 40.136962890625
140.01113281250002 40.26035156249998
140.01445312500016 40.31489257812501
139.9640625 40.414306640625
139.9239257812502 40.53388671875004
139.9228515625 40.598437500000045
139.96669921875014 40.672753906249994
140.029296875 40.73315429687503
140.08535156250014 40.74736328124999
140.1460937500001 40.75156250000006
140.2012695312502 40.77490234375
140.25234375000014 40.80878906249998
140.28125 40.84609375000005
140.3262695312502 40.94765625000002
140.34355468750016 41.00566406249996
140.31523437500016 41.16088867187506
140.34443359375007 41.20332031249998
140.38593750000018 41.22978515624996
140.44130859374997 41.209667968749955
140.4980468750001 41.205664062500006
140.56416015625007 41.21181640625002
140.62763671875 41.19541015624998
140.6396484375 41.155615234375034
140.67939453125018 40.893261718749955
140.70244140625 40.85781250000002
140.7486328125001 40.83032226562503
140.80078124999994 40.834326171875034
140.8458007812501 40.875146484374994
140.876171875 40.92954101562498
140.93603515625 40.94077148437506
141.11855468750014 40.882275390624955
141.18320312500003 40.92402343750001
141.22539062500005 40.98847656250001
141.26210937499997 41.102685546874994
141.24423828125003 41.20561523437502
141.20039062500018 41.24360351562501
141.155078125 41.23671875000005
141.11503906250005 41.20849609374997
141.0704101562501 41.19306640625004
140.8005859375 41.138818359374994
140.8018554687501 41.25366210937503
140.8595703125 41.42543945312502
140.89150390625014 41.47978515624999
140.93691406249997 41.50556640625001
141.05019531250014 41.475732421874966
141.10585937500014 41.45585937500002
141.22929687500005 41.372656250000034

139.45839843750014 42.07563476562498
139.4345703125 42.084082031250006
139.41152343749997 42.15966796875003
139.43134765625 42.199560546875006
139.49580078125018 42.227441406249994
139.55839843750016 42.23520507812498
139.505078125 42.09638671875004
139.48125000000016 42.08100585937501

141.22597656249997 45.112207031249994
141.14531250000016 45.153906250000034
141.1353515625001 45.206201171874966
141.19375 45.24785156249999
141.25185546875002 45.23247070312499
141.31005859374994 45.178564453125006
141.32919921875003 45.15048828124998
141.2954101562501 45.11933593750001

141.03398437500005 45.26933593750002
140.98212890625 45.36376953125
140.97167968749994 45.46547851562502
141.00166015625 45.46484374999997
141.05673828125003 45.44956054687498
141.0699218750001 45.4
141.0727539062501 45.332861328125006

143.94951171875 44.111914062500034
144.0054687500002 44.11665039062504
144.10136718750005 44.10156249999997
144.48183593749997 43.949560546875006
144.5966796875001 43.93022460937496
144.71523437500014 43.92797851562497
144.79853515625 43.94023437499996
144.87187500000016 43.98193359375003
145.10156249999994 44.166162109374994
145.3427734375 44.333886718749966
145.36953125000002 44.32739257812497
145.3696289062501 44.28129882812499
145.35195312499997 44.22978515624999
145.2452148437501 44.07617187500003
145.12636718750014 43.869384765625
145.1010742187501 43.764550781249966
145.1396484375 43.6625
145.21406250000007 43.578222656250034
145.27294921874994 43.46289062499997
145.3408203125001 43.30253906249999
145.4361328125001 43.28222656250003
145.48789062500003 43.279736328124955
145.58330078125005 43.327783203124994
145.67363281250016 43.38886718749998
145.75126953125016 43.39628906249999
145.8330078125001 43.38593750000001
145.7255859375 43.34345703124998
145.62421875 43.29130859375002
145.53740234375 43.19267578124999
145.50507812500018 43.174218749999966
145.40478515625 43.180273437500034
145.34746093750005 43.17670898437504
145.2300781250002 43.13549804687497
145.12714843750018 43.08886718749997
145.02880859374994 43.031640624999966
144.9213867187501 43.00092773437501
144.8071289062501 42.99370117187496
144.63076171875014 42.94692382812502
144.5162109375001 42.94360351562497
144.30156250000005 42.98442382812502
144.1972656250001 42.97363281250006
143.9693359375002 42.88139648437499
143.76210937500002 42.748144531250034
143.58095703125014 42.59873046875006
143.4294921875 42.41889648437501
143.36865234374994 42.32514648437501
143.3321289062501 42.220361328124966
143.3271484375001 42.151025390624966
143.313671875 42.08432617187498
143.27871093750014 42.037841796875
143.23652343750007 42.00019531249998
143.11171875000002 42.02221679687503
142.9063476562502 42.11835937499998
142.50820312499997 42.257958984374994
142.087890625 42.47172851562502
141.85136718750005 42.579052734374955
141.40664062500002 42.54692382812499
140.98613281250016 42.342138671875006
140.9484375 42.35957031250001
140.7875976562501 42.5
140.70976562500016 42.55561523437498
140.61679687500003 42.57133789062499
140.54765625000016 42.569531249999955
140.48046875 42.559375
140.38544921875018 42.48715820312498
140.3505859375 42.43510742187502
140.32353515625016 42.37607421874998
140.31523437500016 42.33427734374999
140.32666015625 42.29335937500002
140.4166015625002 42.20073242187496
140.52753906250007 42.131787109374955
140.5777343750001 42.11865234375003
140.68427734375 42.123486328124955
140.73378906249997 42.11635742187502
140.9123046875 41.97778320312503
141.10771484375016 41.848046874999966
141.1509765625001 41.80507812500002
141.0787109375001 41.75981445312502
140.9995117187501 41.73740234374998
140.90751953125005 41.743261718750034
140.8164062500001 41.760400390624966
140.65986328125 41.81557617187502
140.59296875000018 41.76855468750003
140.48916015624997 41.67216796875002
140.431640625 41.5673828125
140.38496093750007 41.51928710937497
140.2701171875002 41.456005859374955
140.14863281250007 41.42324218750002
140.08515625000018 41.43408203125
140.03662109374994 41.47377929687502
140.00917968749997 41.521337890625034
139.99531250000018 41.57641601562497
140.02128906250016 41.695751953124955
140.08417968750018 41.80322265625
140.1083984375001 41.912939453125034
140.05683593750018 42.06733398437498
140.02412109375018 42.099560546874955
139.8951171875002 42.190039062500006
139.8354492187501 42.278076171875
139.8208984375001 42.38759765625002
139.82851562500014 42.44814453125002
139.86015625 42.581738281249955
139.89111328125 42.649218750000045
139.95058593750014 42.67143554687502
140.01503906250002 42.68476562499998
140.11464843749997 42.73295898437496
140.22412109375 42.795507812500006
140.32861328124994 42.866845703124966
140.4322265625002 42.95410156249997
140.48642578125003 43.049902343750034
140.3974609375001 43.16733398437498
140.37929687499997 43.23710937499999
140.39238281250016 43.303125
140.48691406250003 43.33818359374996
140.58457031250003 43.31171875000001
140.78066406250014 43.21499023437502
140.81914062500016 43.20546875000002
140.95380859375007 43.20097656249999
141.13818359374994 43.17993164062497
141.24501953125014 43.18505859375003
141.29628906250002 43.19965820312498
141.37412109375003 43.279638671875034
141.4123046875 43.381494140624994
141.39833984375002 43.5125
141.39765625000007 43.64262695312499
141.4467773437501 43.748632812500006
141.6006835937502 43.91899414062499
141.6447265625 44.01943359375002
141.66083984375 44.263623046874955
141.71630859374994 44.371191406250006
141.76093750000018 44.482519531250034
141.78222656249994 44.71635742187499
141.71904296875016 44.94106445312502
141.65576171874994 45.05122070312501
141.5830078125 45.15595703125001
141.5937500000001 45.25595703124998
141.6525390625 45.34863281250003
141.65400390625007 45.376562500000034
141.66796874999994 45.401269531249994
141.778125 45.418896484374955
141.82949218750002 45.43876953124999
141.8787109375 45.483300781249994
141.9376953125 45.50952148437503
141.98085937500014 45.483496093750034
142.01640625000016 45.43793945312501
142.17158203125018 45.325634765624955
142.41601562499994 45.125
142.7041015625001 44.81918945312498
142.88476562499994 44.67011718749998
143.07509765625002 44.53491210937497
143.28857421875 44.396630859374966
143.5119140625 44.277539062499955
143.65458984375005 44.22133789062505
143.75908203125 44.13164062499996
143.8243164062501 44.11699218750002

