38.997070312500114 32.007470703124966
38.962304687500136 31.99492187499999
38.769628906250034 31.946484374999983
38.375488281250114 31.84746093749999
38.111425781250034 31.781152343749966
37.77382812500002 31.696337890625017
37.49335937500018 31.62587890625005
37.215625 31.55610351562504
36.958593750000034 31.491503906250017
37.105273437500045 31.355175781249955
37.32949218750008 31.146826171875063
37.47900390625 31.007763671874983
37.65546875000007 30.828955078125034
37.812988281250114 30.669287109375034
37.980078125000034 30.5
37.862890625000034 30.44262695312503
37.669726562500045 30.34814453124997
37.64990234375 30.330957031250023
37.63359375000016 30.31328125
37.55361328125002 30.14458007812499
37.49072265625 30.01171875
37.46923828125006 29.995068359374983
37.19941406250007 29.9462890625
36.9270507812501 29.897070312500006
36.75527343750008 29.86601562499999
36.70390624999999 29.831640625
36.591796875 29.666113281250034
36.47607421875006 29.4951171875
36.282812500000034 29.35537109375005
36.068457031250034 29.200537109375034
36.0154296875001 29.190478515625017
35.860351562500114 29.214257812499994
35.595312500000034 29.2548828125
35.339160156250045 29.294091796874994
35.16376953125001 29.32094726562505
34.95078125000009 29.35351562500003
34.98222656249999 29.484472656250063
34.97343749999999 29.555029296875034
35.02392578125006 29.787060546874983
35.05341796875001 29.896923828124983
35.06816406249999 29.977880859375034
35.14160156250006 30.141699218750006
35.13261718749999 30.1953125
35.14814453125007 30.38432617187496
35.140625 30.420898437500057
35.17402343750007 30.52392578125
35.236621093750045 30.673486328124994
35.2978515625 30.80224609375003
35.32011718749999 30.860205078125006
35.38300781250001 30.982275390625006
35.439257812500045 31.132421875000063
35.40966796875006 31.214453124999977
35.40068359374999 31.23051757812496
35.42353515625001 31.324853515624994
35.42285156250006 31.32539062500001
35.45058593750002 31.479296875000017
35.465429687500034 31.562353515624977
35.499414062500136 31.67236328125
35.55898437500008 31.765527343749994
35.53144531250007 31.98491210937499
35.534765625000034 32.10302734375
35.5720703125001 32.237890625000034
35.55146484375007 32.39550781249997
35.56904296875001 32.61987304687503
35.572851562500034 32.64086914062506
35.594531250000045 32.66801757812499
35.61123046875008 32.68208007812501
35.734472656250034 32.72890625000005
35.78730468750007 32.73491210937502
35.89472656250001 32.713769531249994
35.95644531250002 32.66669921874998
36.05947265625008 32.533789062500006
36.21972656250006 32.49511718750003
36.284277343750034 32.45747070312498
36.3720703125 32.38691406250001
36.47919921875007 32.36132812500003
36.81835937500006 32.31728515625002
37.088964843750034 32.46552734375004
37.31757812500007 32.59077148437498
37.57744140624999 32.733056640624994
37.75410156250001 32.829833984375
38.05576171875009 32.99487304687506
38.25429687500002 33.09921875
38.515625 33.23662109375002
38.773535156250034 33.37221679687502
38.845019531250045 33.15087890625003
38.914843750000045 32.934667968750034
38.98740234375009 32.71069335937497
39.05781250000001 32.49316406249997
38.98164062500007 32.47255859375005
39.04140625000008 32.30566406249997
39.14003906250008 32.33120117187502
39.24746093750002 32.350976562499966
39.292773437500045 32.24384765624998
39.14541015625002 32.12451171875003

