50.148730468750045 44.82646484374996
50.09531250000009 44.83061523437499
49.9951171875 44.93696289062498
50.02304687500009 45.04472656250002
50.059375 45.066796874999966
50.109863281250114 45.08193359375005
50.116601562500136 45.05825195312502
50.04531250000002 45.01000976562503
50.038867187500045 44.949121093749994
50.098144531250114 44.88154296874998
50.184472656250136 44.854638671874994

50.27724609375002 44.958593750000034
50.25615234375016 45.02241210937498
50.29492187499994 45.07592773437497
50.349707031250034 45.0830078125
50.33085937499999 44.9984375
50.31171875000018 44.97207031250005

52.66484375000016 45.40131835937501
52.59833984375018 45.428173828124955
52.55429687500009 45.47397460937498
52.608886718750114 45.52802734374998
52.659570312500136 45.51806640624997
52.692968750000034 45.46074218750002
52.68242187499999 45.41181640625001

59.25664062499999 45.67207031250001
59.298925781250034 45.655908203124994
59.32314453125002 45.62797851562499
59.32929687500001 45.58823242187498
59.34794921874999 45.568994140624966
59.37890625 45.570263671874955
59.39257812500006 45.53798828125005
59.38886718750001 45.47216796875006
59.40498046875001 45.39399414062501
59.441015625000034 45.30336914062502
59.45468750000009 45.22700195312501
59.44599609375001 45.164941406249994
59.434514017608365 45.14296738761277
59.35957031250018 45.17861328125002
59.22148437499999 45.24443359375002
59.083398437500136 45.310205078124994
58.94511718749999 45.3759765625
58.807031250000136 45.44179687499999
58.74845301683456 45.46969817629915
58.76015625000008 45.489550781250045
58.822851562500034 45.549169921875006
58.91093749999999 45.60502929687502
58.960546875000034 45.668310546875034
58.971875 45.73911132812498
58.99042968750001 45.77695312500006
59.01650390625008 45.78193359375001
59.028906250000034 45.76323242187502
59.027636718750045 45.72109375000005
59.03574218750009 45.69746093750004
59.053125 45.692529296874994
59.074804687500034 45.72109375000005
59.10097656250008 45.78315429687498
59.12949218750009 45.804833984374966
59.16044921874999 45.786230468750006
59.220703125 45.70429687500001

70.18242187500016 55.16245117187498
70.29335937500014 55.18359375000003
70.37148437500014 55.212255859375006
70.41718750000001 55.253173828125
70.486328125 55.282373046874994
70.73808593750005 55.30517578125
70.79033203124999 55.26113281250002
70.91015625000011 55.12797851562496
70.99179687500003 54.95048828124996
71.12626953125016 54.715039062499955
71.185546875 54.59931640625001
71.15917968750011 54.53862304687499
71.15976562500003 54.455419921875006
71.15214843749999 54.3640625
71.05273437500011 54.260498046875
71.09316406249997 54.21220703125002
71.33642578125 54.158349609374966
71.67714843750014 54.17802734374999
71.88740234375007 54.221484375000045
72.00449218750003 54.205664062500006
72.065625 54.23164062499998
72.10537109375014 54.30844726562498
72.18603515624994 54.32563476562504
72.26914062500003 54.272119140624966
72.32949218749997 54.18144531249996
72.38730468750003 54.12304687499997
72.38300781250001 54.053662109374955
72.40429687500011 53.96445312499998
72.44677734374994 53.94184570312501
72.53027343750011 53.97578124999998
72.5859375 53.995947265625006
72.59921875000003 54.023046875000034
72.57558593750002 54.056494140625006
72.56425781249999 54.09042968749998
72.58271484375007 54.12158203125003
72.62226562500001 54.13432617187496
72.74101562500016 54.12451171875
72.91406249999994 54.107324218749966
73.11933593750001 53.98076171875002
73.22988281249997 53.9578125
73.27656250000018 53.95561523437496
73.38066406250016 53.96284179687501
73.50566406250016 53.99931640624999
73.58994140625009 54.04497070312496
73.61796874999999 54.0673828125
73.66640625000002 54.0634765625
73.71240234375 54.042382812499966
73.71552734375018 53.99619140624998
73.67890625000018 53.92944335937506
73.55419921875 53.86831054687502
73.3994140625 53.81147460937498
73.3056640625 53.70722656249998
73.28574218750009 53.59838867187503
73.32685546875001 53.543164062499955
73.36191406250009 53.50620117187498
73.37187500000016 53.45439453124999
73.40693359375018 53.44755859375002
73.46992187500007 53.46889648437502
73.64296875000014 53.576269531250034
73.73115234375007 53.60278320312503
73.85898437500009 53.619726562500006
74.06865234375016 53.611425781250006
74.20996093750011 53.57646484374999
74.27734374999994 53.52773437500002
74.3515625 53.487646484375006
74.40273437500002 53.50444335937496
74.42929687500009 53.55073242187498
74.43046875000016 53.603710937499955
74.45195312499999 53.64726562500002
74.68144531250005 53.75439453125
74.83417968750018 53.82568359375006
74.88681640625003 53.83403320312496
74.98896484375018 53.819238281249966
75.05214843749997 53.82670898437499
75.22021484375011 53.89379882812497
75.37705078125009 53.970117187499994
75.39238281249999 54.02172851562503
75.39814453125001 54.068505859374966
75.43720703125018 54.08964843749999
75.65683593750009 54.10600585937496
75.69287109374994 54.11479492187496
75.88066406250005 54.16796874999997
76.14052734375014 54.25854492187503
76.26660156249994 54.31196289062498
76.49648437499997 54.33569335937503
76.53916015625003 54.35107421874997
76.61552734375016 54.38710937500002
76.759375 54.436865234375034
76.83730468750014 54.4423828125
76.78896484375014 54.321875
76.70302734375014 54.182470703125006
76.65458984375005 54.14526367187497
76.42167968749999 54.151513671874994
76.42207031250018 54.11352539062497
76.45859375000009 54.055273437500006
76.48476562499997 54.022558593750006
76.51308593749997 53.99321289062499
76.57568359374994 53.942529296874966
76.82070312500014 53.822656249999966
77.13242187500003 53.67011718749998
77.46923828125011 53.49877929687497
77.70439453125005 53.37915039062503
77.7994140625002 53.31743164062499
77.8599609375002 53.269189453124994
78.03349609375005 53.09497070312503
78.19804687500016 52.92968750000003
78.47548828125002 52.63842773437503
78.72148437500005 52.35703124999998
78.99208984375002 52.04741210937496
79.14873046875005 51.86811523437504
79.46884765625003 51.49311523437501
79.55429687500003 51.37797851562502
79.71640625000003 51.160009765625006
79.85966796874999 50.95546875
79.98623046875014 50.774560546874994
80.06591796875011 50.75820312500005
80.07207031250005 50.807275390624994
80.08632812500002 50.839990234374994
80.12724609375016 50.85834960937501
80.22021484375011 50.911767578124966
80.27041015625014 50.92460937500002
80.34521484375 50.919091796874966
80.42363281250016 50.9462890625
80.4522460937502 50.99760742187496
80.43359374999994 51.09262695312506
80.42148437500009 51.136376953124994
80.44804687500016 51.18334960937497
80.49101562500005 51.20175781249998
80.55068359375002 51.21660156249999
80.60546875 51.224218750000034
80.6504882812502 51.27734375000003
80.73525390625014 51.29340820312501
80.8130859375002 51.283496093750045
80.87734375000014 51.28144531249998
80.93408203124994 51.242773437500006
80.96562500000016 51.189794921875034
81.02675781250002 51.185693359374994
81.12724609375016 51.19106445312502
81.14101562500002 51.146582031250034
81.11240234375003 51.072363281250006
81.07753906250014 51.014941406250045
81.07148437500007 50.96875
81.12460937500003 50.9462890625
81.31914062500016 50.96640625
81.3882812500002 50.95649414062504
81.41015624999994 50.909765625
81.43769531250007 50.87104492187504
81.45156250000014 50.82368164062498
81.43144531250005 50.77114257812502
81.46591796875003 50.739843750000034
81.63388671875009 50.73911132812498
81.75205078125009 50.76440429687497
81.9336914062502 50.76635742187503
82.09804687500014 50.710839843749994
82.21191406249994 50.719433593749955
82.32636718750018 50.74189453125001
82.49394531250016 50.72758789062502
82.61171875000014 50.771484375
82.6929687500002 50.826318359374966
82.71855468750016 50.86948242187498
82.76083984375003 50.89335937499996
82.91904296875003 50.89311523437499
83.01923828125001 50.89726562499996
83.09277343750011 50.960595703124966
83.16025390625009 50.98920898437504
83.27373046874999 50.99458007812498
83.35732421874997 50.99458007812498
83.58144531250002 50.93574218749998
83.71777343749994 50.88715820312501
83.85976562500014 50.818017578124966
83.94511718749999 50.77465820312503
84.00234375000014 50.67685546874998
84.09931640625018 50.60473632812503
84.17597656250007 50.520556640625045
84.19453125000001 50.43745117187498
84.25781250000011 50.28823242187505
84.32324218749994 50.239160156249994
84.40097656250009 50.239160156249994
84.49902343749994 50.21875
84.60732421875002 50.20239257812497
84.8389648437502 50.09130859374997
84.92402343750007 50.087988281250006
84.98945312500007 50.06142578125002
84.99970703125018 50.01030273437499
84.97519531250009 49.951074218749994
85.00078125000016 49.894140625000034
85.07646484374999 49.821630859375006
85.13652343749999 49.75073242187497
85.21015625000018 49.66484375
85.23261718750001 49.615820312500006
85.29189453125014 49.59946289062506
85.37158203125011 49.623925781249966
85.49843750000002 49.60537109375002
85.8804687500002 49.55654296875002
85.93359375000011 49.55043945312502
85.97441406250016 49.49931640624999
86.02958984375005 49.50341796875003
86.09296875000018 49.50546875
86.18085937500001 49.49931640624999
86.24218750000011 49.54633789062498
86.29238281250002 49.5875
86.41796875000011 49.63847656250002
86.52226562500016 49.707763671875
86.61015624999999 49.76914062499998
86.67548828125018 49.777294921874955
86.72871093750018 49.748681640624994
86.73066406250007 49.695556640625
86.66533203125016 49.65668945312498
86.61425781249994 49.609716796875006
86.62646484374994 49.56269531250001
86.71435546875011 49.55859374999997
86.8121093750002 49.48789062499998
86.95292968750005 49.32207031250002
87.00097656249994 49.287304687499955
87.07060546875005 49.254589843749955
87.14804687500009 49.23979492187496
87.23369140625005 49.216162109375034
87.29687500000011 49.14765625000001
87.32285156250009 49.085791015625034
87.22998046875 49.10585937500002
87.04853515625007 49.10991210937496
86.93798828125011 49.09755859375002
86.88593750000007 49.09057617187503
86.80830078125007 49.049707031249966
86.75312500000018 49.00883789062499
86.72861328125009 48.93935546875005
86.7578125 48.86074218750002
86.71796875000001 48.697167968749994
86.66376953125018 48.63554687499996
86.54941406250009 48.52861328125002
86.48330078125002 48.50537109375
86.37255859375011 48.486230468749994
86.265625 48.454541015624955
86.05615234375011 48.423730468749966
85.82988281250005 48.40805664062498
85.74941406249997 48.38505859374999
85.69218750000016 48.31181640624999
85.65156250000001 48.25053710937496
85.62636718750014 48.204003906249966
85.56230468750016 48.05185546874998
85.5259765625002 47.915625
85.5616210937502 47.74648437500002
85.58828125000002 47.558496093749994
85.58662109375001 47.49365234375003
85.64179687500018 47.397412109374955
85.66982421875002 47.33837890625003
85.65664062500002 47.254638671875
85.57724609375009 47.18847656250003
85.52968749999997 47.10078125000001
85.48476562499997 47.06352539062499
85.35537109374997 47.046728515625006
85.2334960937502 47.03637695312503
85.11054687500001 46.96123046875002
85.01220703125 46.90922851562499
84.85820312500016 46.84316406250002
84.78613281250011 46.830712890624966
84.74599609375002 46.86435546874998
84.71953125000005 46.939355468749994
84.6666015625002 46.972363281249955
84.59228515624994 46.97495117187506
84.53242187500001 46.975781249999955
84.33886718750011 46.99614257812502
84.21513671875016 46.994726562500006
84.12207031250011 46.978613281250006
84.01601562499997 46.970507812500045
83.8326171875002 46.99785156250002
83.71396484375009 47.02104492187502
83.63408203125016 47.043212890625
83.44355468750007 47.10864257812503
83.19306640625018 47.18657226562499
83.09033203124994 47.209375
83.02949218750018 47.185937499999966
83.0201171875002 47.141455078125034
83.00410156250007 47.03349609374999
82.97490234375016 46.96601562500001
82.8 46.624462890624955
82.69218750000005 46.38666992187501
82.55507812499997 46.15869140625003
82.51171875000011 46.005810546874955
82.42968750000011 45.811914062499994
82.34814453125011 45.671533203124994
82.31523437500016 45.59492187500001
82.31220703125007 45.56372070312497
82.32666015625 45.51992187499999
82.45166015624994 45.47197265625002
82.58251953124994 45.44257812499998
82.61162109375005 45.42426757812498
82.62578125000016 45.37441406250002
82.62109375000011 45.293115234374994
82.59697265625016 45.215966796874994
82.55898437499997 45.155419921874994
82.52148437499994 45.12548828125003
82.47871093750007 45.12358398437499
82.39667968750001 45.162451171875006
82.32343750000001 45.20585937499996
82.26660156250011 45.219091796875006
82.12275390625018 45.19487304687496
81.9892578125 45.16186523437497
81.9449218750002 45.160839843749955
81.86748046875016 45.18208007812501
81.7896484375002 45.22602539062498
81.75888671875003 45.31083984374996
81.6919921875002 45.349365234375
81.60205078125 45.31083984374996
81.33476562500016 45.246191406250006
81.04033203125005 45.169140624999955
80.85332031250005 45.12929687499999
80.78007812500005 45.13554687499996
80.63476562500011 45.12651367187496
80.50917968749997 45.10498046875003
80.41494140624997 45.075097656249966
80.22822265625007 45.03398437499996
80.05917968750009 45.006445312500034
79.9501953125 44.94409179687503
79.871875 44.8837890625
79.87529296874999 44.86083984375003
79.93212890625011 44.82519531249997
79.99716796875003 44.797216796875034
80.12783203125002 44.803759765625045
80.25507812500018 44.80810546875003
80.36083984374994 44.7703125
80.45546874999997 44.74609375
80.48154296875003 44.71464843749999
80.45546874999997 44.68408203125
80.40058593750018 44.67690429687502
80.38144531250009 44.65541992187502
80.39101562499997 44.626806640625034
80.35507812500003 44.552001953125
80.33632812500014 44.43837890625002
80.35488281250002 44.32651367187498
80.36533203125009 44.223291015624994
80.3589843750002 44.171289062499966
80.35527343750016 44.09726562499998
80.39580078125016 44.04716796874999
80.43154296874997 43.951757812500006
80.49599609374997 43.89208984375003
80.59345703125001 43.68510742187496
80.65078124999997 43.56416015625001
80.70380859375001 43.42705078124996
80.66542968750014 43.352978515624955
80.66777343750016 43.31005859375003
80.72978515624999 43.274267578125006
80.75703125000001 43.20434570312497
80.7857421875002 43.161572265624955
80.77773437499997 43.11894531249999
80.75117187500018 43.10249023437501
80.61699218750005 43.128271484375006
80.50703125000018 43.08579101562498
80.3902343750002 43.043115234374994
80.37451171875011 43.020410156249994
80.37128906250007 42.99560546875
80.3833984375002 42.973779296874994
80.45068359375 42.935546875
80.54375 42.911718750000034
80.53896484375014 42.87348632812498
80.42402343750007 42.85576171875002
80.25029296874999 42.79726562499999
80.20224609375009 42.734472656250006
80.16503906249994 42.66552734374997
80.16191406250005 42.62553710937502
80.1792968750002 42.51835937500002
80.20576171875018 42.39941406250003
80.25507812500018 42.274169921875
80.25908203125005 42.23540039062502
80.23300781250003 42.20781249999999
80.20937500000014 42.190039062500006
80.07128906250006 42.30297851562503
79.92109375000007 42.41313476562499
79.80341796875007 42.4384765625
79.5984375000001 42.45664062500006
79.49013671875014 42.45756835937499
79.42822265625006 42.483496093750034
79.36777343750009 42.547216796875034
79.2955078125002 42.60483398437506
79.20302734375008 42.666015625
79.16484375000005 42.75903320312503
79.12666015625018 42.77573242187506
79.05986328125016 42.76381835937502
78.94794921875018 42.76669921874998
78.88515625000008 42.77490234374997
78.79150390625011 42.79082031250002
78.64228515625007 42.828710937500006
78.5242187500001 42.86464843750005
78.3759765625 42.87148437500002
78.29003906250006 42.86435546874998
78.02314453125007 42.857519531250006
77.80166015625014 42.895214843749955
77.62246093750014 42.902246093749966
77.51220703125006 42.900048828124966
77.45927734374999 42.904736328124955
77.36855468750002 42.904443359374994
77.23554687500007 42.91264648437496
77.05732421875001 42.97065429687498
76.98808593750005 42.97358398437504
76.94404296875001 42.97148437499996
76.646484375 42.92880859374998
76.50917968750008 42.91889648437498
76.21816406250014 42.923730468749994
75.93222656250003 42.92851562499999
75.84033203125006 42.9375
75.78955078125011 42.93291015625002
75.68173828125009 42.83046875000002
75.63564453125002 42.814599609374966
75.36621093750011 42.83696289062499
75.04765625000005 42.90439453124998
74.81757812500007 42.978173828124994
74.62226562500007 43.05620117187499
74.36386718750009 43.17944335937506
74.20908203125009 43.24038085937502
74.18681640624999 43.20527343749998
74.14589843750002 43.19409179687503
74.08623046874999 43.188623046874966
73.94921875 43.19501953125004
73.88603515624999 43.132568359375
73.71855468750005 43.08789062500006
73.61201171875001 43.04790039062499
73.55625 43.002783203125034
73.45019531250011 42.703027343749994
73.42187500000011 42.59350585937506
73.49296875000005 42.409033203125034
73.41162109375 42.419775390625006
73.31601562500003 42.46699218750004
73.28291015625007 42.504101562499955
73.19082031250014 42.52685546874997
72.85507812500003 42.561132812500034
72.79238281250014 42.603466796874955
72.7529296875 42.63789062500004
72.66611328125009 42.660400390625
72.54316406250018 42.67773437499997
72.27578125000014 42.757666015625006
72.16181640625007 42.76069335937501
71.81679687500008 42.822167968749994
71.76054687500005 42.821484374999955
71.73476562500014 42.81889648437496
71.60078125000001 42.778662109375034
71.51425781250003 42.766943359375034
71.42207031250001 42.783154296874955
71.25664062500005 42.733544921874994
71.16738281250002 42.66743164062501
71.09355468750005 42.58652343750006
71.02275390625005 42.535449218750045
71.00195312500006 42.459082031250034
70.95234375000018 42.41938476562501
70.89287109375005 42.339990234374994
70.89287109375005 42.293701171875
70.94677734375011 42.248681640624966
70.8603515625 42.207226562499955
70.76455078125002 42.19418945312498
70.71523437499997 42.16865234375001
70.6625 42.10747070312499
70.61328125000011 42.05473632812499
70.58427734375016 42.036035156249994
70.54013671875003 42.039453124999966
70.48906249999999 42.080273437499955
70.41601562499994 42.078564453124955
70.32890625000016 42.02797851562502
70.22587890625005 41.945996093749955
70.09560546874997 41.820507812499955
69.95996093749994 41.754052734374994
69.78808593750011 41.69731445312499
69.66386718750005 41.672119140625
69.56513671875018 41.62905273437502
69.40097656250003 41.54189453125005
69.36835937500007 41.49057617187498
69.24931640625005 41.46025390625002
69.15361328124999 41.42524414062498
69.06494140624994 41.366943359375
69.04345703125011 41.26411132812501
68.98691406250003 41.20502929687498
68.85117187500003 41.12382812499996
68.73710937500016 41.041894531249966
68.66279296875018 40.961523437500006
68.58408203125003 40.87626953124996
68.55927734375007 40.82929687499998
68.55654296875014 40.76513671874997
68.59365234375014 40.711279296875006
68.60068359375003 40.65996093749996
68.57265625000014 40.62265625
68.49570312500009 40.60864257812497
68.4150390625 40.61943359374996
68.29189453125014 40.65610351562498
68.16025390625003 40.721777343750034
68.11230468749994 40.75405273437502
68.04765624999999 40.80927734375001
68.05703125000014 40.86059570312497
68.09033203125011 40.96025390625002
68.11308593750005 41.02861328125002
68.059375 41.061279296875
68.01972656250018 41.09624023437502
67.99140625000018 41.130029296874966
67.93574218750001 41.196582031250045
67.86572265625 41.180273437500006
67.80507812499997 41.163916015625034
67.73505859375018 41.187255859375
67.52802734375001 41.177148437499994
67.37158203125011 41.169531250000034
67.225 41.162353515625
67.03867187500009 41.1533203125
66.81425781249999 41.14238281250002
66.74980468749999 41.15708007812498
66.70966796875018 41.179150390624955
66.66865234375018 41.27075195312506
66.64531250000016 41.3486328125
66.60166015625003 41.49433593750004
66.57255859375016 41.60698242187499
66.53789062499999 41.74125976562499
66.51503906249997 41.88940429687497
66.49863281250009 41.99487304687503
66.32880859375007 41.99833984374996
66.19316406250005 42.001123046874994
66.00957031250005 42.00488281250003
66.01123046875011 42.088769531249994
66.01318359374994 42.19448242187502
66.01552734374997 42.314794921875034
66.04980468749994 42.47275390624998
66.06269531250018 42.605175781249955
66.07851562500014 42.76665039062499
66.08886718750011 42.87338867187506
66.10029296875001 42.990820312500006
66.00566406250005 42.95458984374997
65.90107421875001 42.91450195312498
65.80302734375016 42.87695312499997
65.73564453124999 42.97211914062501
65.67021484375016 43.06459960937502
65.57070312500014 43.20517578124998
65.49619140625003 43.31054687500003
65.36650390625005 43.37202148437504
65.27050781250011 43.41752929687496
65.17089843749994 43.49418945312496
65.08486328125002 43.57368164062498
65.003125 43.649072265624994
64.90546875000007 43.714697265625034
64.81181640625016 43.69394531249998
64.70605468750011 43.652978515624966
64.60410156250003 43.61347656250001
64.49609375 43.571630859375006
64.44316406250005 43.55117187500002
64.31816406250016 43.558935546875006
64.20878906250016 43.56572265624996
64.01328125000003 43.577832031249955
63.84814453124994 43.588134765625
63.679687500000114 43.5986328125
63.444824218750114 43.613232421874955
63.20703125 43.62797851562496
63.047656250000045 43.60849609374998
62.846191406250114 43.58388671875002
62.63447265625007 43.558007812499994
62.459375 43.53662109375
62.23789062500009 43.50957031249999
62.07197265625001 43.489355468750034
61.990234375 43.49213867187498
61.887597656250136 43.577246093750006
61.723242187500034 43.71357421874998
61.62363281250009 43.79619140625002
61.52587890625 43.877197265625
61.38505859375016 43.99394531249999
61.271484375000114 44.08227539062503
61.160742187500034 44.168603515624966
61.09707031250002 44.24824218750001
61.065332031250136 44.348388671875
61.007910156250034 44.393798828125
60.879199218750045 44.45507812499997
60.741113281249966 44.520849609375034
60.602929687499966 44.58662109375004
60.464746093749966 44.652441406250034
60.326660156250114 44.71821289062501
60.188476562500114 44.78398437499999
60.055313028753176 44.84736645272335
60.06328124999999 45.20190429687497
60.07763671875 45.31049804687498
60.06855468750001 45.416894531249966
60.03623046875009 45.52119140625001
60.000292968750045 45.57768554687496
59.960546875000034 45.58642578124997
59.76894531250008 45.57939453124996
59.74492187499999 45.59101562500001
59.73388671875006 45.61884765625001
59.73574218750008 45.66289062499999
59.74726562500001 45.696142578125034
59.76865234375009 45.71855468749996
59.78212890625008 45.764257812500034
59.79267578125001 45.77788085937499
59.80595703124999 45.784521484375006
59.818359375 45.79584960937501
59.823339843750034 45.83496093749997
59.84199218750001 45.85791015625003
59.841601562500045 45.869726562500034
59.83261718750009 45.88588867187505
59.82929687500001 45.90229492187501
59.847265625000034 45.914697265624966
59.882617187500045 45.92060546875001
59.935351562500045 45.91997070312496
60.316015625000034 45.863232421874955
60.41689453125008 45.84829101562502
60.45693359375008 45.871923828125034
60.502539062500034 45.926806640625045
60.57021484375008 45.972021484375006
60.65966796875 46.00747070312502
60.7294921875 46.05083007812499
60.77949218750007 46.10214843750006
60.835058593750034 46.131787109374955
60.87792968750006 46.13735351562502
61.13046875000009 46.229833984375034
61.17744140625007 46.23046875
61.223242187500034 46.27001953124997
61.26777343750007 46.34848632812506
61.281542968750045 46.407275390625045
61.26445312499999 46.44648437500004
61.22792968750002 46.46284179687498
61.171679687500045 46.45654296875003
61.07509765625008 46.46552734375001
60.938085937500034 46.48984374999998
60.84619140625006 46.52436523437501
60.799414062500034 46.56899414062502
60.78310546875008 46.632666015625034
60.79726562500002 46.71547851562502
60.74394531249999 46.764990234375006
60.623046875 46.781298828125045
60.57021484375008 46.77788085937496
60.58515625000001 46.754785156249966
60.637792968750034 46.72080078125006
60.72802734375006 46.676025390625
60.725683593750034 46.62583007812498
60.651171875000045 46.589062499999955
60.6044921875 46.57807617187501
60.55458984375008 46.585644531249955
60.50117187500001 46.611767578124955
60.45957031250009 46.59282226562502
60.42968750000006 46.528906250000034
60.39628906249999 46.543066406250006
60.359375 46.63525390625003
60.31738281250006 46.68745117187501
60.2705078125 46.69970703125003
60.189062500000034 46.67680664062496
60.073046875000045 46.618798828124966
60.00917968750008 46.560644531250034
59.997656250000034 46.502392578124955
60.02070312500001 46.44941406250001
60.078710937500034 46.401757812499994
60.1728515625 46.38994140624996
60.30292968750007 46.41391601562498
60.395312500000045 46.40556640624996
60.449804687500034 46.36499023437503
60.54775390625002 46.32255859375002
60.58339843750008 46.32646484375002
60.607519531250034 46.349023437499994
60.683398437500045 46.38139648437502
60.69599609375001 46.40068359375002
60.71093750000006 46.40761718750002
60.728320312500045 46.40229492187501
60.749804687500045 46.35366210937505
60.822558593750045 46.2431640625
60.82412109375002 46.21342773437499
60.81191406250002 46.16865234375001
60.728320312500045 46.101269531249955
60.68496093750008 46.07841796875002
60.651171875000045 46.07104492187503
60.32353515624999 46.102783203125
60.237890625000034 46.099755859374994
60.16474609375007 46.10834960937498
60.10429687499999 46.12856445312502
60.02871093750008 46.12299804687504
59.86347656250007 46.07451171875002
59.80488281250001 46.07133789062499
59.78740234374999 46.08852539062502
59.81083984374999 46.126074218750034
59.81542968750006 46.18139648437503
59.80078125 46.25454101562502
59.778906250000034 46.30146484374998
59.74941406250008 46.322119140625006
59.69882812500009 46.33129882812503
59.576953125000045 46.33349609375003
59.548828125 46.34477539062502
59.53076171875006 46.34267578125002
59.52265625000007 46.32719726562499
59.57167968750002 46.258593750000045
59.67773437500006 46.13691406250004
59.70576171875007 46.022119140624994
59.65546875000007 45.914160156250034
59.62841796875006 45.83842773437496
59.62470703125001 45.79497070312499
59.59804687500008 45.77324218750002
59.54843750000009 45.77324218750002
59.49912109375009 45.75244140625003
59.45 45.710839843749994
59.42363281249999 45.70463867187499
59.419921875 45.733789062499966
59.40351562500007 45.749902343749966
59.374316406250045 45.75302734374998
59.35693359375006 45.735058593749955
59.35136718749999 45.695947265624994
59.31855468750007 45.694238281249994
59.25878906250006 45.72983398437506
59.23291015625 45.774804687499966
59.24101562499999 45.829150390625045
59.27148437500006 45.88232421875003
59.32392578125001 45.934375
59.334570312500034 45.97426757812502
59.30322265625006 46.002050781250006
59.25898437500001 46.00146484374997
59.20175781250009 45.97246093750002
59.14072265625009 45.95722656250001
59.07587890625001 45.955712890624966
58.98164062500007 45.974609375
58.95742187500002 45.96821289062504
58.95019531250006 45.94233398437501
58.92626953125 45.932275390624994
58.88544921875001 45.938183593749955
58.83388671875008 45.92578125
58.77158203125009 45.89501953125003
58.72070312500006 45.84765624999997
58.68125 45.78364257812501
58.6552734375 45.71572265625002
58.62792968750006 45.60024414062502
58.61132812500006 45.58471679687497
58.59036182976246 45.54061527930628
58.55527343750009 45.555371093749955
58.44941406250018 45.54291992187498
58.29111328125009 45.509423828124994
58.12519531250001 45.47436523437497
57.96103515625009 45.439697265625
57.66669921875007 45.37744140625003
57.477343750000045 45.33745117187496
57.32929687500018 45.30366210937501
57.171679687500045 45.267724609374966
56.96503906250001 45.220605468749966
56.79189453125002 45.181054687499994
56.58876953125002 45.13476562499997
56.409179687500114 45.09379882812496
56.257910156250034 45.05932617187497
56.10048828125002 45.02338867187501
55.97568359375009 44.99492187499999
55.97578125000018 44.76538085937503
55.975976562500136 44.53583984374998
55.97607421875 44.30629882812502
55.97617187500009 44.07675781249998
55.97626953125001 43.84721679687502
55.97636718750016 43.61762695312498
55.976464843749966 43.38808593750002
55.9765625 43.158593749999966
55.976660156250034 42.929052734375034
55.97675781250001 42.69951171874999
55.97685546875016 42.46997070312503
55.976953124999966 42.24042968749998
55.977050781250114 42.01088867187502
55.977148437500034 41.78134765624998
55.97734375000016 41.5517578125
55.97744140625002 41.322216796874955
55.934960937500136 41.324121093749994
55.83906250000007 41.31079101562503
55.678613281250136 41.27880859375
55.54521484375016 41.26274414062502
55.48701171875018 41.27226562499999
55.434375 41.296289062499994
55.38837890625018 41.34692382812503
55.319726562500136 41.40839843750001
55.249609375000034 41.458105468750034
55.16230468750001 41.560253906249955
55.10185546875016 41.63872070312496
54.95234375000007 41.810009765624955
54.931640625000114 41.86401367187503
54.90371093750002 41.919091796874966
54.85380859375016 41.965185546875034
54.67792968750001 42.07822265624998
54.47285156250018 42.18017578125006
54.271875 42.279980468749955
54.214941406250034 42.30419921875
54.120996093749966 42.335205078125
54.00517578124999 42.33588867187498
53.926367187500034 42.32978515624998
53.685351562500045 42.296875
53.50078124999999 42.258251953124955
53.25009765625009 42.20585937499996
53.05585937500007 42.14775390625002
53.0125 42.130712890625006
52.870507812500136 42.06059570312502
52.696875 41.94438476562496
52.49384765625001 41.780371093750034
52.46757812499999 41.885888671874966
52.458593750000034 42.04833984375
52.46210937500007 42.10063476562502
52.51718750000009 42.237158203125006
52.57324218749994 42.33085937500002
52.61835937500018 42.42822265625003
52.63847656249999 42.55566406249997
52.59658203125002 42.76015625
52.55 42.80546874999999
52.49394531250016 42.82026367187498
52.43427734375018 42.82446289062503
52.32441406250018 42.81616210937503
52.27304687500009 42.79980468749997
52.18369140625009 42.86875
52.07558593750002 42.87978515625002
52.018554687500114 42.86054687500001
51.96074218750016 42.85058593750003
51.898242187500045 42.86962890625
51.84414062500002 42.91044921874996
51.811035156250114 42.954443359375034
51.78515625 43.00434570312498
51.70039062500001 43.10405273437496
51.61601562500016 43.15844726562503
51.51406250000002 43.170507812500006
51.34785156250018 43.167382812499994
51.29541015624994 43.174121093750045
51.292382812500136 43.23071289062503
51.313378906249966 43.35566406249998
51.313867187499966 43.42084960937504
51.301757812500114 43.482373046874955
51.27412109375007 43.532910156249955
51.23896484375018 43.57670898437499
51.139648437500114 43.648779296875006
51.064843750000136 43.750146484374966
50.939843749999966 43.95854492187496
50.83076171875007 44.192773437499994
50.782617187500136 44.22802734374997
50.684960937500136 44.26508789062498
50.471777343750034 44.29477539062498
50.331152343750034 44.32548828125002
50.27558593750001 44.35512695312502
50.252539062500034 44.406494140625
50.252929687500114 44.461523437500034
50.264550781249966 44.526562499999955
50.297460937500034 44.58154296874997
50.409472656250045 44.6240234375
50.652441406250034 44.63334960937496
50.86035156249994 44.628759765625006
51.048828125 44.530468749999955
51.110742187499966 44.50781249999997
51.17714843750002 44.501367187499966
51.31074218750007 44.53242187500001
51.37666015625018 44.54121093750001
51.543554687500034 44.53100585937497
51.49375 44.577539062499966
51.431054687500136 44.601953124999966
51.36630859375009 44.59985351562497
51.31025390625007 44.61875
51.218164062500136 44.708984375
51.05791015625016 44.81157226562502
51.02070312500001 44.85400390624997
51.009375 44.92182617187501
51.040332031250045 44.980322265625034
51.153710937500136 45.04023437499998
51.24990234375002 45.12167968749998
51.294042968750034 45.22978515624996
51.333398437500136 45.27958984374999
51.41572265625001 45.357861328124955
51.539648437500034 45.342871093750006
51.73261718750001 45.39946289062499
52.048730468750136 45.388378906249955
52.42675781249994 45.40463867187498
52.53105468750016 45.39863281249998
52.771972656250114 45.34350585937503
52.910742187500034 45.319726562499994
53.078906250000045 45.307519531249994
53.20039062500018 45.33198242187501
53.08574218749999 45.407373046874994
52.8375 45.496728515624994
52.773828125000136 45.57275390625003
52.8875 45.77954101562497
53.04160156250009 45.96787109375006
53.13525390624994 46.191650390625
53.108984375000034 46.4140625
53.063964843750114 46.475292968749955
53.078515625000136 46.547460937500006
53.132421875000034 46.60834960937498
53.17021484375016 46.66904296874998
53.13750000000016 46.742041015625034
53.069433593750034 46.85605468749998
53.034570312499966 46.892919921875034
52.916015625 46.95439453124996
52.67763671875002 46.95712890624998
52.48320312499999 46.990673828124955
52.420312499999966 46.96367187499996
52.384863281250034 46.92211914062503
52.340332031250114 46.89477539062497
52.18876953125016 46.839501953124994
52.13828125000009 46.82861328125
52.08554687500009 46.839599609375
52.01113281250002 46.90190429687499
51.94511718750016 46.89487304687498
51.744531249999966 46.933740234374994
51.65009765625018 47.01806640625003
51.615234375000114 47.029931640624966
51.29082031249999 47.09731445312502
51.178027343750045 47.11015625
50.920019531250034 47.04067382812502
50.73271484375016 46.95166015625
50.67988281250007 46.93872070312503
50.58291015625002 46.88227539062501
50.528417968750034 46.87329101562503
50.472265625000034 46.882910156250034
50.41933593750002 46.87949218749998
50.30625 46.79492187499997
50.101562500000114 46.696435546874966
49.99980468750016 46.63427734375
49.886328125000034 46.595654296874955
49.76054687500016 46.57148437500001
49.63154296875018 46.56757812500001
49.584375 46.54521484374999
49.43720703125001 46.537255859374966
49.347460937500045 46.519140625
49.34423828125 46.48554687500001
49.36210937499999 46.41020507812502
49.28583984375018 46.43681640625002
49.20566406250009 46.38569335937498
49.23222656249999 46.33715820312497
49.18427734375018 46.348828124999955
48.958984375000114 46.44213867187503
48.774316406249966 46.50795898437502
48.61015624999999 46.56645507812496
48.58603515625009 46.57709960937501
48.54121093750018 46.60561523437502
48.509179687500136 46.64995117187502
48.502343749999966 46.698632812499966
48.518554687500114 46.734326171874955
48.558398437500045 46.75712890624999
48.60527343749999 46.76591796875002
48.64707031250009 46.758691406249966
48.69355468750001 46.73681640625003
48.77636718749994 46.710351562499966
48.883593750000045 46.705419921875034
48.950292968750034 46.72578125000001
48.959375 46.77460937500001
48.83183593750016 46.95493164062498
48.714355468750114 47.100488281249966
48.600683593750034 47.26230468749998
48.55253906249999 47.32099609375004
48.413085937500114 47.45649414062501
48.27568359374999 47.589941406250006
48.16699218749994 47.70878906249999
48.10996093750009 47.74541015624999
47.93466796875009 47.76069335937498
47.600195312500034 47.78999023437501
47.481933593750114 47.80390625000001
47.387304687500034 47.768652343750006
47.292382812500136 47.740917968749955
47.202050781250136 47.79248046874997
47.130761718749966 47.87675781250002
47.09326171875 47.94770507812498
47.11152343750007 48.020117187500006
47.119042968749966 48.12700195312502
47.06464843750018 48.23247070312499
47.004296874999966 48.28447265625002
46.853125 48.323583984375006
46.66093749999999 48.41225585937502
46.609179687500045 48.57387695312502
46.70263671875 48.805566406249966
46.852929687500136 48.969628906249994
46.96220703124999 49.03833007812503
47.014257812500034 49.09833984375001
47.03134765625009 49.15029296875002
47.018164062500034 49.19990234375001
46.95341796874999 49.252587890624994
46.852929687500136 49.303857421874966
46.80205078125016 49.367089843749966
46.82314453125002 49.50224609374996
46.889550781250136 49.69697265625001
46.991992187500045 49.852734374999955
47.12958984375018 49.939062500000034
47.248339843750045 50.00087890625002
47.29521484374999 50.058496093749966
47.29765625000016 50.140234375
47.29472656250016 50.21748046875001
47.32646484375016 50.27353515624998
47.37636718750002 50.318115234375
47.429199218750114 50.357958984375045
47.50361328125018 50.40273437500002
47.599609375000114 50.41357421875
47.70576171875007 50.37797851562502
47.84960937499994 50.28232421874998
48.06074218750018 50.093603515625006
48.18134765625007 49.97001953124996
48.22480468750001 49.93193359375002
48.3349609375 49.858251953125006
48.43427734375007 49.82851562499999
48.6 49.87470703124998
48.75898437500007 49.92832031249998
48.81025390625018 49.96240234375
48.84326171875 50.013134765624955
48.81796875000009 50.09985351562503
48.784765625000034 50.15644531250001
48.749414062500136 50.228466796874955
48.700488281250045 50.35375976562497
48.666015625000114 50.55034179687496
48.625097656250034 50.612695312499966
48.655175781250136 50.61987304687503
48.73476562500002 50.606884765624955
48.80839843750016 50.60131835937497
48.91376953125007 50.64458007812499
49.05869140625009 50.72607421874997
49.32343750000001 50.851708984374994
49.37949218750009 50.934667968750034
49.424609375000045 51.027001953124994
49.498046875 51.08359374999998
49.66630859375016 51.10229492187497
49.82226562499994 51.13188476562496
49.93232421875018 51.19716796875002
50.104882812499966 51.25458984375001
50.246875 51.28950195312501
50.30927734375007 51.32158203124999
50.35371093750001 51.369726562500006
50.51630859375001 51.505615234375
50.64394531250002 51.58916015624996
50.75615234375016 51.67514648437498
50.793945312500114 51.72919921874998
50.882421875000034 51.71918945312498
51.01787109375016 51.68164062499997
51.163476562499966 51.64746093750003
51.26992187500002 51.59448242187497
51.29072265625007 51.54018554687502
51.301074218750045 51.497412109375006
51.34453124999999 51.47534179687503
51.395996093750114 51.471289062500006
51.47343750000016 51.48203124999998
51.60908203125018 51.483984375000034
51.77539062499994 51.554248046875045
52.00712890624999 51.672705078125006
52.219140625000136 51.709375
52.331054687500114 51.681298828124994
52.42304687500018 51.59423828125
52.49619140625009 51.51215820312498
52.571191406249966 51.48164062499998
52.617773437500034 51.48076171874999
52.635156250000136 51.47954101562502
52.728125 51.49814453124998
52.73505859375007 51.497900390625006
52.82050781250007 51.494580078124955
52.90263671874999 51.46694335937502
53.038378906250045 51.46372070312498
53.22734375000016 51.484960937500034
53.24726562500007 51.49360351562504
53.33808593750018 51.482373046874955
53.448632812500136 51.44453124999998
53.53466796875 51.399560546874966
53.68808593750009 51.25180664062498
53.776464843750034 51.213720703125034
53.95683593749999 51.16118164062499
54.041503906250114 51.11518554687504
54.13974609375009 51.04077148437497
54.19111328125007 50.995703125000034
54.297851562500114 50.9140625
54.42148437500009 50.78032226562502
54.443359375000114 50.673925781250006
54.47148437500016 50.583789062500045
54.51738281249999 50.541162109374966
54.55527343750009 50.53579101562502
54.59619140625 50.55068359375005
54.636132812500136 50.59160156250002
54.65 50.66015624999997
54.63789062500001 50.78105468749999
54.60625000000016 50.87988281249997
54.565625 50.911279296874966
54.54609375000018 50.94604492187503
54.57294921875001 50.99023437499997
54.6416015625 51.01157226562498
54.72714843750009 50.99809570312499
54.86796874999999 50.941357421874955
55.01484375000018 50.86977539062502
55.195214843749966 50.74472656250006
55.361132812500045 50.66528320312503
55.54228515625016 50.60180664062497
55.68623046875018 50.582861328125034
55.79765625000016 50.60205078125003
55.929199218750114 50.65375976562498
56.049707031249966 50.713525390624994
56.104492187500114 50.776269531249994
56.143945312499966 50.844628906249966
56.325585937500136 50.93608398437496
56.49140625000018 51.01953125
56.566894531250114 51.004492187500034
56.620214843750034 50.98085937500002
56.79033203125016 51.03159179687506
56.84960937499994 51.045556640624966
57.011718750000114 51.06518554687497
57.17900390624999 51.036035156249966
57.312500000000114 50.94653320312503
57.44218750000016 50.88886718750001
57.55781250000018 50.89555664062496
57.653808593750114 50.925146484375034
57.71699218750018 50.98095703125003
57.76484375000018 51.046875
57.82890625000016 51.08901367187502
57.83886718749994 51.091650390625034
58.04511718750007 51.06884765625
58.17470703125002 51.072265625
58.18847656249994 51.081738281249955
58.35917968749999 51.063818359375034
58.54746093750009 50.97104492187498
58.66455078124994 50.868310546874994
58.814062500000034 50.73720703125002
58.88369140625002 50.694433593750006
58.984863281250114 50.676123046875006
59.064355468750136 50.668212890625
59.170898437500114 50.647900390624955
59.45234375000007 50.620410156250045
59.49511718749994 50.60429687499996
59.52392578125 50.58281250000002
59.49785156249999 50.51108398437498
59.52304687500009 50.49287109374998
59.75117187500018 50.5439453125
59.812402343750136 50.58203125000003
59.887792968750034 50.69018554687503
59.95517578125009 50.79926757812498
60.005273437499966 50.839697265625034
60.058593750000114 50.85029296874998
60.11210937500016 50.83417968749998
60.18671875000018 50.769775390625
60.28808593749994 50.70415039062496
60.424804687500114 50.67915039062501
60.50849609375018 50.66918945312503
60.63798828124999 50.663720703124966
60.94228515625002 50.69550781249998
61.22685546875016 50.774804687499966
61.38945312500016 50.86103515625004
61.46503906250001 50.99023437499997
61.512207031250114 51.137011718750045
61.585058593750034 51.22968749999998
61.5546875 51.324609374999966
61.41132812500018 51.414746093749955
61.363085937500045 51.44189453124997
61.01484375000007 51.492382812499955
60.99335937500001 51.528710937499994
60.973535156249966 51.53706054687501
60.63037109374994 51.61694335937503
60.464746093749966 51.65117187499999
60.418359375000136 51.70390625
60.38750000000016 51.77299804687502
60.28037109375009 51.834619140624966
60.067480468750034 51.890625
60.030273437500114 51.933251953124966
60.06552734375009 51.976464843749994
60.23369140625016 52.024511718750006
60.42548828125007 52.125585937500006
60.49931640624999 52.146337890625034
60.670312500000136 52.15083007812498
60.82841796874999 52.23339843750003
60.937597656250034 52.280566406250045
60.99453125000002 52.336865234374955
60.97949218749994 52.39477539062503
60.82128906249994 52.56982421875
60.774414062500114 52.67578125
60.80234375000009 52.744726562500006
60.89326171875007 52.819433593750034
60.944726562499966 52.86015624999999
61.00654296875007 52.93334960937497
61.047460937500034 52.97246093749996
61.20693359375002 52.9890625
61.400781249999966 52.99599609375005
61.533593750000136 52.97851562500003
61.719335937500034 52.96938476562502
61.888574218749966 52.955908203125034
61.97421875000009 52.94375
62.037109375000114 52.96611328124999
62.08271484375018 53.00541992187502
62.081054687500114 53.05742187500002
62.0146484375 53.10786132812501
61.76621093750009 53.17392578125006
61.65986328125018 53.22846679687498
61.576171875000114 53.22246093749999
61.436816406250045 53.239404296874966
61.310937499999966 53.27519531249999
61.19921874999994 53.28715820312502
61.16279296875018 53.336767578125006
61.18593750000002 53.40620117187504
61.228906250000136 53.445898437500034
61.311621093750034 53.465722656249994
61.400976562500034 53.455810546875
61.498535156250114 53.48466796875002
61.52656250000001 53.5015625
61.53496093750016 53.523291015625006
61.519140625000034 53.55449218749996
61.474121093750114 53.580273437499955
61.40996093750016 53.58706054687502
61.33613281250007 53.565185546875
61.247949218750136 53.550976562499955
61.098535156250136 53.583105468750006
60.97949218749994 53.621728515624966
60.98554687500001 53.657421874999955
61.07353515624999 53.71044921875003
61.11318359375002 53.75346679687499
61.11318359375002 53.81298828125003
61.11318359375002 53.882470703124994
61.14375 53.963818359374955
61.231054687500034 54.01948242187501
61.33369140625018 54.049267578124955
61.59814453124994 53.99492187499999
61.9287109375 53.946484374999955
61.985644531250045 53.95439453124999
62.002343750000136 53.97993164062504
62.04023437500007 54.002636718749955
62.4990234375 54.01318359374997
62.588281250000136 54.04443359375003
62.632714843750136 54.06928710937504
63.07392578125007 54.10522460937497
63.126562500000034 54.13925781249998
63.191308593749966 54.171044921874966
63.29267578125001 54.170458984375045
63.41367187500009 54.18320312500006
63.582031250000114 54.22192382812503
63.70136718750018 54.24321289062502
63.721191406250114 54.24501953125002
63.84707031250002 54.236474609374994
64.00390625 54.26708984375
64.03740234375016 54.27973632812501
64.06289062500002 54.30292968750001
64.19941406250001 54.34741210937503
64.46123046875016 54.384179687499966
64.52509765625001 54.362158203125006
64.64990234374994 54.35224609375004
64.80927734375018 54.368554687499966
64.92675781249994 54.39663085937502
64.99541015624999 54.36875
65.08837890625011 54.34018554687498
65.15781250000003 54.36440429687502
65.19218750000005 54.44111328125001
65.23740234375009 54.51606445312501
65.31591796875011 54.5515625
65.37812500000018 54.564453125
65.43437500000016 54.59331054687502
65.47695312500014 54.623291015625
65.70781249999999 54.61870117187496
65.91425781250007 54.69331054687498
65.95468750000003 54.659521484375006
66.22265625000011 54.66738281250002
66.55537109375001 54.715429687500034
66.75449218750009 54.737890625
67.09833984375007 54.788183593750034
67.25732421875011 54.828808593749955
67.48466796875016 54.85449218750003
67.69335937499994 54.872412109375034
67.82988281250016 54.94355468749998
67.93994140625011 54.953710937500006
68.07382812500003 54.959570312500034
68.15585937500003 54.976708984374966
68.209375 55.003027343750006
68.24404296875014 55.052441406249955
68.22529296875007 55.11523437500003
68.20625000000018 55.16093750000002
68.30195312500001 55.1865234375
68.43847656249994 55.194433593750006
68.52480468750014 55.204833984375
68.71289062500011 55.308496093749966
68.84296875000001 55.35834960937501
68.97724609375001 55.38959960937498
69.24697265625002 55.372509765624955
69.49326171875009 55.35688476562498
69.74023437499994 55.30737304687503
69.87021484375003 55.24565429687496
69.98173828125005 55.19907226562498
70.08740234375 55.17675781249997

