40.957324218750045 -2.167285156250003
40.976464843750136 -2.109765625
41.086035156250034 -2.036523437500009
41.13066406249999 -2.053027343749989
41.139257812500034 -2.069824218750043
41.13681640625009 -2.085058593750034
41.118164062500114 -2.100097656249986
40.99443359375016 -2.158398437499969

35.32529296875009 5.364892578125009
35.37792968750006 5.385156250000051
35.42402343750001 5.41328125
35.46865234375008 5.419091796875037
35.745019531250136 5.343994140625014
35.79140625000008 5.278564453125
35.788476562500136 5.208105468750034
35.800292968750114 5.156933593749997
35.779296875000114 5.10556640625002
35.75615234374999 4.950488281250045
35.76308593750002 4.808007812499966
35.845605468750136 4.70263671875
35.919824218750136 4.619824218749997
35.97871093750007 4.503808593749994
36.02197265625 4.468115234375006
36.081933593750136 4.449707031249986
36.271875 4.444726562500037
36.55302734374999 4.437255859375028
36.82363281250008 4.430126953124997
36.84824218750009 4.427343750000048
36.90556640625016 4.411474609375006
37.154589843750045 4.254541015625009
37.38251953125007 4.110839843750043
37.575488281250045 3.9859375
37.762890625000125 3.86464843749998
37.944921875000034 3.746728515625023
38.08613281250007 3.64882812499998
38.22529296875018 3.618994140625034
38.45156250000008 3.604833984374991
38.608007812500034 3.60009765625
38.75273437500016 3.558984374999966
38.9677734375 3.520605468749963
39.12832031250002 3.500878906250037
39.22548828125008 3.478759765624972
39.4944335937501 3.456103515624974
39.538867187500045 3.469189453124969
39.65751953124999 3.577832031249997
39.79033203125016 3.754248046874963
39.842187500000136 3.851464843749966
40.014160156250114 3.947949218749997
40.316015625000034 4.082714843749997
40.528710937500136 4.17763671874998
40.76523437500009 4.273046874999963
40.872656250000034 4.190332031249994
41.02080078124999 4.057470703125006
41.087207031250045 3.991943359374986
41.140429687500045 3.962988281250034
41.22089843750007 3.943554687499983
41.31894531250009 3.943066406249969
41.372460937500136 3.946191406249994
41.48193359375006 3.96328125
41.737695312500136 3.979052734375017
41.88398437500007 3.977734375000026
41.76093750000007 3.80161132812502
41.61347656250001 3.590478515624994
41.341796875000114 3.20166015625
41.13496093750018 2.997070312499986
40.97871093750001 2.842431640625009
40.96445312500009 2.814648437500026
40.96503906250007 2.642333984375014
40.96669921875008 2.220947265625043
40.97001953125016 1.378173828125043
40.97324218750009 0.535400390625028
40.97656250000006 -0.307324218749969
40.97822265625001 -0.728710937500026
40.97871093750001 -0.870312500000011
41.11582031250009 -1.047460937500034
41.249804687500045 -1.220507812500031
41.42695312500007 -1.44951171874996
41.521875000000136 -1.572265625000014
41.537597656250114 -1.613183593750009
41.532714843750114 -1.695312499999943
41.38691406250018 -1.866992187500017
41.267480468749966 -1.945019531250011
41.106835937500136 -1.98232421874998
41.05869140625009 -1.975195312500034
40.99550781250002 -1.950585937499994
40.970703125000114 -1.991796875000048
40.95214843749994 -2.055957031249974
40.91660156250009 -2.042480468749972
40.889746093750034 -2.02353515625002
40.905859375000034 -2.1375
40.922363281250114 -2.19375
40.89824218750016 -2.269921875000037
40.82011718750016 -2.33632812499998
40.81318359375018 -2.392382812500031
40.64414062500009 -2.539453124999966
40.40449218750001 -2.555664062499986
40.27851562500001 -2.628613281250011
40.22246093750016 -2.688378906250023
40.17978515625009 -2.819042968749997
40.19472656250002 -3.019238281250011
40.128125 -3.173339843749972
40.11542968750001 -3.250585937499991
39.99169921874994 -3.350683593750034
39.93681640625016 -3.442480468750006
39.89628906250016 -3.535839843750011
39.860937500000034 -3.576757812500006
39.81914062500016 -3.786035156250009
39.76142578125001 -3.913085937500043
39.74580078125001 -3.955175781250006
39.73164062500018 -3.993261718750034
39.686914062500136 -4.067871093749957
39.65800781249999 -4.119140625000014
39.63710937500002 -4.152832031250028
39.49091796875018 -4.478417968750023
39.376953125000114 -4.625488281249957
39.2875 -4.608593749999983
39.228125 -4.665527343750028
39.221777343750034 -4.6923828125
39.19013671875018 -4.677246093750028
39.11542968750007 -4.62353515625
38.961914062500114 -4.512988281250045
38.808398437500045 -4.402441406249991
38.65488281250009 -4.291894531250037
38.50136718750002 -4.181445312500003
38.34785156250018 -4.070898437500034
38.1943359375 -3.960351562499994
38.04082031250016 -3.849804687500026
37.887304687500034 -3.739257812499972
37.79726562500002 -3.674414062500006
37.757421875000034 -3.636132812500023
37.72617187500009 -3.559765625
37.711035156250034 -3.54082031249996
37.67011718750001 -3.51679687500004
37.622070312500114 -3.511523437500031
37.608203125000045 -3.497070312500014
37.608691406250045 -3.460253906249974
37.625390624999966 -3.407226562500014
37.68183593750001 -3.305761718750034
37.687988281250114 -3.246191406249977
37.67685546875009 -3.178417968750026
37.659179687500114 -3.070019531249969
37.64384765624999 -3.045410156250014
37.54218750000018 -2.988574218749989
37.329003906249966 -2.86962890625
37.11582031250009 -2.750585937499991
36.90263671875016 -2.631640625000017
36.689453125 -2.512597656250009
36.47636718749999 -2.3935546875
36.263085937499966 -2.274609375000011
36.05000000000018 -2.155664062500037
35.836914062500114 -2.036621093750028
35.62373046875001 -1.91757812500002
35.410546875000136 -1.798632812500031
35.19746093750007 -1.679589843750037
34.984277343750136 -1.560546875000028
34.771093750000034 -1.44160156250004
34.55791015625016 -1.322558593750031
34.34472656249994 -1.203613281249957
34.13164062500016 -1.084570312500048
34.05587553631051 -1.04225273857341
34.06318359375007 -1.033691406249986
34.07011718749999 -0.99746093749998
34.12128906250001 -0.974707031249963
34.14404296875006 -0.939843749999966
34.16279296875001 -0.879199218749946
34.105761718750045 -0.79814453124996
34.06826171875002 -0.724804687500026
34.06005859375006 -0.644921875
34.07929687500007 -0.579492187499994
34.1748046875 -0.470117187500009
34.21718750000002 -0.441503906249949
34.27539062500006 -0.445019531249955
34.32851562500002 -0.459375
34.37568359375007 -0.458789062500017
34.42480468750006 -0.502148437499969
34.45634765624999 -0.495117187499957
34.47509765625006 -0.464355468749986
34.45830078124999 -0.368945312500003
34.47783203124999 -0.353320312500017
34.57656250000002 -0.3296875
34.70332031250001 -0.324902343749997
34.79814453124999 -0.296386718749972
34.813281250000045 -0.275683593750017
34.71757812499999 -0.091699218750009
34.5380859375 -0.14375
34.419531250000034 -0.19619140624998
34.369921875000045 -0.243359375
34.353320312500045 -0.31376953124996
34.333984375 -0.337304687500037
34.30996093750008 -0.356054687499949
34.28466796875 -0.350292968750026
34.22558593750006 -0.259179687500023
34.11718750000006 -0.16347656249998
34.107519531250034 -0.133398437499977
34.12519531250001 -0.091015624999955
34.115234375 -0.079492187500009
34.059179687500034 -0.080712890624994
34.02871093750008 -0.0625
34.00292968750006 -0.024218750000031
33.98203125000009 0.024658203124986
33.97363281250006 0.088720703124977
33.97451171875002 0.213378906249972
33.97405551983036 0.21344418471385
34.037207031250034 0.294531249999977
34.08056640625006 0.382470703125051
34.11171875000002 0.505126953124986
34.16093749999999 0.605175781250026
34.27255859375009 0.68642578124998
34.29257812500009 0.73125
34.41083984375001 0.867285156249963
34.48173828124999 1.042138671874966
34.535253906250034 1.1015625
34.60195312500008 1.156445312499983
34.64912109375018 1.185302734375
34.72675781250007 1.214257812500037
34.78759765625006 1.230712890625014
34.798632812500045 1.24453125
34.803808593750034 1.27285156249998
34.783593750000136 1.381152343750017
34.8095703125 1.416699218749983
34.85097656250008 1.489013671874972
34.898339843750136 1.556494140625034
34.9412109375001 1.599267578124966
34.96523437500008 1.643359374999974
34.97646484375008 1.719628906249966
34.97822265625018 1.77363281250004
34.977539062500114 1.861914062500006
34.96406250000001 2.062402343749994
34.913964843750136 2.230175781249969
34.88300781250001 2.417919921875026
34.90576171875006 2.4796875
34.8662109375 2.589697265625034
34.846679687500114 2.595751953125017
34.814453125000114 2.61982421875004
34.773437500000114 2.723437500000017
34.74248046874999 2.818115234375028
34.72324218750009 2.841943359374994
34.589160156250045 2.924755859374997
34.522558593750034 3.119970703124977
34.447851562500034 3.163476562500037
34.407226562500114 3.357519531249963
34.399414062500114 3.412695312500006
34.441796875000136 3.60625
34.43769531250007 3.650585937499983
34.39287109374999 3.691503906249963
34.26708984375006 3.733154296875014
34.16503906250006 3.812988281250028
34.17822265625006 3.840869140625031
34.18574218750007 3.869775390624966
34.13203125000018 3.88916015625
33.97607421875 4.220214843750043
34.176855468750034 4.419091796874966
34.38017578124999 4.620654296874989
34.63984375000007 4.875488281250043
34.878320312500136 5.10957031250004
35.08447265625006 5.311865234375034
35.268359375000045 5.49228515625002
35.26386718750007 5.457910156250037
35.26464843750006 5.412060546875026
35.287597656250114 5.384082031250003

