-151.790869140625 -11.456835937500003
-151.80668945312505 -11.45126953125002
-151.81596679687496 -11.431152343750014
-151.819140625 -11.409277343749991
-151.81328124999993 -11.391796874999983
-151.80278320312493 -11.392675781249991
-151.79111328124998 -11.41435546874996
-151.78261718750002 -11.441015624999977

-155.88710937499997 -5.631835937499986
-155.91435546874993 -5.631640625000031
-155.92792968750004 -5.618554687500037
-155.92861328125002 -5.607617187500026
-155.91938476562498 -5.607519531250006
-155.91079101562502 -5.609472656249963
-155.87226562499998 -5.611328124999986
-155.862353515625 -5.619140624999972
-155.86381835937493 -5.626660156249997

-174.501123046875 -4.68837890624998
-174.501025390625 -4.694726562500037
-174.50673828125 -4.693652343749989
-174.523876953125 -4.689648437499969
-174.52924804687504 -4.681640625000028
-174.51674804687497 -4.686816406250017
-174.51147460937497 -4.685644531250048
-174.52304687500003 -4.674023437499983
-174.53310546875002 -4.665332031249989
-174.54067382812497 -4.661718749999963
-174.5408203125 -4.657324218749963
-174.53139648437502 -4.659472656250045
-174.512939453125 -4.675097656250031

-172.20830078125 -4.51796875
-172.193896484375 -4.516015625000037
-172.18095703125 -4.514843749999983
-172.188818359375 -4.52167968750004
-172.21523437499997 -4.524414062499972
-172.2283203125 -4.507031249999983
-172.21220703125 -4.493945312499989
-172.19785156249998 -4.491699218749972
-172.19638671875003 -4.495410156250017
-172.19721679687504 -4.499511718749957
-172.20385742187497 -4.499511718749957
-172.21474609374997 -4.502636718749983
-172.21455078125 -4.511132812500023

-171.24301757812498 -4.468066406250045
-171.25454101562502 -4.466503906249983
-171.26176757812496 -4.459765625000031
-171.261962890625 -4.449218750000014
-171.252392578125 -4.441601562499983
-171.23940429687502 -4.44414062499996
-171.231884765625 -4.453710937500048
-171.23320312500002 -4.463476562499991

-154.959033203125 -4.093847656250006
-154.97109374999997 -4.08583984374998
-154.99462890624997 -4.071093749999989
-155.01459960937504 -4.054882812499969
-155.01503906249997 -4.048046875
-154.98696289062502 -4.038574218750028
-154.95122070312502 -4.031054687500003
-154.943359375 -4.04160156250002
-154.95004882812503 -4.055957031250017
-154.95625 -4.087988281249963

-171.089794921875 -3.143261718749969
-171.09672851562502 -3.136914062500011
-171.09174804687495 -3.125097656250006
-171.08769531249993 -3.115039062499989
-171.081005859375 -3.120410156250017
-171.08515625000004 -3.135449218749983

-171.66499023437504 -2.785546875
-171.63964843750003 -2.811230468750011
-171.62763671874998 -2.846972656250003
-171.62841796874997 -2.855859375000037
-171.64736328125002 -2.855566406249977
-171.67060546875004 -2.844433593750026
-171.6873046875 -2.829785156249969
-171.69609375 -2.825683593750014
-171.698291015625 -2.822265625000028
-171.67836914062502 -2.82451171874996
-171.65537109375003 -2.839843749999972
-171.63852539062498 -2.846679687500028
-171.63974609374998 -2.82919921875002
-171.66020507812496 -2.798535156249997
-171.67265625000002 -2.78798828124998
-171.68803710937493 -2.779101562500031
-171.70595703124997 -2.773144531249969
-171.71816406249997 -2.778613281250017
-171.72480468749998 -2.781347656250048
-171.72763671875003 -2.774121093749997
-171.72514648437496 -2.76787109374996
-171.71889648437502 -2.761425781249983
-171.69760742187503 -2.766406250000017

174.7789062500002 -1.263378906249969
174.75595703125015 -1.256445312499977
174.7484375000002 -1.236425781249991
174.7410156250001 -1.184570312499986
174.71679687500017 -1.133691406250023
174.74414062500006 -1.147363281250051
174.76660156250017 -1.187109374999977
174.7732421875001 -1.211914062499972

169.54169921875 -0.8759765625
169.5229492187501 -0.865625
169.5255859375 -0.852636718750048
169.5386718750002 -0.846875
169.55527343750003 -0.856542968750048
169.55107421875016 -0.873730468749997

174.47636718750022 -0.829003906250023
174.46406250000018 -0.804199218750043
174.47968750000018 -0.773632812500026
174.4527343750002 -0.647070312500006
174.40781250000026 -0.629785156250037
174.38105468750013 -0.591796875000014
174.3940429687501 -0.591796875000014
174.43876953125016 -0.6265625
174.47480468750024 -0.642187499999977
174.49541015625016 -0.725683593750034
174.5086914062502 -0.801757812499986

173.0865234375002 0.9734375
173.07949218750002 0.946240234374969
173.06142578124997 0.915234374999955
172.99111328125014 0.835449218749957
172.96992187500018 0.842773437500028
173.0385742187501 0.91474609375004
173.0650390625002 0.962695312499946
173.02558593750007 0.999072265624989
173.00996093750007 0.990966796875028
173.00371093750005 0.990966796875028
172.9900390625 1.025097656249955
173.00371093750005 1.025097656249955
173.0328125000002 1.013134765625011

173.0113281250001 1.338378906250014
173.02861328125005 1.358740234374991
173.14335937500016 1.381347656249972
173.15332031249994 1.387548828124991
173.1718750000001 1.375146484374952
173.1714843750002 1.363378906249949
173.1630859375 1.357519531250006
173.10634765624997 1.357080078125009
173.06171875 1.346337890625037
173.03837890625016 1.342089843749974

172.9932617187502 1.713085937499969
173.02041015625014 1.727490234374969
173.02783203124994 1.747314453125014
173.02363281250018 1.809326171875028
173.0376953125002 1.804394531250011
173.04267578125007 1.778759765625026
173.04521484375016 1.741552734374991
173.0293945312502 1.717382812499949

173.02363281250018 1.822558593749974
172.96660156250005 1.885400390624994
172.93271484375003 1.92592773437498
172.934765625 1.943701171874963
172.95009765625014 1.932519531249994
172.96914062500002 1.912695312499949
172.98154296875003 1.896972656250043
173.01875000000018 1.845703124999986

-157.17578125 1.73984375
-157.24614257812502 1.731738281249946
-157.4201171875 1.78754882812504
-157.57895507812498 1.902050781250011
-157.53149414062497 1.926855468749991
-157.50820312500002 1.885693359374955
-157.43583984375005 1.847265625000034
-157.39321289062497 1.927685546874983
-157.365185546875 1.94609375
-157.49218749999994 2.029296875
-157.44189453125 2.025048828125023
-157.321875 1.96855468749996
-157.34213867187503 1.855566406249949

172.7703125 3.01254882812502
172.75048828124994 3.033056640625034
172.7773437500001 3.033886718750026
172.82695312500016 3.07109375
172.88710937499997 3.073974609375014
172.88027343750002 3.053515625000017
172.84423828124994 3.051220703124997

172.90625 3.09589843750004
172.88710937499997 3.101269531249983
172.9625 3.148779296874977
172.96220703125 3.142919921875034
172.96962890625002 3.129199218749989

-159.259326171875 3.839208984374949
-159.27475585937503 3.796582031249969
-159.33227539062503 3.800488281249969
-159.35874023437498 3.81533203124998
-159.31367187500007 3.822656249999952
-159.30625 3.838378906249957
-159.32680664062497 3.863183593750037
-159.35419921875007 3.880517578125023
-159.37319335937502 3.880517578125023
-159.37778320312498 3.84663085937504
-159.40903320312503 3.873242187499955
-159.39096679687498 3.899560546874994
-159.36904296874997 3.916992187499986
-159.33906249999998 3.923535156249997

