21.560839843750045 42.247656250000034
21.38955078125005 42.219824218750034
21.331738281249983 42.18715820312505
21.29755859375004 42.130078124999955
21.28662109375003 42.10039062499996
21.25634765625 42.09951171875005
21.206054687500057 42.12895507812499
21.14248046875008 42.175
21.05976562500001 42.17128906250002
20.778125 42.07104492187503
20.75039062500005 42.01835937500002
20.744140625 41.90429687499997
20.725 41.87353515625
20.694921875000034 41.85380859374999
20.578515625000023 41.86621093750003
20.56621093749999 41.87368164062505
20.58144531250008 41.91743164062498
20.57539062500001 42.01308593750002
20.52285156250005 42.17148437500006
20.485449218750063 42.22338867187497
20.408300781250063 42.27495117187499
20.348242187500006 42.308789062499955
20.24052734374999 42.33896484374998
20.18574218750004 42.425878906250006
20.103515625000057 42.52465820312497
20.06396484375 42.54726562500005
20.070312500000057 42.55708007812501
20.08925781250008 42.63154296874998
20.06572265624999 42.685839843750045
20.029492187499983 42.732031250000034
20.054296875000063 42.76005859374996
20.129980468750034 42.759765625
20.19257812500001 42.75463867187503
20.215136718750074 42.79882812500006
20.344335937500006 42.82792968750002
20.468847656250063 42.85791015625
20.48681640625 42.879052734374966
20.45839843750005 42.924560546875
20.47509765625 42.95302734375002
20.624023437500057 43.03417968750003
20.648535156249977 43.070947265624966
20.65761718750005 43.099853515625
20.63759765625008 43.13037109375
20.609667968750074 43.17841796875001
20.623144531250063 43.198632812499966
20.700585937500023 43.22636718750002
20.76337890625001 43.25859375000002
20.800585937500045 43.26108398437498
20.823828125 43.237939453124966
20.823828125 43.21396484374998
20.84443359375001 43.17343749999998
20.890722656250034 43.15166015624999
20.96767578125008 43.11601562500002
21.05703125000008 43.09169921875002
21.127050781250034 43.04301757812496
21.222656250000057 42.95620117187505
21.237109375000074 42.913232421874994
21.323144531250023 42.874707031249955
21.40302734375004 42.83154296875006
21.390625 42.75141601562498
21.6625 42.681494140625034
21.72382812500004 42.681982421875034
21.7529296875 42.669824218749966
21.75214843750001 42.651513671874966
21.73066406250001 42.595458984375
21.61904296875008 42.423242187499994
21.60986328125 42.387451171875
21.529980468750068 42.35
21.518945312500023 42.32841796874996
21.541601562500034 42.28081054687502
21.5625 42.24750976562498

