48.218261718750114 29.60195312499999
48.1796875 29.611425781249977
48.14257812499994 29.66528320312503
48.081445312500136 29.798925781249977
48.11474609375 29.848779296875023
48.11347656250018 29.870214843750034
48.120117187500114 29.886328125000034
48.13886718750018 29.896582031249977
48.158593750000136 29.959570312500034
48.18476562500001 29.978857421875063
48.22773437500018 29.936328125000017
48.348242187500034 29.782666015624955
48.34736328125001 29.71997070312497
48.34023437500002 29.694726562499994
48.275390625000114 29.624316406250045

48.143457031249966 29.572460937499955
48.08945312500009 29.57910156249997
48.04833984374994 29.597509765624977
47.969628906249966 29.61669921875
47.81748046875009 29.487402343750034
47.72529296875007 29.416943359374983
47.72265624999994 29.393017578124983
47.84531250000009 29.36572265625003
47.935351562500045 29.366601562500023
47.998144531250034 29.38554687499996
48.05146484375007 29.35537109375005
48.086328125000136 29.275488281250034
48.10039062500016 29.21074218749999
48.18378906250001 28.979394531249994
48.2529296875 28.901269531249994
48.339257812499966 28.763281250000034
48.37128906250001 28.691845703124955
48.389648437500114 28.63159179687503
48.442480468750034 28.542919921874983
48.26875000000018 28.54052734375003
48.049609375000045 28.5375
47.871972656249966 28.53544921874999
47.671289062500136 28.533154296874955
47.583105468750034 28.62797851562499
47.55322265625 28.731542968750063
47.52128906250016 28.837841796874955
47.433203125000034 28.989550781250045
47.138769531250034 29.026171875000045
46.98222656249999 29.045654296875
46.72480468750007 29.07460937500005
46.53144531250007 29.096240234375017
46.693750000000136 29.259667968749994
46.769335937500045 29.347460937500017
46.90585937500009 29.5375
46.97597656250008 29.67285156249997
47.04365234375007 29.822998046875
47.10205078125 29.939990234375045
47.114355468750034 29.961328125000023
47.1482421875001 30.00097656250003
47.22324218750009 30.04150390625003
47.3313476562501 30.079687499999977
47.51484375000018 30.096484375000045
47.64375 30.097314453125023
47.67275390625008 30.095605468750023
47.753906250000114 30.076611328124983
47.97871093750018 29.982812499999966
47.973632812500114 29.945898437500006
48.00566406250016 29.835791015625034
48.07734375000018 29.71557617187497
48.136132812499966 29.61811523437501

