80.22919921875007 42.12983398437501
80.24619140625003 42.05981445312503
80.23515625000005 42.04345703125
80.21621093750008 42.032421874999955
79.90966796875 42.01499023437506
79.84042968750009 41.99575195312505
79.76611328125006 41.89887695312501
79.50390625000011 41.820996093749955
79.35439453125002 41.78105468749999
79.29355468750003 41.7828125
79.14843750000006 41.71914062499999
78.74257812500008 41.56005859375
78.54316406250001 41.45957031250006
78.44287109375011 41.41752929687502
78.36240234375009 41.37163085937499
78.34882812500007 41.32519531250003
78.34628906250009 41.28144531250001
78.12343750000014 41.07563476562498
77.95644531250014 41.050683593749966
77.81523437500005 41.05561523437501
77.71933593750003 41.02431640625002
77.58173828125007 40.99277343749998
77.28398437499999 41.01435546875004
77.18203125000014 41.0107421875
76.98662109374999 41.039160156250034
76.90771484375011 41.024169921875
76.82402343749999 40.982324218749994
76.70839843750008 40.81811523437503
76.66113281250006 40.779638671875006
76.63984375000007 40.74223632812502
76.6221679687502 40.662353515625
76.57792968750016 40.57788085937503
76.52089843750008 40.51123046875003
76.48017578125001 40.44951171874999
76.39638671875002 40.389794921874994
76.31855468750007 40.35224609374998
76.25830078125006 40.43076171874998
76.20605468750006 40.408398437499955
76.15664062500014 40.37646484375003
76.0623046875001 40.38754882812506
76.00429687500008 40.37143554687506
75.87197265625014 40.30322265625003
75.67714843750014 40.30581054687502
75.65595703125018 40.329248046874994
75.61738281250001 40.51660156249997
75.58349609375006 40.605322265625006
75.55556640625014 40.62519531249998
75.52080078125005 40.627539062500006
75.24101562499999 40.48027343750002
75.11132812500006 40.45410156250003
75.00449218750003 40.44951171874999
74.865625 40.49350585937506
74.83515625000007 40.48261718749998
74.81113281250009 40.45878906250002
74.80126953125011 40.42851562499996
74.84179687500011 40.344970703125
74.83046875000014 40.32851562500002
74.76777343750007 40.329882812500045
74.67988281250007 40.31059570312502
74.61308593750005 40.27216796875001
74.41191406250005 40.13720703125003
74.24267578125011 40.09204101562497
74.08515625000007 40.074316406250006
74.02050781250006 40.059375
73.99160156250002 40.043115234374966
73.93876953124999 39.97880859375002
73.88457031250005 39.87792968749997
73.85625 39.82866210937496
73.83535156250008 39.800146484375034
73.83974609375008 39.762841796874966
73.88251953125007 39.71455078124998
73.91464843750003 39.60649414062502
73.90712890625014 39.57851562499999
73.87275390625007 39.533300781250006
73.82294921875001 39.488964843749955
73.71572265625014 39.462255859375034
73.63164062500005 39.448876953124966
73.57558593750008 39.45761718750006
73.47041015625007 39.46059570312505
73.38740234375001 39.442724609375034
73.33613281250007 39.41235351562497
73.23496093750003 39.37456054687502
73.10927734375014 39.361914062500006
72.94941406250007 39.357080078124994
72.87246093750002 39.36040039062496
72.63994140625005 39.38598632812503
72.56337890625002 39.377197265625
72.49023437500011 39.35737304687498
72.35771484375005 39.336865234374955
72.28720703125003 39.27373046874999
72.2498046875001 39.21567382812506
72.22998046875006 39.20751953125
72.14736328125008 39.2607421875
72.08417968750007 39.310644531250034
72.04277343749999 39.35214843750006
71.99101562500005 39.35092773437498
71.80595703125005 39.27558593750001
71.77861328124999 39.27797851562505
71.72568359375003 39.30659179687501
71.7353515625 39.377734375000045
71.73222656250005 39.42299804687502
71.67265624999999 39.447070312500045
71.54628906250002 39.45307617187501
71.50332031250014 39.47880859375002
71.50585937500006 39.51708984375
71.5173828125001 39.55385742187502
71.50302734375009 39.58217773437502
71.47031250000009 39.603662109374966
71.40429687500006 39.59785156250001
71.32851562500008 39.568701171875034
71.27285156250008 39.535302734374994
71.20273437500003 39.51982421875002
71.11806640625008 39.513574218749994
71.06503906250003 39.49340820312497
71.00488281250011 39.41186523437497
70.79931640625 39.39472656250004
70.73310546875007 39.41328124999998
70.67861328125008 39.471289062500006
70.60781250000014 39.564404296874955
70.56796875000003 39.57587890624998
70.50117187500007 39.58735351562501
70.39208984375006 39.58188476562506
70.24482421875007 39.542626953124966
70.20927734375005 39.575
70.17109375000018 39.58417968749998
70.13681640625003 39.55756835937498
70.10166015625003 39.56059570312499
69.95595703125014 39.55307617187506
69.77207031250003 39.556738281250006
69.66699218750006 39.574902343749955
69.59882812500013 39.57377929687502
69.46328125000014 39.532080078125034
69.39150390625014 39.53247070312503
69.29765625000005 39.524804687499966
69.28027343750006 39.665869140625034
69.22910156250009 39.76108398437506
69.24472656250009 39.82709960937501
69.27880859375011 39.91777343750002
69.30722656250003 39.96855468749996
69.36542968750018 39.94707031250002
69.43193359375005 39.90976562499998
69.47626953125007 39.91972656249996
69.48789062500003 39.950439453125
69.47099609374999 39.990625
69.46875 40.02075195312503
69.49365234375 40.06035156250002
69.5302734375 40.097314453124994
69.76523437500009 40.15800781250002
69.96679687500011 40.20224609375006
70.07148437500001 40.172753906249994
70.2744140625 40.104833984375006
70.37890625000006 40.06987304687499
70.45136718750007 40.049218749999966
70.51513671875 39.94990234374998
70.55683593750007 39.95449218750002
70.59921875000009 39.97451171875002
70.62412109375009 39.99897460937504
70.64433593750005 40.08344726562501
70.73857421875005 40.13115234374996
70.94638671875003 40.187597656250006
70.96093750000006 40.22065429687498
70.9580078125 40.23886718750006
70.99062500000014 40.25488281250003
71.09453124999999 40.271240234375
71.30468750000011 40.28691406249999
71.37617187500007 40.27519531249999
71.45742187500014 40.24199218749999
71.52041015625008 40.208984375
71.58046875000014 40.21025390624999
71.6298828125 40.21713867187498
71.65087890625011 40.20800781249997
71.66679687500016 40.17861328125002
71.69248046875003 40.15234375
71.77265625000001 40.18803710937499
71.84541015625001 40.23432617187501
71.90273437500008 40.24096679687503
71.95566406250003 40.25859374999999
71.97109375000014 40.28950195312498
72.01259765625008 40.34072265625002
72.13125 40.438623046874994
72.19287109375011 40.454443359375006
72.23281250000008 40.45439453124999
72.23466796874999 40.438623046874994
72.25400390625003 40.424218749999966
72.35771484375005 40.40166015624999
72.38925781250009 40.427392578124994
72.40595703125007 40.46308593749998
72.36972656250009 40.51972656249998
72.36904296875014 40.54345703125003
72.38261718750016 40.56513671875001
72.40205078125007 40.57807617187498
72.56748046875003 40.524365234374955
72.60410156250003 40.52543945312499
72.67958984375008 40.55561523437501
72.74882812500016 40.60869140624999
72.77382812500008 40.65039062500006
73.11289062500003 40.786035156249966
73.13691406250007 40.810644531250006
73.13212890625005 40.82851562500002
72.99003906250005 40.86010742187506
72.92597656250018 40.842431640624994
72.86660156250008 40.84233398437499
72.83095703125008 40.862158203125034
72.65830078125009 40.86992187500002
72.62041015624999 40.8837890625
72.50595703125003 40.98168945312503
72.42734375000009 41.018945312499994
72.36406249999999 41.04345703125
72.29492187500011 41.039941406249994
72.21308593750007 41.014257812500006
72.18730468750016 41.02592773437499
72.18066406250011 41.06684570312498
72.18095703124999 41.11845703125002
72.16425781250007 41.173730468749994
72.11542968750007 41.186572265625045
72.05244140625001 41.16474609375004
71.95849609375006 41.18706054687496
71.87861328125001 41.19501953124998
71.85800781250003 41.31137695312506
71.82578125000003 41.361035156249955
71.79248046875 41.41313476562502
71.75771484375002 41.42802734375002
71.70068359375011 41.454003906249994
71.69726562500006 41.51557617187501
71.68515625000003 41.53300781250002
71.66494140625014 41.54121093749998
71.6375 41.53417968749997
71.60224609375007 41.50327148437498
71.61962890625006 41.43544921875002
71.60625 41.36743164062503
71.58554687500003 41.333251953125
71.54560546875007 41.30805664062501
71.50000000000011 41.30747070312498
71.42089843750006 41.34189453125006
71.40839843750007 41.136035156250045
71.39306640625006 41.123388671875034
71.29882812500006 41.15249023437502
71.22343750000005 41.139941406250045
71.11074218750002 41.15263671874996
71.02597656250003 41.186572265625045
70.96259765625001 41.19599609375001
70.86044921875009 41.22490234375002
70.78242187500007 41.2625
70.734375 41.40053710937502
70.68886718750014 41.449804687500006
70.64589843750008 41.46035156250002
70.47138671875007 41.41264648437499
70.40781250000009 41.44956054687506
70.29003906250006 41.496826171875
70.20087890625013 41.514453125000045
70.17695312500001 41.53999023437501
70.18095703125005 41.57143554687502
70.45498046875008 41.725048828124955
70.56289062500014 41.830810546875
70.63085937500006 41.87548828124997
70.72773437500007 41.90522460937498
70.80332031250009 41.92265624999999
70.84189453125003 42.019628906250034
70.85664062500001 42.03081054687499
70.91035156250007 42.03798828125002
71.03222656250011 42.077783203124966
71.22851562500011 42.16289062499999
71.23232421875002 42.18627929687506
71.21269531249999 42.206445312499966
71.12998046875003 42.25
71.03603515625008 42.28466796875003
70.97900390625 42.266552734374955
70.94677734375011 42.248681640624966
70.89287109375005 42.293701171875
70.89287109375005 42.339990234374994
70.95234375000018 42.41938476562501
71.00195312500006 42.459082031250034
71.02275390625005 42.535449218750045
71.09355468750005 42.58652343750006
71.16738281250002 42.66743164062501
71.25664062500005 42.733544921874994
71.42207031250001 42.783154296874955
71.51425781250003 42.766943359375034
71.60078125000001 42.778662109375034
71.73476562500014 42.81889648437496
71.76054687500005 42.821484374999955
71.81679687500008 42.822167968749994
72.16181640625007 42.76069335937501
72.27578125000014 42.757666015625006
72.54316406250018 42.67773437499997
72.66611328125009 42.660400390625
72.7529296875 42.63789062500004
72.79238281250014 42.603466796874955
72.85507812500003 42.561132812500034
73.19082031250014 42.52685546874997
73.28291015625007 42.504101562499955
73.31601562500003 42.46699218750004
73.41162109375 42.419775390625006
73.49296875000005 42.409033203125034
73.42187500000011 42.59350585937506
73.45019531250011 42.703027343749994
73.55625 43.002783203125034
73.61201171875001 43.04790039062499
73.71855468750005 43.08789062500006
73.88603515624999 43.132568359375
73.94921875 43.19501953125004
74.08623046874999 43.188623046874966
74.14589843750002 43.19409179687503
74.18681640624999 43.20527343749998
74.20908203125009 43.24038085937502
74.36386718750009 43.17944335937506
74.62226562500007 43.05620117187499
74.81757812500007 42.978173828124994
75.04765625000005 42.90439453124998
75.36621093750011 42.83696289062499
75.63564453125002 42.814599609374966
75.68173828125009 42.83046875000002
75.78955078125011 42.93291015625002
75.84033203125006 42.9375
75.93222656250003 42.92851562499999
76.21816406250014 42.923730468749994
76.50917968750008 42.91889648437498
76.646484375 42.92880859374998
76.94404296875001 42.97148437499996
76.98808593750005 42.97358398437504
77.05732421875001 42.97065429687498
77.23554687500007 42.91264648437496
77.36855468750002 42.904443359374994
77.45927734374999 42.904736328124955
77.51220703125006 42.900048828124966
77.62246093750014 42.902246093749966
77.80166015625014 42.895214843749955
78.02314453125007 42.857519531250006
78.29003906250006 42.86435546874998
78.3759765625 42.87148437500002
78.5242187500001 42.86464843750005
78.64228515625007 42.828710937500006
78.79150390625011 42.79082031250002
78.88515625000008 42.77490234374997
78.94794921875018 42.76669921874998
79.05986328125016 42.76381835937502
79.12666015625018 42.77573242187506
79.16484375000005 42.75903320312503
79.20302734375008 42.666015625
79.2955078125002 42.60483398437506
79.36777343750009 42.547216796875034
79.42822265625006 42.483496093750034
79.49013671875014 42.45756835937499
79.5984375000001 42.45664062500006
79.80341796875007 42.4384765625
79.92109375000007 42.41313476562499
80.07128906250006 42.30297851562503
80.20937500000014 42.190039062500006

71.215625 39.90678710937499
71.17929687500003 39.979833984375034
71.22871093750007 40.04814453125002
71.13027343750008 40.05966796875006
71.08037109375005 40.07988281249999
71.02412109375001 40.149169921875
71.00546875000003 40.15229492187501
70.97626953125007 40.13325195312504
70.96064453125018 40.087988281250034
70.97441406250005 40.03886718749999
71.01445312500005 40.005761718749994
71.04101562500011 39.99492187500002
71.04482421875008 39.99252929687506
71.04365234375001 39.97631835937503
71.01171875000011 39.895117187500006
71.06425781250016 39.884912109374966
71.15625 39.88344726562502
71.20615234375009 39.89257812500003

71.78994140625002 39.99531249999998
71.76533203125007 39.993261718750034
71.73652343750007 39.98095703125
71.68125 39.968652343749994
71.66894531250006 39.94609375000002
71.70585937499999 39.91743164062504
71.75292968750011 39.907128906249966
71.77968750000014 39.95024414062496

70.6982421875 39.84584960937502
70.66416015625009 39.85546875000003
70.56708984375013 39.866601562499966
70.49775390625007 39.882421875
70.48281250000008 39.882714843749966
70.48925781250006 39.86303710937506
70.51865234375009 39.82817382812496
70.5595703125 39.79091796875002
70.61210937500005 39.786767578124966
70.70166015625 39.825292968750006

