102.18300781250014 22.284033203125034
102.30136718750009 22.178173828125068
102.44267578124999 22.027148437500017
102.48750000000018 21.957763671875085
102.58251953125006 21.90429687500003
102.6096679687501 21.851757812499983
102.63125 21.771337890625034
102.64082031250007 21.71142578125
102.66201171875014 21.676025390625085
102.69531249999994 21.662109375000085
102.73857421875016 21.677929687500097
102.77109375000015 21.70966796875001
102.79824218750008 21.797949218750034
102.81591796875011 21.807373046875
102.84521484375006 21.73476562500005
102.87617187500007 21.72226562500009
102.91767578125013 21.712939453125045
102.94960937500008 21.681347656250097
102.95917968750018 21.626220703125057
102.94863281250008 21.569775390625097
102.90957031250008 21.50634765624997
102.8875 21.439941406250114
102.87226562500013 21.3375
102.8511718750002 21.265917968750017
102.8837890625 21.202587890625068
103.10449218750011 20.891650390625074
103.2107421875001 20.840625
103.46357421875007 20.779833984375102
103.55468750000006 20.737841796875074
103.6350585937501 20.69707031250013
103.7144531250002 20.71694335937508
103.79052734375 20.809521484375125
103.88203125000013 20.861425781250034
104.05205078125005 20.94121093750013
104.10136718750016 20.945507812500097
104.19531250000011 20.91396484375008
104.34960937500011 20.82109374999999
104.46142578125006 20.733740234375034
104.53037109375009 20.687988281250057
104.58320312500007 20.646679687499983
104.57519531249994 20.600244140625108
104.53271484375011 20.554882812500097
104.47861328125009 20.529589843750102
104.40781250000015 20.48574218750005
104.36777343750015 20.441406250000085
104.39218750000015 20.424755859375068
104.49619140625015 20.413671875000034
104.61884765625007 20.374511718750142
104.65644531250007 20.32851562499999
104.66191406250016 20.28901367187504
104.67695312500018 20.224707031249977
104.69873046875011 20.205322265625114
104.81269531250001 20.21684570312499
104.84785156250018 20.202441406250074
104.88867187500006 20.169091796875023
104.92919921874994 20.082812500000045
104.92792968750007 20.01811523437499
104.84580078125009 19.947167968750108
104.81513671875007 19.90400390625001
104.80175781250011 19.83613281250004
104.74316406250006 19.754736328124977
104.58789062500006 19.61875
104.54628906250014 19.610546875000097
104.25986328125009 19.685498046875097
104.12714843750007 19.68085937500004
104.06279296875005 19.678417968750068
104.03203125000005 19.675146484375034
104.0134765625001 19.64648437499997
104.05156250000016 19.564160156250068
104.06289062500014 19.48256835937505
104.02753906250013 19.420458984375102
103.93203125000014 19.366064453125034
103.89638671875014 19.33999023437505
103.89160156249994 19.304980468750017
103.91835937500008 19.26850585937504
104.00634765625006 19.23090820312504
104.10859375000013 19.195556640625114
104.44580078125006 18.983837890625068
104.51796875000014 18.934082031250142
104.61328125000011 18.860644531250102
104.71650390625007 18.803417968749983
104.99316406250011 18.728320312500045
105.11513671875002 18.678857421874994
105.14648437500011 18.650976562500006
105.14541015625014 18.616796874999977
105.11347656250001 18.57304687500013
105.08701171875015 18.496240234375108
105.08583984375008 18.450097656250108
105.11455078125016 18.405273437500057
105.16328125000007 18.338720703124977
105.27324218750016 18.235351562500057
105.33349609375011 18.189648437499983
105.40000000000015 18.179248046875017
105.45820312500018 18.154296875000085
105.51855468750006 18.077441406250045
105.58847656250015 17.983691406250045
105.59765625000006 17.918261718750045
105.62724609375016 17.834423828125097
105.69140625 17.737841796875045
105.77949218750007 17.644433593750108
105.90273437500008 17.528662109374977
105.97353515625008 17.44697265625004
106.00625 17.41528320312497
106.26953125000011 17.21679687500003
106.33339843750014 17.14370117187508
106.42597656250018 17.00253906250009
106.46533203125011 16.98183593750005
106.50224609375005 16.9541015625
106.52597656250009 16.876611328125023
106.53369140625 16.821044921875057
106.54619140625016 16.650732421875006
106.59365234375014 16.60009765625
106.6375 16.537939453125034
106.65644531250013 16.49262695312504
106.69609375000005 16.45898437500003
106.73955078124999 16.452539062500136
106.79160156250015 16.490332031250006
106.83242187500008 16.52626953125005
106.85107421875 16.515625
106.89277343750013 16.396533203125074
106.93066406250006 16.353125
107.00195312500011 16.311816406250045
107.06972656250014 16.279833984375102
107.21738281250009 16.136328125
107.29648437500015 16.084033203125017
107.35009765625006 16.0673828125
107.39638671875008 16.043017578125017
107.41015625000011 15.997851562500045
107.39199218750008 15.951660156250057
107.36064453125016 15.921728515624977
107.18886718750008 15.838623046875114
107.16591796875002 15.802490234375028
107.18955078125009 15.747265624999983
107.23261718750018 15.678076171875091
107.27939453125015 15.618701171875074
107.33876953125014 15.560498046875125
107.45957031250015 15.4658203125
107.56425781250005 15.391601562499986
107.62167968750015 15.309863281250031
107.653125 15.255224609375091
107.63369140625008 15.189843750000094
107.58964843749999 15.118457031250117
107.5552734375002 15.057031250000037
107.49628906250007 15.021435546875068
107.48037109375014 14.979882812500051
107.5046875000001 14.915917968750065
107.52451171875003 14.871826171874972
107.51376953125009 14.817382812500071
107.51943359375002 14.705078125000014
107.46513671875005 14.66499023437511
107.41474609375018 14.562890625000094
107.37988281250006 14.555322265625065
107.29267578125018 14.592382812500063
107.2623046875002 14.57211914062502
107.20664062500015 14.497900390624991
107.109375 14.416699218749969
107.06240234375008 14.415771484374957
107.03017578125008 14.425683593750023
106.99218749999994 14.391015625000065
106.93808593750015 14.327343750000068
106.91318359375015 14.329394531250045
106.81992187500003 14.314697265624972
106.7834960937501 14.335107421875051
106.73818359375008 14.387744140625117
106.66542968750002 14.441308593750009
106.59921875000009 14.479394531250051
106.56367187500007 14.50507812500004
106.53115234375002 14.549414062500006
106.50146484375011 14.57822265625002
106.44697265625018 14.515039062500108
106.35498046875011 14.454785156250097
106.26796875000014 14.466210937500108
106.22539062500016 14.476220703125023
106.1907226562501 14.388134765625011
106.16523437500018 14.372363281250003
106.0083984375002 14.3571777343751
105.97890625000014 14.343017578125057
106.00410156250013 14.262890625000082
106.09667968750006 14.127099609375122
106.12470703125007 14.049121093750045
106.06679687500008 13.921191406250102
105.90449218750007 13.924511718750068
105.83144531250008 13.976611328125017
105.76406250000014 14.049072265625043
105.73974609375006 14.084960937500071
105.5315429687501 14.156152343750009
105.39267578125009 14.107080078125051
105.3501953125002 14.10957031250011
105.28486328125013 14.16147460937502
105.24570312500015 14.200537109374991
105.20703125000006 14.259375
105.18554687499994 14.319091796874986
105.18330078125007 14.346240234375003
105.24365234375006 14.367871093749969
105.34218750000008 14.416699218749969
105.42265625000005 14.471630859374969
105.47558593750006 14.530126953124991
105.49736328125016 14.590673828125063
105.50019531250013 14.661230468750048
105.52304687500015 14.843310546875017
105.54667968749999 14.932470703125063
105.53339843750013 15.041601562500091
105.49042968750018 15.127587890625023
105.49042968750018 15.256591796875014
105.50585937500011 15.319628906250074
105.51318359375011 15.360888671875045
105.57373046875011 15.413232421875051
105.615625 15.488281249999972
105.63886718750013 15.585937499999972
105.64101562500014 15.656542968750045
105.62207031250006 15.699951171875114
105.56240234375002 15.741259765624989
105.46201171875015 15.78041992187508
105.39892578125011 15.829882812500102
105.37324218750013 15.889697265625045
105.37558593750015 15.942187500000074
105.40625 15.987451171875051
105.33066406250003 16.037890625000017
105.1487304687501 16.09355468749999
105.04716796875005 16.16025390625009
105.02578125000008 16.237988281250125
104.94990234375018 16.33994140625009
104.81933593749994 16.46606445312503
104.75058593750015 16.647558593750063
104.74355468750008 16.884375
104.75898437500013 17.0771484375
104.81601562500009 17.30029296875
104.73964843750008 17.461669921875
104.65585937500003 17.54672851562512
104.53925781250013 17.60927734375005
104.42812500000014 17.69897460937503
104.32265625000014 17.81582031250005
104.19619140625014 17.988378906250034
104.04873046875002 18.216699218749994
103.94960937500008 18.31899414062505
103.89882812500002 18.295312500000023
103.79228515625005 18.31650390625009
103.62968750000016 18.38256835937503
103.48798828125007 18.41816406250001
103.36699218750005 18.42333984375
103.28828125000007 18.408398437499983
103.25175781249999 18.373486328125068
103.24892578125014 18.338964843750034
103.27958984375005 18.304980468750045
103.26318359375011 18.27846679687505
103.19970703125006 18.25947265625001
103.1485351562502 18.221728515625045
103.09121093750008 18.13823242187499
103.05136718750009 18.02851562500004
102.99140625000018 17.986230468750108
102.89863281250007 17.976904296875006
102.80742187500016 17.945556640625
102.71757812500016 17.89223632812508
102.67519531250014 17.851757812500068
102.68007812500008 17.82412109375005
102.66064453125011 17.817968750000034
102.61679687500015 17.833349609375063
102.59609375000002 17.86962890625
102.59824218750009 17.926757812500085
102.55253906249999 17.965087890625085
102.4587890625001 17.98461914062497
102.35185546875005 18.045947265625017
102.23164062500007 18.148974609375045
102.14824218750016 18.203857421875057
102.10146484375014 18.21064453125001
102.03457031250002 18.16982421875005
101.94746093750001 18.081494140624983
101.87548828125011 18.046435546875045
101.81865234375016 18.064648437500097
101.77480468750002 18.03339843750004
101.744140625 17.952685546875045
101.6875 17.889404296875114
101.56367187500007 17.820507812500097
101.55507812500002 17.812353515625034
101.41367187500015 17.71875
101.29970703125014 17.625
101.16748046875011 17.49902343749997
101.10517578125001 17.479541015625102
101.04570312500005 17.509960937500068
100.95585937500005 17.541113281250034
100.9084960937501 17.58388671875005
100.99902343750006 17.797167968750074
101.11328125000006 18.033544921874977
101.14394531250008 18.142626953125017
101.14873046874999 18.222167968750057
101.1375 18.286865234375085
101.0927734375 18.354541015625017
101.0505859375001 18.407031250000045
101.04697265625009 18.441992187500063
101.06044921875014 18.47900390624997
101.10634765625008 18.533544921875063
101.16552734375006 18.618310546875108
101.22050781250016 18.79277343750013
101.28632812500007 18.977148437500034
101.27988281250009 19.088916015625045
101.22656250000006 19.211523437499977
101.19755859374999 19.327929687500074
101.22080078125015 19.486621093750074
101.21191406250011 19.54833984375003
101.15468750000008 19.57919921875012
100.96650390625013 19.610791015624983
100.90605468750005 19.605371093750108
100.85820312500005 19.585058593750063
100.80683593750007 19.541943359374983
100.74394531250005 19.514746093750034
100.62548828125 19.49985351562512
100.51357421875014 19.55346679687503
100.42011718750018 19.644482421875097
100.39765625000013 19.756103515625085
100.46621093750014 19.88891601562497
100.51455078125014 19.996337890625
100.54306640625009 20.08867187499999
100.53994140625008 20.132373046875017
100.51953125000006 20.17792968750004
100.49160156250008 20.184082031250057
100.43154296875008 20.240722656250057
100.3731445312502 20.340380859375102
100.31796875000003 20.38588867187505
100.26601562500014 20.377294921874977
100.2180664062501 20.339599609375114
100.17412109375016 20.272753906250017
100.13974609375015 20.24541015625013
100.11494140625018 20.257666015625034
100.12246093750002 20.31665039062497
100.12968750000016 20.372216796875023
100.1838867187501 20.58911132812497
100.2493164062501 20.730273437500045
100.32607421875008 20.795703125000045
100.40742187500007 20.823242187500057
100.49335937500018 20.812988281250114
100.56513671875013 20.82509765625008
100.62294921875002 20.85957031250001
100.61767578125011 20.87924804687512
100.54931640625011 20.884228515625068
100.5222656250001 20.921923828125102
100.53613281250011 20.992382812500068
100.56660156250018 21.038183593749977
100.61367187500008 21.05932617187503
100.65917968750011 21.130371093750114
100.70312500000011 21.25136718750008
100.75664062500016 21.312646484375108
100.81953125000018 21.314208984375085
100.92753906250016 21.36621093750003
101.0803710937501 21.468652343750108
101.13886718750007 21.567480468749977
101.19667968750002 21.522070312499977
101.1753906250002 21.407519531250074
101.20556640625006 21.383300781250114
101.21992187500013 21.34243164062505
101.21181640625008 21.278222656250023
101.22441406250005 21.223730468750034
101.24785156250005 21.197314453125074
101.28144531250007 21.184130859375045
101.44355468750001 21.230810546874977
101.54238281250008 21.23427734375005
101.58388671875014 21.203564453125097
101.62167968750009 21.18442382812512
101.66855468750003 21.169628906250125
101.70478515625013 21.150146484375057
101.7281250000002 21.15639648437508
101.78349609374999 21.204150390625045
101.8005859375001 21.212597656249983
101.80205078125016 21.23598632812505
101.76308593750014 21.27890625
101.7229492187501 21.314941406250057
101.72421875000009 21.39501953125003
101.74345703125005 21.53383789062505
101.74726562500018 21.605761718750074
101.7439453125001 21.77797851562505
101.73652343750001 21.826513671875006
101.69960937500008 21.882470703125023
101.60292968750002 21.98969726562504
101.57578125000015 22.055273437500063
101.56025390625007 22.120898437500102
101.56181640625005 22.162402343750045
101.53730468750013 22.209863281250108
101.52451171875009 22.25366210937497
101.56787109375006 22.2763671875
101.6199218750001 22.327441406250102
101.64619140625013 22.405419921874994
101.6714843750002 22.462304687500023
101.70751953125 22.486572265625
101.73876953125006 22.495263671874994
101.75996093750013 22.490332031250063
101.841796875 22.388476562500102
101.94541015625015 22.439404296874983
102.02441406250006 22.439208984375114
102.09150390625007 22.41225585937505
102.12744140625011 22.37919921874999

