27.4697265625 57.52402343750006
27.511132812499994 57.508154296875034
27.538671875 57.429785156250034
27.67275390625005 57.36811523437501
27.796875 57.31694335937496
27.82861328125003 57.293310546875034
27.838281250000023 57.247705078124994
27.83027343750001 57.194482421874966
27.814550781250006 57.16689453125005
27.762792968750034 57.13510742187506
27.717382812500006 57.05463867187501
27.711132812500068 56.978076171875045
27.639453125000017 56.845654296874955
27.65566406250005 56.84321289062501
27.80605468750005 56.867089843749994
27.8486328125 56.85341796875005
27.881542968750068 56.82416992187504
27.89208984374997 56.74106445312498
27.94140625 56.703710937500006
27.991601562499994 56.64531250000002
28.00751953125004 56.59985351562497
28.103125 56.54570312499996
28.110839843750057 56.51069335937504
28.169238281250045 56.38686523437502
28.191699218750017 56.315576171874966
28.20205078125008 56.26040039062502
28.17333984375 56.19033203125005
28.147949218750057 56.14291992187498
28.117871093750068 56.14580078125002
28.032031250000074 56.13330078124997
27.896289062500045 56.07617187500006
27.694238281249994 55.941552734374994
27.642285156250068 55.911718750000034
27.589453125000063 55.809179687500006
27.576757812500034 55.79877929687504
27.459179687500068 55.80351562500002
27.427148437500023 55.80595703124999
27.309179687500063 55.80390625000001
27.052539062500017 55.83056640625003
26.95302734375008 55.81293945312498
26.82246093750004 55.709228515625
26.771875 55.693994140624994
26.620214843750034 55.67963867187501
26.593554687500017 55.66752929687502
26.542871093749994 55.672412109375045
26.401074218750068 55.703808593749955
26.28125 55.750439453124955
26.209570312500034 55.812109375
26.085546875 55.896875
26.004199218750045 55.940136718749955
25.876367187500023 55.99433593749998
25.663183593750034 56.104833984375034
25.585742187500045 56.130175781250045
25.20693359375005 56.17841796875001
25.069921875000034 56.200390624999955
24.94384765625003 56.325585937499966
24.903027343750068 56.39819335937503
24.84101562500004 56.41118164062502
24.77324218749999 56.395898437499994
24.699511718750074 56.381298828124955
24.529003906250068 56.29628906250005
24.473632812500057 56.28408203125005
24.36787109375001 56.28300781250002
24.120703125 56.264257812500006
24.008203125000023 56.295263671875006
23.812695312500068 56.32924804687502
23.706738281250068 56.33461914062505
23.61269531250008 56.33383789062506
23.195898437499977 56.36713867187501
23.11982421875004 56.330664062500034
23.04296875 56.324072265625034
22.968261718750057 56.380419921875045
22.875585937500006 56.39643554687501
22.773242187500045 56.377294921875034
22.5869140625 56.375097656250034
22.36591796875001 56.39287109375002
22.084570312500063 56.40673828125
22.042871093750023 56.40078125000002
21.730566406250063 56.32597656249996
21.65351562500001 56.314550781250034
21.314648437500068 56.18813476562505
21.046093750000068 56.07006835937506
21.014941406250017 56.258935546874994
21.03144531250001 56.636572265625006
21.071289062500057 56.82373046875003
21.257421875000034 56.93276367187505
21.350781250000068 57.017675781250006
21.405078125000017 57.13100585937502
21.421484375000063 57.23583984375006
21.45917968750001 57.32246093750004
21.72871093750004 57.57099609375004
21.942382812500057 57.59785156250001
22.231445312500057 57.66679687500002
22.55458984375008 57.724267578124994
22.61699218749999 57.65117187500002
22.64863281250004 57.59536132812502
23.03779296875001 57.39208984375
23.136816406250034 57.323828125000034
23.28730468750004 57.08974609375005
23.647753906250017 56.971044921875034
23.93115234375003 57.00849609375001
24.054296874999977 57.06611328125004
24.28125 57.17231445312498
24.38261718749999 57.25004882812502
24.403222656250023 57.325
24.362988281249983 57.64531249999999
24.30156249999999 57.78413085937501
24.322558593750017 57.87060546875006
24.3625 57.86616210937504
24.45888671875008 57.907861328124994
24.77578125000008 57.985253906249966
24.839062499999983 57.988720703124955
24.911328125000068 58.00458984374998
25.111035156250068 58.06342773437498
25.17519531250008 58.03212890625002
25.228710937500068 57.99658203125006
25.258300781250057 57.99614257812496
25.27265625000004 58.009375
25.268652343750034 58.03222656250003
25.282617187500023 58.048486328124966
25.34003906250001 58.03945312499999
25.57128906250003 57.94277343750002
25.66015625000003 57.92016601562503
25.720898437500068 57.91381835937497
25.79375 57.868554687499994
25.99111328125005 57.83818359375002
26.015234375000063 57.814746093750045
26.030371093750034 57.78554687500005
26.21503906250001 57.662744140624994
26.29804687500004 57.60107421875003
26.462109375000068 57.54448242187496
26.53261718750005 57.53100585937497
26.819726562499994 57.588720703125006
26.89980468750008 57.608789062499994
26.966015625000068 57.609130859375
27.03339843750001 57.57875976562502
27.187109375000063 57.53833007812503
27.32656250000005 57.525488281250006
27.35195312500008 57.528125

