35.84072265625002 33.415673828124994
35.7875 33.36977539062505
35.734472656250034 33.332617187500034
35.627246093750045 33.27504882812502
35.60292968750008 33.240625
35.57929687500007 33.271484375
35.53251953124999 33.25048828125
35.4931640625 33.119482421875034
35.41123046875009 33.07568359375
35.308886718750045 33.07954101562498
35.22333984375001 33.09199218750004
35.10859375000007 33.08369140625004
35.155078125000045 33.160009765625034
35.20351562500002 33.25898437500004
35.25136718750002 33.39262695312499
35.33574218749999 33.50346679687502
35.510839843750034 33.879736328125034
35.61181640625 34.03217773437498
35.64785156250008 34.248242187499955
35.804296875000034 34.43740234375005
35.92138671875 34.493310546874966
35.97792968750008 34.54741210937499
35.97626953125001 34.629199218750045
36.15107421875001 34.62861328125001
36.26357421875002 34.63286132812499
36.29628906250002 34.6787109375
36.38388671875009 34.65791015625001
36.43300781250008 34.61347656250004
36.388671875 34.56689453125003
36.32626953125009 34.513330078124966
36.32988281249999 34.499609375
36.37646484375 34.49516601562499
36.45556640625006 34.466162109375034
36.50439453125006 34.432373046875
36.5849609375 34.22124023437496
36.53515625 34.13432617187502
36.45751953125 34.056835937499955
36.42285156250006 34.049853515625045
36.35488281250002 34.011328125
36.29785156250006 33.95864257812502
36.27783203125006 33.92529296874997
36.2822265625 33.89418945312505
36.36279296875006 33.855126953124994
36.36503906249999 33.83935546874997
36.34853515625008 33.82705078125005
36.28339843750007 33.835595703124994
36.19941406250007 33.83955078125001
36.14980468750002 33.839501953124994
36.09218750000008 33.83159179687499
36.01884765624999 33.78393554687506
35.98613281249999 33.75263671874998
35.96845703125001 33.73242187500003
35.9423828125 33.66757812500006
35.97167968750006 33.62309570312496
36.026660156250045 33.59794921874999
36.034472656250045 33.585058593750034
36.022265625000045 33.5625
35.96757812499999 33.53457031250005
35.92656249999999 33.50029296874999
35.91474609375001 33.46538085937499
35.869140625 33.43173828125006

