28.646875 -30.1265625
28.634375 -30.12871093749999
28.57666015625 -30.123046874999986
28.499609375000034 -30.12890625000003
28.439062500000034 -30.142480468750037
28.392089843750057 -30.147558593750006
28.3154296875 -30.21845703124997
28.17617187500005 -30.409863281249983
28.139062500000023 -30.44990234374997
28.128710937500045 -30.52509765625001
28.09638671875004 -30.58457031250005
28.056835937500068 -30.63105468750001
28.018164062500006 -30.642285156249983
27.90185546875003 -30.62382812499996
27.753125 -30.6
27.666601562500063 -30.54228515624996
27.589648437500017 -30.466406250000034
27.549023437499983 -30.41123046874999
27.50654296875004 -30.380957031250034
27.491992187500017 -30.36396484375004
27.431445312500017 -30.338476562500006
27.40859375000008 -30.325292968749977
27.388476562500045 -30.31591796875003
27.364062500000045 -30.27919921875001
27.349707031250063 -30.247363281250003
27.35537109375005 -30.158593750000037
27.312695312500068 -30.105664062499997
27.239746093750057 -30.015332031249983
27.19355468750004 -29.941308593749994
27.130468749999977 -29.840234375
27.091796875 -29.753710937499974
27.05175781250003 -29.6640625
27.056933593750017 -29.625585937499977
27.09521484375 -29.599316406250054
27.207421875000023 -29.55419921875
27.29453125 -29.519335937500003
27.356835937499994 -29.45527343750001
27.424902343750006 -29.360058593749983
27.4580078125 -29.30273437500003
27.491015625000074 -29.276562500000026
27.527148437500074 -29.23613281249996
27.59023437500005 -29.146484374999986
27.660449218750045 -29.046972656249963
27.735546875000068 -28.940039062500034
27.830371093750017 -28.909082031250023
27.959863281250023 -28.87333984375003
28.084375 -28.77998046875001
28.232617187499983 -28.701269531249963
28.471875 -28.615820312499963
28.58339843750005 -28.59414062499999
28.625781250000074 -28.58173828125004
28.652636718750017 -28.59785156250004
28.68115234374997 -28.646777343749974
28.721777343750006 -28.68769531250004
28.816210937500045 -28.758886718749977
28.85625 -28.776074218750026
28.953710937500006 -28.88144531249999
29.058007812500023 -28.953710937499977
29.178027343750045 -29.03691406249996
29.259765625000114 -29.07832031250004
29.301367187500034 -29.08984375
29.335937500000057 -29.16367187500002
29.370898437500102 -29.218457031249997
29.390722656250034 -29.269726562500054
29.386718750000114 -29.319726562500023
29.34882812500001 -29.441992187499977
29.293554687500034 -29.566894531250014
29.249218750000182 -29.618847656250026
29.195117187500045 -29.65166015624996
29.142187500000034 -29.700976562499974
29.12197265625008 -29.801171874999966
29.09804687499999 -29.91904296874999
29.029003906250068 -29.967578125000017
28.97529296875004 -29.999414062500023
28.90107421875001 -30.038476562499994
28.736914062500063 -30.101953125000037

