-8.46728515625 7.547021484375023
-8.437158203124994 7.51640625
-8.40874023437496 7.411816406250011
-8.296630859374943 7.074023437500031
-8.302343749999949 6.980957031249986
-8.32451171874996 6.920019531250006
-8.325097656249966 6.860400390625031
-8.332568359374989 6.801562500000031
-8.401220703124949 6.705126953125017
-8.60356445312496 6.507812500000057
-8.587890624999972 6.490527343750003
-8.539550781249972 6.468066406250045
-8.490332031249977 6.456396484374977
-8.449902343750011 6.4625
-8.399316406249994 6.413183593749963
-8.344873046875023 6.351269531250054
-8.287109374999972 6.319042968749969
-8.203857421874972 6.290722656249969
-8.131005859374966 6.28754882812504
-8.06894531249992 6.298388671875017
-7.981591796874994 6.286132812500014
-7.888623046874955 6.234863281250043
-7.85551757812496 6.150146484375014
-7.833251953124972 6.076367187499997
-7.800927734374937 6.038916015625006
-7.796533203124937 5.975097656249972
-7.730371093749966 5.919042968750006
-7.636132812499937 5.907714843750014
-7.513916015625 5.842041015625043
-7.482812499999966 5.845507812500045
-7.469433593749926 5.853710937500026
-7.45439453124996 5.841308593749986
-7.423730468749937 5.651318359374997
-7.399902343749972 5.550585937500003
-7.412451171874949 5.509912109374966
-7.428906249999926 5.47788085937502
-7.429833984374937 5.324511718750031
-7.48520507812492 5.236425781250034
-7.494140624999972 5.13979492187498
-7.509765624999972 5.108496093749991
-7.568896484374932 5.080664062500006
-7.569335937500028 5.006445312499991
-7.585058593749949 4.916748046875014
-7.591210937499937 4.821533203124972
-7.574658203124955 4.572314453125003
-7.571582031249932 4.386425781249969
-7.544970703124932 4.351318359375014
-7.66000976562492 4.366796874999963
-7.998242187500011 4.508691406250009
-8.259033203125028 4.589990234374966
-9.13217773437492 5.05463867187504
-9.374755859374943 5.241064453125006
-9.654394531249977 5.51870117187498
-10.276367187499943 6.077636718749986
-10.418164062499983 6.167333984374963
-10.597070312500023 6.210937499999972
-10.707617187499977 6.258496093749983
-10.785595703124955 6.31015625000002
-10.849023437499994 6.465087890625057
-11.004541015624966 6.557373046875028
-11.29160156249992 6.688232421875043
-11.507519531249955 6.906542968750017
-11.454541015624983 6.951220703124974
-11.376660156249926 7.094677734374983
-11.267675781249949 7.232617187500011
-11.166113281249949 7.314404296874983
-11.085400390624926 7.39858398437498
-11.000244140625 7.463037109374966
-10.878076171874966 7.538232421875009
-10.691308593749937 7.736425781249977
-10.647460937499972 7.759375
-10.617578125000023 7.896435546874983
-10.570849609374989 8.071142578125048
-10.516748046874994 8.125292968749974
-10.389550781250023 8.157617187499994
-10.359814453124983 8.18793945312504
-10.314648437499926 8.310839843750031
-10.28574218749992 8.4541015625
-10.283203125000028 8.485156250000017
-10.233056640625023 8.48881835937496
-10.147412109374983 8.51972656250004
-10.097656249999972 8.505859374999972
-10.075683593750028 8.464599609375
-10.064355468749937 8.42988281250004
-9.80473632812496 8.519189453125023
-9.781982421874943 8.537695312499977
-9.768261718750011 8.534570312500051
-9.735595703125 8.453955078124963
-9.71689453124992 8.458886718749994
-9.701171875 8.482177734375028
-9.68388671874996 8.484423828125045
-9.66357421875 8.473535156250051
-9.643212890624937 8.436035156250043
-9.610156249999932 8.402343750000014
-9.553906249999955 8.378613281249983
-9.518261718749955 8.346093750000023
-9.522216796874972 8.260009765624972
-9.508496093749926 8.176269531249972
-9.484130859374943 8.156982421875043
-9.471142578124955 8.106982421874974
-9.464550781249955 8.052099609374991
-9.451123046874955 8.023242187499974
-9.441552734374966 7.96791992187498
-9.446386718749977 7.908496093750045
-9.43632812499996 7.866699218750057
-9.394921874999966 7.794628906250026
-9.369140624999972 7.703808593749997
-9.368945312500017 7.639550781250051
-9.383984374999955 7.571875
-9.411474609374977 7.509960937500026
-9.45976562499996 7.442529296874966
-9.463818359374983 7.415869140625048
-9.435107421874989 7.398437500000043
-9.391650390624932 7.394921875000037
-9.355322265624977 7.40869140625
-9.263281249999977 7.377734375
-9.215185546874949 7.333300781250003
-9.172851562499943 7.27841796875002
-9.134814453125017 7.250585937500034
-9.117578124999966 7.215917968749991
-9.052343749999977 7.22548828124998
-8.9765625 7.258886718750034
-8.960986328124932 7.27460937500004
-8.938427734374955 7.266162109375003
-8.889648437499972 7.262695312500014
-8.85551757812496 7.322802734375003
-8.827929687499932 7.391943359374963
-8.769140624999949 7.466796875000028
-8.740234375 7.495703124999963
-8.732617187499955 7.543554687500034
-8.729443359374926 7.605273437499989
-8.708300781249989 7.658886718749997
-8.659765624999949 7.688378906250051
-8.607324218750023 7.687939453125054
-8.578857421874972 7.67705078124996
-8.564404296874983 7.625097656250034
-8.522265624999989 7.585546874999977
-8.486425781249977 7.558496093749966

