25.11201171875001 31.626904296874983
25.057226562500034 31.56718749999999
25.02265625000001 31.514013671874977
24.929980468750045 31.42749023437503
24.85273437500001 31.334814453124977
24.859960937499977 31.199169921874983
24.877539062500006 31.06123046875004
24.929492187500017 30.92646484375001
24.973925781250017 30.77656250000004
24.961425781250057 30.678515625000045
24.92304687500004 30.558007812499994
24.877539062500006 30.457519531250057
24.72646484375005 30.250585937499977
24.703222656250034 30.201074218750023
24.71162109375004 30.131542968749983
24.80371093749997 29.88603515624996
24.810839843750017 29.808740234375023
24.86591796875004 29.57026367187504
24.916113281250063 29.376269531250045
24.9716796875 29.223828124999983
24.980273437500074 29.181884765625057
24.980273437500074 28.957324218750045
24.980273437500074 28.732763671875034
24.980273437500074 28.508203125000023
24.980273437500074 28.28364257812501
24.980273437500074 28.05908203125
24.980273437500074 27.83452148437499
24.980273437500074 27.609960937500006
24.980273437500074 27.385400390624994
24.980273437500074 27.160839843749983
24.980273437500074 26.936230468749955
24.980273437500074 26.71166992187503
24.980273437500074 26.487109375000017
24.980273437500074 26.262548828125034
24.980273437500074 26.037988281250023
24.980273437500074 25.81342773437501
24.980273437500074 25.5888671875
24.980273437500074 25.36430664062499
24.980273437500074 25.139746093749977
24.980273437500074 24.915185546874966
24.980273437500074 24.690625
24.980273437500074 24.466064453125057
24.980273437500074 24.241503906250045
24.980273437500074 24.016943359375034
24.980273437500074 23.792382812500023
24.980273437500074 23.56782226562501
24.980273437500074 23.34321289062501
24.980273437500074 23.11865234375
24.980273437500074 22.89409179687499
24.980273437500074 22.669531249999977
24.980273437500074 22.444970703124966
24.980273437500074 22.220410156249955
24.980273437500074 21.99584960937503
24.980078125000034 21.497558593750057
24.97988281250008 20.999218749999955
24.97968750000004 20.500927734374955
24.9794921875 20.002587890625023
24.976367187500074 20.000781250000017
24.973242187500063 19.99902343750003
24.97021484374997 19.99726562500001
24.96699218750004 19.995458984375006
24.720410156250068 19.99555664062501
24.473632812500057 19.995703125000063
24.22695312500008 19.995849609375
23.980273437500017 19.995947265625006
23.980273437500017 19.87109374999997
23.980273437500017 19.746289062499955
23.980273437500017 19.621484375000023
23.980273437500017 19.49663085937499
23.501269531250017 19.733203125000045
23.02216796875004 19.969775390625017
22.543066406250034 20.206347656250074
22.064062500000063 20.442919921875045
21.58496093749997 20.679492187500017
21.10585937500008 20.916113281249977
20.626757812500074 21.152636718750017
20.147656249999983 21.389257812500006
19.668554687500006 21.625830078124977
19.189453125 21.862402343750034
18.71044921875003 22.098974609375006
18.231347656250023 22.335546875000063
17.752246093750045 22.572119140625034
17.273242187500074 22.808691406250006
16.794140625000068 23.045263671875063
16.315039062499977 23.281835937500006
15.984082031250068 23.445214843749994
15.627148437500011 23.285742187500006
15.347460937500045 23.160693359375017
14.979003906250028 22.996191406250006
14.97890625 22.99628906250001
14.555664062500028 22.78251953124999
14.230761718749989 22.618457031250045
14.215527343750011 22.619677734375045
14.20068359375 22.623730468749983
13.86269531250008 22.90209960937503
13.5986328125 23.11953125
13.48125 23.18017578125
12.98359375000004 23.29125976562497
12.488769531250028 23.401660156250017
11.967871093750034 23.517871093750045
11.873046875 23.694824218750057
11.766992187500051 23.892578125
11.624218750000011 24.13969726562499
11.536914062499989 24.290820312500045
11.507617187500074 24.314355468749966
11.108203125000045 24.43403320312501
10.686132812500034 24.551367187500006
10.438964843750057 24.480224609375
10.39589843750008 24.48559570312503
10.32578125 24.530224609374983
10.255859375000057 24.59101562500001
10.218652343750023 24.676220703124955
10.11953125000008 24.79023437500001
10.028125 25.05102539062503
10.019042968750028 25.25854492187503
10.000683593750011 25.33208007812499
9.781054687500045 25.62426757812503
9.58125 25.89013671875
9.4482421875 26.067138671875
9.422363281250057 26.147070312500034
9.437890625000023 26.245507812500023
9.491406250000011 26.333740234375057
9.684960937499994 26.43823242187503
9.859375 26.55195312500001
9.88320312500008 26.630810546874983
9.894433593750051 26.84794921874999
9.837109375000011 26.91582031249996
9.795410156250028 27.044775390625034
9.752539062500006 27.219335937500006
9.747558593750057 27.33085937499999
9.825292968750006 27.55297851562503
9.916015625 27.78569335937499
9.858203125000045 28.043310546875006
9.815625 28.56020507812505
9.842578125000045 28.966992187499955
9.820703125000023 29.11479492187496
9.805273437500006 29.17695312500001
9.745898437500074 29.36894531249996
9.672656250000074 29.566992187499977
9.640136718750028 29.63642578125001
9.546191406250074 29.795947265625017
9.39101562500008 29.993652343750057
9.31025390625004 30.11523437500003
9.420996093750063 30.179296875000034
9.51875 30.229394531250023
9.637988281250017 30.282324218750063
9.807421875000074 30.34223632812501
9.89501953125 30.387304687500034
9.93251953125008 30.42534179687499
10.059765625000068 30.58007812499997
10.125976562500057 30.665966796874983
10.21640625 30.783203125000057
10.256054687500011 30.86494140625001
10.257031250000011 30.940820312500023
10.243359375000068 31.03212890625005
10.172656250000074 31.250976562500057
10.11494140625004 31.463769531249966
10.15986328125004 31.545800781249994
10.195996093750011 31.585107421874994
10.27460937500004 31.684960937499994
10.306054687500051 31.704833984375057
10.475781250000011 31.73603515625001
10.543652343750068 31.80253906249996
10.595507812500045 31.885742187500057
10.608886718750028 31.929541015625006
10.683007812500023 31.975390625000017
10.771582031250034 32.02119140625001
10.826367187500011 32.08066406250006
11.005175781250017 32.17270507812498
11.168261718750045 32.25673828125005
11.358007812500063 32.34521484375003
11.504980468750063 32.413671875000034
11.535937500000074 32.47333984375004
11.533789062500063 32.52495117187499
11.453906250000045 32.64257812500006
11.453906250000045 32.781689453124955
11.459179687500068 32.897363281249994
11.4671875 32.965722656249966
11.50244140625 33.15556640625002
11.504589843750068 33.18193359374996
11.657128906250051 33.118896484375
11.813476562500028 33.09370117187504
12.279882812500006 32.858544921874994
12.427050781250074 32.82910156250003
12.753515625000063 32.80107421875002
13.138085937500051 32.897363281249994
13.283496093750017 32.91464843750006
13.536328125000011 32.82426757812502
13.647753906250074 32.798828125
13.835351562499994 32.79179687499999
14.15566406250008 32.70976562499996
14.237109375000045 32.68125
14.423828125 32.55029296875
14.513378906250011 32.511083984375006
15.176562500000045 32.39116210937499
15.266894531250045 32.31166992187505
15.359082031250011 32.15966796875
15.363085937500017 31.971191406250057
15.414062500000028 31.83422851562503
15.496386718750017 31.656787109375045
15.595800781250006 31.531103515625006
15.70595703125008 31.426416015624994
15.83222656250004 31.360986328124994
16.12304687500003 31.264453125000045
16.450976562500045 31.22729492187503
16.781542968750074 31.21474609375005
17.34921875 31.081494140624983
17.83046875000008 30.927587890624977
17.949316406250034 30.851904296875006
18.190429687500057 30.77729492187501
18.669824218750023 30.41567382812505
18.93642578125005 30.290429687500023
19.12373046875004 30.266113281250057
19.29169921875004 30.2880859375
19.58984375000003 30.41376953125001
19.71328125000005 30.488378906250034
20.013183593750057 30.800683593749966
20.11152343750001 30.963720703125063
20.150976562500063 31.07861328125003
20.14111328125 31.19550781250004
20.103808593750045 31.30053710937503
20.02001953125003 31.41064453124997
19.961230468750017 31.556005859375006
19.926367187500034 31.817529296874994
19.973437500000017 31.999072265625045
20.03095703125001 32.10786132812501
20.12148437500008 32.21875
20.37060546875003 32.43076171875006
20.62109375 32.580175781250034
21.062304687500074 32.77553710937505
21.31875 32.777685546875034
21.424707031250023 32.79916992187498
21.635937500000068 32.93730468749996
21.721386718750068 32.942480468750034
21.839453125000034 32.90864257812498
22.18740234375005 32.91826171874999
22.340625 32.8798828125
22.52343750000003 32.79394531249997
22.75410156250004 32.74052734375002
22.91689453125008 32.687158203124994
23.090625 32.61875
23.12968749999999 32.44814453125005
23.110449218749977 32.39741210937501
23.10625 32.331445312499994
23.28632812500004 32.21381835937501
23.797656250000017 32.15869140625006
23.89843750000003 32.12719726562503
24.03896484375005 32.03701171875005
24.129687500000074 32.00922851562498
24.479785156250074 31.996533203124983
24.68388671874999 32.015966796875034
24.878515625000034 31.98427734375005
24.95068359375 31.953710937500034
25.025 31.883349609375017
25.11503906249999 31.712304687499966
25.150488281250034 31.65498046875001

