20.957812500000017 55.27890624999998
20.899804687500023 55.28666992187496
21.014062500000023 55.401953125
21.05761718750003 55.47680664062497
21.087890625000057 55.58310546874998
21.114843750000034 55.61650390625002
21.11572265625003 55.568164062500045
21.103906250000023 55.48774414062498
21.03173828124997 55.350488281249994

25.069921875000034 56.200390624999955
25.20693359375005 56.17841796875001
25.585742187500045 56.130175781250045
25.663183593750034 56.104833984375034
25.876367187500023 55.99433593749998
26.004199218750045 55.940136718749955
26.085546875 55.896875
26.209570312500034 55.812109375
26.28125 55.750439453124955
26.401074218750068 55.703808593749955
26.542871093749994 55.672412109375045
26.593554687500017 55.66752929687502
26.5908203125 55.622656250000034
26.56660156250004 55.54648437500006
26.519238281250068 55.448144531249994
26.469531250000074 55.371923828125034
26.457617187500034 55.34248046874998
26.495312499999983 55.318017578124966
26.68125 55.30644531250002
26.76015625000005 55.29335937499999
26.775683593750017 55.27309570312505
26.734375 55.24677734375001
26.675 55.22490234374999
26.64843750000003 55.204199218750034
26.601171875000063 55.13017578124999
26.291796875000017 55.13959960937504
26.250781250000017 55.12451171874997
26.23125 55.09013671874999
26.2158203125 55.05039062499998
26.17519531250005 55.00327148437506
26.09296875000001 54.962304687499966
25.964453125000034 54.947167968749994
25.859277343749994 54.919287109375006
25.780859375 54.83325195312497
25.722460937500017 54.717871093750006
25.723925781250045 54.63603515625002
25.73164062500001 54.59038085937496
25.72480468750004 54.56425781249996
25.685156250000063 54.53579101562502
25.620312499999983 54.46040039062504
25.567578124999983 54.377050781250034
25.547363281250057 54.33183593749996
25.55751953125008 54.310693359374994
25.61689453125001 54.31010742187496
25.70253906250005 54.29296875000003
25.748144531250006 54.259667968749994
25.76503906250008 54.22119140624997
25.765234375000034 54.17978515624998
25.74921875000004 54.15698242187503
25.680566406250023 54.14047851562506
25.573046875000045 54.13989257812503
25.510351562500063 54.159619140624955
25.497363281250074 54.17524414062504
25.527343750000057 54.21513671874999
25.50566406249999 54.26494140625002
25.461132812500068 54.29277343749999
25.37060546875 54.25122070312506
25.28369140624997 54.25126953124999
25.179492187500074 54.214257812499994
25.111425781250063 54.154931640624966
25.046093750000068 54.13305664062506
24.86953125000008 54.14516601562502
24.82568359375003 54.118994140625034
24.789257812500068 53.99824218750004
24.768164062500034 53.97465820312502
24.620703125 53.979833984375006
24.478515625 53.93183593750001
24.317968750000063 53.89296875
24.236621093750017 53.91997070312499
24.191308593750023 53.95043945312497
24.10390625000005 53.94501953125001
24.008496093750068 53.93164062500006
23.944433593749977 53.93896484375003
23.87255859375 53.935693359374994
23.733691406250045 53.91225585937502
23.55908203125 53.91982421875005
23.484667968750017 53.939794921875034
23.477636718750006 53.95893554687501
23.483007812500034 54.005957031250006
23.48134765625005 54.079003906249966
23.45361328125 54.14345703125005
23.370117187500057 54.20048828125002
23.282324218750006 54.24033203125006
23.170312500000023 54.28144531249998
23.0875 54.29946289062502
23.04218750000004 54.30419921875
23.031933593750068 54.32788085937503
23.015527343750023 54.34833984375004
22.97675781250001 54.366357421874966
22.893945312500023 54.39052734375002
22.82373046875003 54.39580078125002
22.766210937500034 54.35678710937498
22.72431640625001 54.40561523437498
22.67988281250001 54.493017578125034
22.68447265625008 54.562939453124955
22.70966796875004 54.63261718749996
22.83125 54.83847656249998
22.82470703125003 54.87128906249998
22.73652343750001 54.928857421874994
22.62744140625 54.970703125
22.567285156249994 55.05913085937499
22.34638671875004 55.06425781249996
22.13789062500001 55.059375
22.072363281250063 55.06367187500001
21.87392578125005 55.10073242187502
21.682714843750006 55.16035156249998
21.55468750000003 55.1953125
21.447070312500045 55.23442382812499
21.389257812499977 55.27553710937502
21.29755859375004 55.26445312499999
21.23574218750008 55.26411132812498
21.236328125 55.27119140625001
21.201074218750023 55.34379882812499
21.237890625000063 55.45502929687498
21.17109375000004 55.61772460937502
21.061914062499994 55.81342773437498
21.053808593750034 56.02294921875006
21.046093750000068 56.07006835937506
21.314648437500068 56.18813476562505
21.65351562500001 56.314550781250034
21.730566406250063 56.32597656249996
22.042871093750023 56.40078125000002
22.084570312500063 56.40673828125
22.36591796875001 56.39287109375002
22.5869140625 56.375097656250034
22.773242187500045 56.377294921875034
22.875585937500006 56.39643554687501
22.968261718750057 56.380419921875045
23.04296875 56.324072265625034
23.11982421875004 56.330664062500034
23.195898437499977 56.36713867187501
23.61269531250008 56.33383789062506
23.706738281250068 56.33461914062505
23.812695312500068 56.32924804687502
24.008203125000023 56.295263671875006
24.120703125 56.264257812500006
24.36787109375001 56.28300781250002
24.473632812500057 56.28408203125005
24.529003906250068 56.29628906250005
24.699511718750074 56.381298828124955
24.77324218749999 56.395898437499994
24.84101562500004 56.41118164062502
24.903027343750068 56.39819335937503
24.94384765625003 56.325585937499966

