6.108300781249994 50.09423828125003
6.109765625000023 50.034375
6.138183593750057 49.97431640625004
6.204882812500045 49.91513671875006
6.256054687499983 49.872167968750006
6.324609375000023 49.83789062500003
6.44091796875 49.805322265624966
6.487304687500028 49.798486328124994
6.49375 49.75439453125
6.484765625000051 49.70781250000002
6.444628906250045 49.68203125
6.406738281250057 49.64497070312498
6.378320312500023 49.599609375
6.348437500000074 49.51269531250006
6.344335937500034 49.452734375
6.277343749999972 49.4775390625
6.2421875 49.494335937499955
6.18105468750008 49.498925781249994
6.119921875000074 49.485205078125034
6.074121093750051 49.454638671875045
6.011425781250068 49.44545898437502
5.959472656250057 49.454638671875045
5.92890625000004 49.4775390625
5.901367187500028 49.48974609375
5.82343750000004 49.50507812500001
5.78974609375004 49.53828125000001
5.815429687500028 49.55380859374998
5.837597656250011 49.57832031250001
5.856542968750034 49.61284179687502
5.880371093750028 49.64477539062506
5.803710937500028 49.732177734375
5.787988281250023 49.758886718750034
5.725 49.808300781249955
5.72578125000004 49.833349609375006
5.740820312500006 49.85717773437497
5.735253906250023 49.875634765624994
5.744042968750051 49.91962890624998
5.788085937500057 49.961230468750045
5.817382812500057 50.01269531250003
5.866894531250011 50.08281250000002
5.976269531250011 50.16718749999998
6.054785156250034 50.15429687500003
6.089062499999983 50.15458984374999
6.110058593750011 50.12377929687503
6.116503906250074 50.120996093749994

