22.498242187500068 42.16508789062499
22.58271484375004 42.10483398437498
22.682324218750068 42.05913085937499
22.796093750000068 42.02568359375002
22.836816406250023 41.993603515624955
22.90917968750003 41.83520507812503
22.943945312500006 41.77509765625004
22.991992187500017 41.757177734375034
23.003613281250068 41.739843750000034
23.005664062500045 41.716943359374994
22.951464843750017 41.605615234374966
22.92968750000003 41.35610351562502
22.916015625 41.33627929687498
22.85927734375008 41.33735351562501
22.783886718750068 41.33198242187498
22.755078125000068 41.31274414062497
22.72480468750004 41.17851562499999
22.603613281250034 41.14018554687499
22.49355468750008 41.118505859375034
22.40078125 41.123388671875034
22.23769531250008 41.15517578125002
22.18447265625008 41.15864257812504
22.13886718750004 41.140527343749994
21.99335937500004 41.13095703124998
21.929492187500017 41.107421875
21.77949218750001 40.95043945312497
21.627539062500034 40.89633789062506
21.575781250000063 40.86894531249999
21.45966796875004 40.903613281250045
21.404101562500074 40.907177734374955
21.323730468750057 40.86713867187498
21.147558593750034 40.863134765625034
21.1 40.856152343749955
20.964257812499994 40.84990234375002
20.95859375 40.87153320312498
20.93349609375005 40.903125
20.870214843750034 40.91791992187501
20.740820312500034 40.90527343750003
20.709277343750017 40.92836914062502
20.656054687500017 41.061669921874994
20.614453125000068 41.08305664062499
20.56787109374997 41.127832031249966
20.488964843750068 41.272607421874966
20.48701171875004 41.33608398437502
20.492382812500068 41.39140625000002
20.448632812500023 41.52128906250002
20.4755859375 41.55410156250005
20.516210937500034 41.57475585937499
20.51660156250003 41.62705078124998
20.50517578124999 41.70649414062501
20.553125 41.86235351562496
20.56621093749999 41.87368164062505
20.578515625000023 41.86621093750003
20.694921875000034 41.85380859374999
20.725 41.87353515625
20.744140625 41.90429687499997
20.75039062500005 42.01835937500002
20.778125 42.07104492187503
21.05976562500001 42.17128906250002
21.14248046875008 42.175
21.206054687500057 42.12895507812499
21.25634765625 42.09951171875005
21.28662109375003 42.10039062499996
21.29755859375004 42.130078124999955
21.331738281249983 42.18715820312505
21.38955078125005 42.219824218750034
21.560839843750045 42.247656250000034
21.5625 42.24750976562498
21.618261718750006 42.242138671874955
21.739257812500057 42.26772460937502
21.814648437500068 42.303125
21.853027343750057 42.30839843749996
21.904101562500074 42.32207031249999
21.97753906250003 42.32006835937503
22.052050781250017 42.30463867187501
22.14667968750001 42.325
22.239746093750057 42.35815429687497
22.27705078125001 42.34985351562497
22.31738281249997 42.32172851562501
22.344042968750074 42.31396484375003

