49.824023437500045 -17.08652343750002
49.85566406250018 -16.93320312500005
49.98593750000009 -16.71240234375
50.02304687500009 -16.695312499999986
49.936425781250136 -16.902929687500006

48.34355468750016 -13.400390625
48.21191406249994 -13.385253906250028
48.19121093749999 -13.259960937499997
48.25566406249999 -13.256054687499997
48.26972656250001 -13.20458984375
48.30888671874999 -13.198242187500028
48.35107421875 -13.309570312499972
48.342187500000136 -13.36386718750002

49.58417968750001 -12.53671875
49.637792968750034 -12.637109375000023
49.80498046875016 -12.879687499999974
49.87646484375 -12.97304687499998
49.9375 -13.072265625000043
49.967187499999966 -13.27021484375004
50.07343750000007 -13.577929687500031
50.173828125 -14.040234374999969
50.20458984374994 -14.514453125000045
50.2353515625 -14.732031250000048
50.313476562500114 -14.936816406250017
50.441308593750136 -15.149316406249966
50.482714843750045 -15.38564453124998
50.40458984374999 -15.629101562500011
50.29150390625 -15.858496093750034
50.26230468750009 -15.901562500000011
50.20898437499994 -15.960449218750014
50.184960937500136 -15.957812500000017
50.09443359375007 -15.89863281250004
50.020410156249966 -15.801757812500014
49.92656250000016 -15.573535156249974
49.892578125 -15.457714843750011
49.85332031250016 -15.439453125000014
49.74375 -15.449511718750017
49.664355468750045 -15.521582031250048
49.649902343750114 -15.566992187499977
49.666992187500114 -15.69570312499999
49.697070312500045 -15.811425781250037
49.71044921875 -15.928906249999983
49.712792968750136 -16.076757812500006
49.74228515625009 -16.12148437500005
49.78593749999999 -16.15908203124998
49.83105468749994 -16.255859374999986
49.83906250000018 -16.486523437499997
49.811328125000045 -16.603027343750014
49.73398437500009 -16.70302734375005
49.738574218750045 -16.75839843750005
49.76718750000009 -16.81513671874997
49.739746093750114 -16.84941406250003
49.63691406250001 -16.892871093750003
49.59521484374994 -16.931152343749986
49.53955078125 -17.03291015625001
49.44931640625009 -17.240625
49.43710937500009 -17.346679687499986
49.49365234374994 -17.669531250000034
49.477832031250045 -17.898535156249977
49.36289062500009 -18.33632812499999
49.296875000000114 -18.544042968750034
49.20332031250007 -18.792285156249974
49.060058593750114 -19.11962890624997
48.918066406250034 -19.53046875
48.79746093750009 -19.953222656249977
48.708300781250045 -20.20732421874996
48.60703125000009 -20.457519531250043
48.468554687500045 -20.9
48.35078125000001 -21.349023437500037
48.17587890625009 -21.84306640624996
47.934472656250136 -22.39394531250001
47.90839843750007 -22.4658203125
47.858300781250136 -22.747265625000054
47.804101562500136 -22.99150390624999
47.73945312500018 -23.23339843749997
47.604101562500034 -23.633105468750045
47.58867187499999 -23.756347656250014
47.558007812499966 -23.874609375000034
47.427636718749966 -24.125195312500026
47.37255859374994 -24.21845703125001
47.33359375000009 -24.31757812500004
47.31171875000018 -24.44316406249996
47.272851562499966 -24.56435546875005
47.177343750000034 -24.787207031249977
47.03496093749999 -24.97900390624997
46.93818359375018 -25.04873046875005
46.728515625000114 -25.14990234374997
46.62226562500001 -25.17041015624997
46.386718750000114 -25.17275390625001
46.158691406250114 -25.230371093750023
45.92089843749994 -25.34130859374997
45.69218749999999 -25.468457031250026
45.60458984375009 -25.52871093750005
45.50800781250007 -25.563183593750054
45.20576171875001 -25.57050781250004
45.11523437499994 -25.54306640625005
44.81289062500002 -25.334179687500026
44.69580078124994 -25.299707031250023
44.47382812500001 -25.271093749999963
44.40673828124994 -25.253320312499994
44.34589843750018 -25.22607421875003
44.25615234374999 -25.116894531249997
44.078125 -25.024609375000026
44.03535156250007 -24.99570312499999
44.00830078124994 -24.93203125
43.989843750000034 -24.86347656249997
43.943750000000136 -24.786718749999963
43.90957031250002 -24.640625
43.851562500000114 -24.538378906250003
43.6875 -24.35791015625
43.670019531250034 -24.300292968749986
43.656835937500034 -24.10878906250005
43.66210937499994 -23.979199218750026
43.64609375000009 -23.741894531249997
43.66474609375007 -23.630273437499994
43.722265625000034 -23.529687500000023
43.69873046874994 -23.42089843749997
43.637597656250136 -23.306542968750037
43.614648437500136 -23.188183593749997
43.56953125000018 -23.08046875
43.397851562500136 -22.88632812500005
43.35751953125009 -22.790820312500045
43.32958984375 -22.691894531249957
43.26484375000001 -22.38359375000003
43.25712890625016 -22.276367187500043
43.266601562500114 -22.04931640624997
43.290527343750114 -21.93251953124998
43.33222656250018 -21.85117187500002
43.342675781249966 -21.79042968749998
43.36972656250009 -21.738281250000014
43.410546875000136 -21.696484375000026
43.43779296874999 -21.64667968750001
43.501855468749966 -21.35644531250003
43.583105468750034 -21.291992187499957
43.70361328125 -21.254980468749963
43.800195312500136 -21.179199218749986
43.85566406250007 -21.07685546875001
43.9111328125 -20.865820312500006
44.063085937500034 -20.65625
44.117187500000114 -20.546093750000054
44.239648437500136 -20.37968749999999
44.348144531250114 -20.145507812499986
44.38105468750007 -20.03515624999997
44.404687499999966 -19.922070312500026
44.43222656250009 -19.67421875
44.452929687500045 -19.55087890624999
44.44882812500009 -19.428710937499957
44.38652343749999 -19.303125
44.238769531250114 -19.07519531249997
44.233984375000034 -19.03261718750001
44.24570312500009 -18.863183593750037
44.23310546875001 -18.740625
44.17871093749994 -18.618554687500023
44.10878906250002 -18.503515625000034
44.040039062500114 -18.28847656250001
44.00664062500016 -17.93300781249998
44.013671875 -17.804492187500003
43.993554687499966 -17.69033203125001
43.94355468750018 -17.581445312500037
43.979394531250136 -17.3916015625
44.421386718750114 -16.70263671874997
44.43574218750018 -16.621484375000037
44.417968750000114 -16.41132812500004
44.42705078124999 -16.2890625
44.442480468750034 -16.24375
44.47617187500009 -16.21728515625003
44.551855468750034 -16.204492187499994
44.909179687500114 -16.174511718750026
44.955078125000114 -16.15332031249997
45.04423828125016 -16.09511718750001
45.16679687500016 -15.982812500000051
45.22285156250007 -15.950488281250031
45.27128906250016 -15.962304687500037
45.30234375000009 -16.010449218749997
45.34218750000002 -16.03671875000002
45.486328125 -15.985839843750043
45.54179687499999 -15.984277343749994
45.598242187500034 -15.99257812499999
45.62470703125001 -15.945800781249972
45.640527343750136 -15.883105468749989
45.661523437499966 -15.838867187500028
45.700195312500114 -15.813769531249974
45.88593750000001 -15.800097656250031
46.004296874999966 -15.782128906250023
46.157519531250045 -15.738281249999972
46.19052734375009 -15.746875
46.314062500000034 -15.904589843750003
46.35156249999994 -15.918164062500026
46.39960937500007 -15.924609375
46.44160156250018 -15.895898437500009
46.34130859375 -15.813378906249994
46.326171875000114 -15.766699218749977
46.331445312500136 -15.713671875000017
46.385156250000136 -15.600097656249972
46.47509765625 -15.513476562500003
46.674707031249966 -15.3818359375
46.88203125000001 -15.229589843749977
46.942285156250136 -15.21904296874996
46.993261718750034 -15.2431640625
47.03232421875009 -15.422656249999974
47.02744140625009 -15.452246093750048
47.060546875 -15.456347656249989
47.099218750000034 -15.434179687500006
47.13339843750009 -15.36171875
47.135156249999966 -15.301562499999989
47.10732421875002 -15.24384765625004
47.09375 -15.19501953125004
47.09257812499999 -15.15009765625004
47.19765625000002 -15.04404296875002
47.28046875000001 -14.942675781249974
47.31875 -14.821777343750028
47.35195312500002 -14.766113281249972
47.43906250000009 -14.703320312499969
47.464746093749966 -14.713281250000051
47.48505859375001 -14.764355468749969
47.496386718750045 -14.818359374999957
47.47402343750002 -14.871972656250051
47.44208984375018 -14.925
47.429199218750114 -14.995703125000034
47.47832031249999 -15.009375
47.524707031250045 -14.992187500000028
47.59257812499999 -14.864257812499986
47.670019531250034 -14.74326171875002
47.71601562500001 -14.680371093749997
47.774023437500034 -14.636718749999986
47.870410156250045 -14.6455078125
47.964160156250045 -14.672558593750011
47.811523437500114 -14.544824218750009
47.773339843749966 -14.369921874999989
47.95517578125009 -14.06728515624998
47.956933593749966 -14.004296875000023
47.98320312499999 -13.984863281249972
47.995507812500136 -13.960449218749972
47.901367187500114 -13.858203125000017
47.88359375000016 -13.807519531249994
47.895996093750114 -13.730664062500054
47.941015625000034 -13.662402343750003
47.981835937499966 -13.614648437500051
48.03984374999999 -13.596289062500034
48.0859375 -13.622558593749972
48.18710937500009 -13.706542968750028
48.25527343750002 -13.719335937499963
48.33769531249999 -13.638671874999972
48.40507812500016 -13.537988281249966
48.506445312500034 -13.46875
48.62138671874999 -13.425976562499983
48.796484375000034 -13.267480468750023
48.91035156250007 -12.935839843750045
48.91943359374994 -12.83906250000004
48.89423828125018 -12.721679687500028
48.85380859374999 -12.610156250000045
48.78632812500001 -12.470898437499997
48.80390625000007 -12.44003906250002
48.89960937500018 -12.458496093749957
48.93173828125009 -12.4390625
49.035742187500034 -12.315820312500023
49.207031250000114 -12.079589843749957
49.26347656250016 -12.080175781249977
49.312109375000034 -12.123925781250009
49.330175781250034 -12.188671874999969
49.36396484375001 -12.236328125
49.47978515625016 -12.348437500000017
49.53828125000018 -12.432128906250014

