111.35869140625005 2.40219726562502
111.31152343750011 2.437597656249949
111.30039062500003 2.741162109374983
111.33349609374994 2.768310546875
111.3550781250002 2.764453125000017
111.37832031250014 2.709326171874977
111.37626953125016 2.576318359374966
111.3804687500002 2.45893554687504
111.38925781250003 2.415332031249946

104.17333984375 2.721337890625023
104.146875 2.728222656250011
104.12910156250001 2.767236328124966
104.16982421874997 2.856835937500009
104.18476562500018 2.871728515625023
104.2232421875002 2.77421875
104.22158203125014 2.731738281250017

101.26806640625 2.970410156249969
101.26542968750016 2.996484375000037
101.27421874999999 3.032812499999977
101.31123046875018 3.0673828125
101.32841796875005 3.047607421874972
101.31855468750007 2.988476562500011

117.74541015624999 4.166943359375026
117.64902343750009 4.168994140624989
117.66679687500016 4.204003906250023
117.662109375 4.250195312500011
117.70800781250011 4.262402343750011
117.76142578125007 4.25234375
117.88476562499994 4.18613281250002

100.2637695312502 5.266992187500037
100.1910156250002 5.282861328124994
100.20390624999999 5.446875
100.24550781250014 5.4677734375
100.31015625000003 5.437939453124969
100.33886718749994 5.410058593749966
100.28896484375002 5.294726562500003

99.91865234375007 6.358593750000026
99.88339843750009 6.310839843749989
99.86582031250003 6.297070312500026
99.8232421875 6.312744140625014
99.78261718750014 6.271582031249977
99.74375 6.263281249999977
99.70468750000009 6.337548828125009
99.65664062500014 6.367138671874997
99.64628906250016 6.418359375000037
99.7105468750002 6.42734375
99.74921875000018 6.40961914062504
99.82167968750002 6.445019531249969
99.84804687499997 6.465722656250009

100.6294921875002 6.447998046875043
100.71562500000016 6.480664062500026
100.75449218750009 6.460058593750006
100.79375000000016 6.426171875000037
100.8165039062502 6.331640624999963
100.87392578124997 6.245410156249974
100.98876953125011 6.257666015624991
101.0293945312502 6.24531250000004
101.05351562500016 6.242578125000023
101.07597656250005 6.166064453124974
101.08652343750003 6.033691406250014
101.07558593750014 5.956494140624997
100.9927734375002 5.84619140625
100.98164062500018 5.771044921874974
101.02519531250016 5.724511718749994
101.08173828125007 5.674902343750006
101.11396484375001 5.636767578124974
101.14765625000007 5.643066406250014
101.190625 5.66875
101.22978515624999 5.733691406250003
101.25703125000007 5.789355468749974
101.40419921875002 5.851660156249963
101.55605468750014 5.907763671875017
101.57675781250009 5.902001953125009
101.60136718750005 5.877148437499997
101.65 5.795996093749991
101.67841796875018 5.778808593750043
101.71953125000005 5.770605468749963
101.79072265625007 5.779345703124974
101.87363281250009 5.825292968750006
101.91718750000018 5.911376953125043
101.9361328125002 5.979345703125034
102.05517578125011 6.096679687499957
102.06835937499994 6.184667968750034
102.10107421874994 6.242236328124946
102.2740234375002 6.203417968750031
102.34013671874999 6.172021484375037
102.534375 5.862548828125043
102.79023437500001 5.644921875000037
102.89853515625009 5.563769531250017
102.98242187500011 5.524951171875017
103.09707031250002 5.408447265625
103.19697265625001 5.26215820312504
103.41582031250005 4.850292968749969
103.45390625000016 4.669482421874989
103.46875 4.393261718750026
103.4205078125002 3.976855468750017
103.36201171875018 3.769140624999977
103.37333984375016 3.671093749999983
103.45351562499997 3.520605468749963
103.42949218750016 3.37856445312498
103.44501953125001 3.26059570312502
103.43945312499994 2.93310546875
103.48515625000005 2.836572265624966
103.53730468750018 2.774755859374991
103.81220703125007 2.580468750000023
103.83232421875016 2.508496093750011
103.96777343750011 2.26123046875
104.21855468750016 1.722851562499997
104.28847656250002 1.480664062499955
104.2803710937502 1.415576171875017
104.25009765625009 1.388574218750023
104.17636718750009 1.364892578124994
104.11494140625018 1.412255859374966
104.09423828124994 1.446191406250037
104.10058593750011 1.488330078125003
104.07617187500011 1.529785156250014
104.01601562500002 1.579296874999983
103.9814453125 1.623632812499949
103.99121093750011 1.550048828124972
103.99150390625016 1.454785156250011
103.91513671875003 1.446679687499966
103.81679687500002 1.476562500000014
103.69453125000007 1.44965820312504
103.54980468749994 1.332812500000031
103.48027343749999 1.32949218749998
103.42734375000009 1.429833984374994
103.4000000000002 1.497851562499989
103.35683593750002 1.546142578124972
102.896875 1.792333984375034
102.72714843750003 1.855566406249949
102.54824218750014 2.042382812499994
102.14560546875009 2.248486328124969
101.88994140625005 2.449414062499969
101.78125000000011 2.573583984375034
101.51972656250018 2.683642578124989
101.4068359375002 2.813476562499972
101.35136718749999 2.838964843750006
101.29550781250009 2.885205078125011
101.35429687500016 3.011132812500009
101.3301757812502 3.142480468750023
101.29990234375009 3.253271484374949
101.11542968750018 3.47202148437502
101.02480468749997 3.62470703125004
100.85126953125018 3.776708984375006
100.78183593750003 3.86445312500004
100.7154296875002 3.96621093749998
100.75703125000007 4.001806640625034
100.79550781250009 4.023388671874997
100.76025390625011 4.097216796875031
100.66103515625014 4.225732421875009
100.61455078125016 4.3734375
100.61455078125016 4.652246093750037
100.47343749999999 5.044287109374963
100.3526367187502 5.587695312500003
100.37402343750011 5.777978515624966
100.34326171874994 5.98417968749996
100.2632812500002 6.182519531250037
100.15839843750007 6.324218750000043
100.11914062499994 6.441992187499963
100.13798828125016 6.48867187499998
100.1612304687502 6.641601562500043
100.17675781249994 6.671826171874983
100.21660156249999 6.686621093749977
100.26142578125018 6.682714843749977
100.34541015625007 6.54990234375002
100.56386718750014 6.467529296875014

116.78808593750011 6.606103515625009
116.81240234374997 6.607910156250014
116.91328125000001 6.65966796875
117.0185546875 6.797363281249986
117.07792968749999 6.916845703124991
117.12851562500009 6.968896484375023
117.22988281250014 6.939990234374989
117.25244140625011 6.919238281250031
117.24531250000018 6.833398437500037
117.2549804687502 6.783447265624986
117.29404296875003 6.676904296875037
117.38037109374994 6.612255859375011
117.49921875000001 6.571484374999969
117.60966796875016 6.512646484374969
117.64570312500001 6.473681640625031
117.66962890625018 6.426757812499972
117.69375000000014 6.35
117.69560546875016 6.272314453125034
117.61591796875018 6.196533203124972
117.64980468749997 6.073583984374963
117.64453124999994 6.001855468750009
117.6171875 5.940722656249989
117.50117187500007 5.884667968750023
117.81767578125016 5.940429687500014
117.89580078124999 5.97226562500002
118.00380859374997 6.053320312500006
118.06171875000007 5.983447265624989
118.11582031250003 5.8625
118.07226562499994 5.832080078124974
117.93476562500001 5.7875
117.92802734375016 5.769189453125037
117.97363281249994 5.70625
118.03115234375014 5.71210937500004
118.14462890625003 5.754199218750003
118.2491210937502 5.820556640625014
118.29980468749994 5.819726562500023
118.353125 5.806054687499994
118.45634765625016 5.763427734375014
118.51416015625011 5.72890625
118.56308593750003 5.684521484375011
118.5948242187502 5.592089843750017
118.71367187499999 5.558544921875026
118.95732421875016 5.429003906250003
119.00253906250003 5.417822265625034
119.05 5.41523437500004
119.17841796875018 5.430908203125043
119.22343749999999 5.41264648437496
119.25556640625018 5.36591796875004
119.26630859375007 5.308105468749986
119.26279296875003 5.245898437500003
119.24970703125001 5.198730468749986
119.21962890625014 5.159814453124966
119.13222656250002 5.100488281249966
118.9125 5.022900390624969
118.67207031250007 4.964062499999969
118.55136718750003 4.968115234374991
118.3818359375 5.01850585937504
118.32001953125018 5.01201171874996
118.26054687500016 4.988867187499963
118.18535156249999 4.82851562499998
118.32421874999994 4.668701171875014
118.56250000000011 4.502148437500011
118.59511718750002 4.460644531249997
118.58632812499997 4.40966796875
118.54833984374994 4.37924804687502
118.49804687500011 4.362353515624946
118.36406249999999 4.335742187500031
118.22871093750007 4.31601562500002
118.11728515625009 4.28759765625
118.00820312499997 4.250244140625028
117.89560546875003 4.262939453125043
117.74101562500016 4.337548828124966
117.69648437500007 4.342822265624974
117.64980468749997 4.304492187499974
117.60380859374999 4.2
117.57441406250007 4.170605468749969
117.53730468750007 4.171386718750043
117.45087890625001 4.192871093749972
117.27753906250018 4.299316406249986
117.1005859375 4.337060546875037
116.84355468750005 4.34013671874996
116.6978515625002 4.354980468750043
116.63867187500011 4.339111328125014
116.58906250000007 4.33842773437496
116.553125 4.359863281249972
116.5147460937502 4.370800781249983
116.41455078125011 4.30820312500002
116.36767578125 4.327343750000011
116.32031250000011 4.353710937499969
116.23623046875014 4.362548828124986
116.13447265625018 4.355175781249997
116.02158203125009 4.290673828125009
115.89619140625001 4.348681640625003
115.86074218750002 4.348046874999966
115.83681640625002 4.333300781249989
115.78242187500001 4.253759765625034
115.67880859375003 4.193017578125009
115.6275390625002 4.081982421875026
115.59609374999997 3.975537109375011
115.56845703125003 3.938769531249989
115.56093750000014 3.733056640624994
115.54453125000003 3.633691406250009
115.57070312499997 3.502294921874963
115.56611328125018 3.445751953124997
115.51992187500002 3.361669921875006
115.5142578125002 3.342382812499991
115.48974609375011 3.208642578125009
115.49912109375003 3.173144531249974
115.4931640625 3.128125
115.45439453125016 3.034326171875023
115.38417968749997 3.008740234374955
115.3101562500002 2.99394531249996
115.24697265625002 3.025927734375003
115.18994140625011 2.974462890624991
115.11757812500014 2.894873046875034
115.08632812500014 2.841113281250003
115.0865234375002 2.791210937499969
115.09365234375014 2.7578125
115.07890625000016 2.723437500000017
115.07705078125014 2.687011718749957
115.08076171875018 2.634228515624955
115.12988281249994 2.612402343749949
115.18085937500007 2.56689453125
115.17910156250014 2.523193359374986
115.15078125000014 2.492919921875028
115.0865234375002 2.446142578125006
114.96914062499997 2.350830078125043
114.83632812500002 2.269384765624963
114.78642578125016 2.250488281250028
114.76835937500005 2.212939453125017
114.75869140625002 2.162402343750017
114.78798828125014 2.051611328125006
114.81582031250002 2.018945312500023
114.83056640625011 1.980029296874989
114.81269531250018 1.933789062499983
114.80000000000018 1.893945312499952
114.75107421875003 1.86899414062502
114.70351562500014 1.85078125000004
114.68613281250003 1.819042968749969
114.66093750000016 1.686279296875014
114.63222656250002 1.617041015625034
114.56748046875003 1.514160156250028
114.54589843750011 1.467138671874949
114.5125 1.452001953124977
114.38710937499997 1.500048828125003
114.27470703124999 1.470898437500011
114.1259765625 1.452343749999955
114 1.455273437500026
113.90234375 1.434277343750011
113.83525390624999 1.379882812500028
113.7603515625002 1.31137695312502
113.68164062499994 1.260595703124977
113.62226562500001 1.23593750000002
113.51318359375011 1.308398437500031
113.45820312500018 1.302148437500009
113.35898437500003 1.327148437500028
113.12626953125016 1.408105468750009
113.06865234375016 1.431787109375037
113.00654296875018 1.433886718750017
112.98828125000011 1.457128906249963
112.99804687499994 1.496240234375023
112.98828125000011 1.547558593749997
112.9429687500002 1.566992187499963
112.47617187500003 1.559082031250028
112.34160156250016 1.514746093749977
112.25068359375001 1.479638671875009
112.18574218750001 1.4390625
112.16738281250014 1.338183593749974
112.12861328125001 1.243603515624983
112.07851562500014 1.143359374999989
111.92314453124999 1.113281249999986
111.80898437500002 1.011669921874983
111.76972656250018 0.999462890624983
111.69130859375014 1.01420898437496
111.607421875 1.02260742187498
111.54667968750016 0.994335937499997
111.48320312499999 0.995751953125023
111.2867187500002 1.043212890625014
111.10136718749999 1.050537109374986
110.99609374999994 1.026367187500043
110.93808593750003 1.017333984374972
110.61474609375 0.878125
110.50576171874997 0.861962890625037
110.46142578125011 0.882080078125043
110.3990234375002 0.93906250000002
110.31523437500016 0.99599609374998
110.11474609375011 1.190136718750011
110.04082031250005 1.23574218749998
109.99169921875 1.282568359375006
109.94492187500003 1.338037109375037
109.8785156250002 1.397851562499966
109.81806640625007 1.438964843749986
109.73574218749997 1.522949218750043
109.65400390625001 1.614892578125037
109.63583984375003 1.776660156249946
109.57080078125011 1.806298828125037
109.5489257812502 1.848339843749983
109.53896484375014 1.896191406249969
109.62890624999994 2.027539062499997
109.6943359375 1.888769531249963
109.71962890624997 1.857812499999966
109.86484375000009 1.764453124999946
109.98457031250001 1.717626953125006
110.11406250000005 1.698583984375034
110.24589843750016 1.694726562499952
110.29833984375011 1.701171875000028
110.34921875000009 1.719726562499986
110.3995117187502 1.699853515625023
110.67519531250014 1.548046875000011
110.78203125000016 1.520849609374977
110.89492187500014 1.532470703125028
110.93994140625 1.517333984374972
111.09843750000005 1.400878906250043
111.14521484375007 1.386962890624957
111.22324218750003 1.395849609374991
111.12343749999997 1.449023437499989
111.05800781250014 1.48666992187502
111.02871093750014 1.55781250000004
111.04658203125001 1.633642578125034
111.11015625000005 1.684082031250014
111.15419921875014 1.738769531249957
111.17001953125003 1.902294921874969
111.19804687500016 1.985107421874957
111.25087890625002 2.063867187500023
111.26816406250003 2.13974609375002
111.20888671874997 2.19765625
111.19550781250018 2.297167968750031
111.2085937500002 2.379638671874957
111.24218750000011 2.435742187500026
111.29589843750011 2.398779296874949
111.35136718750016 2.364453124999969
111.40615234375002 2.367871093749955
111.44384765624994 2.381542968749997
111.45078125000003 2.424072265625043
111.4404296875 2.498095703125017
111.44326171875014 2.634326171874974
111.5125 2.743017578125006
111.62324218750018 2.81796875
111.72773437500018 2.853808593750017
112.11884765625018 2.91469726562498
112.73730468749994 3.070458984375009
112.92050781250009 3.130712890625034
112.9878906250002 3.161914062499989
113.04472656250016 3.205224609375023
113.14023437500009 3.343505859375043
113.32011718750005 3.56147460937504
113.44609375000005 3.74057617187502
113.71210937500007 4.001416015624955
113.9239257812502 4.243212890625017
113.95253906250002 4.288720703124966
113.98779296875 4.420703125000031
113.99042968750018 4.4828125
113.98427734374997 4.545800781250023
114.01250000000016 4.575244140624974
114.05361328124997 4.59287109375002
114.06386718750014 4.59267578124998
114.09511718750002 4.565234374999989
114.16884765625002 4.526953125
114.22412109375 4.477880859375034
114.26103515625016 4.41425781250004
114.28759765624994 4.354736328125
114.2896484375002 4.30419921875
114.32294921875007 4.262792968750006
114.41660156250003 4.255859375000014
114.44707031250005 4.203564453125026
114.51220703125 4.113574218749989
114.57177734375011 4.049072265624986
114.60830078125002 4.023974609375031
114.65410156250005 4.037646484374974
114.725 4.096533203124977
114.77617187500005 4.168798828124949
114.81044921874997 4.266503906249966
114.78349609374999 4.280761718750028
114.83105468750011 4.354492187500043
114.84023437500002 4.393212890625023
114.81826171874997 4.428759765624974
114.7901367187502 4.463916015625031
114.77929687500011 4.553027343749989
114.75996093750018 4.666503906250014
114.74667968750003 4.718066406250031
114.78417968749994 4.754833984374969
114.86455078124999 4.801757812500028
114.94472656249997 4.85625
115.02675781250002 4.899707031250003
115.02880859375 4.821142578124977
115.02675781250002 4.691357421875011
115.05156250000016 4.58266601562498
115.1070312500002 4.390429687499989
115.17060546875018 4.364208984374969
115.24667968750003 4.347216796874974
115.2906250000002 4.352587890625003
115.31923828124997 4.365283203125017
115.3267578125002 4.380761718749966
115.27929687500011 4.456347656250003
115.2666992187502 4.63398437500004
115.22792968750014 4.750585937499991
115.16845703125011 4.866699218750028
115.14003906249997 4.899755859375006
115.37490234375014 4.93276367187498
115.42763671875014 4.96918945312504
115.51982421874999 5.04892578125002
115.55449218750016 5.093554687499974
115.58203124999994 5.194140625000031
115.46689453125003 5.254101562499997
115.42167968750016 5.330517578125011
115.41904296875009 5.413183593749977
115.55644531249999 5.566699218749989
115.60390624999997 5.603417968750009
115.62451171875011 5.548876953125003
115.68505859375011 5.53510742187504
115.74082031250009 5.533007812499974
115.796875 5.536132812499986
115.87714843750007 5.613525390625028
115.91845703125011 5.724951171874991
116.05976562500007 5.882373046875003
116.11005859375018 6.003271484375034
116.13837890625018 6.129541015624994
116.4947265625002 6.52167968750004
116.53828125000018 6.58271484375004
116.74980468750005 6.977099609375003
116.77617187500016 6.990234375000014
116.83300781250011 6.952050781249966
116.84980468750007 6.826708984375003
116.84199218750007 6.772070312499977
116.8077148437502 6.691064453124994

117.0806640625002 7.115283203125003
117.0601562500002 7.17885742187498
117.06425781250016 7.260693359374955
117.146875 7.337011718749963
117.26406249999997 7.35166015625002
117.28076171875011 7.290625
117.26679687500018 7.220800781250006
117.2393554687502 7.18476562500004
117.1416015625 7.168212890625043

