34.684179687500034 -12.11865234375
34.66210937500006 -12.100781250000011
34.667480468750114 -12.047558593749997
34.67988281250001 -12.00888671875002
34.71494140625009 -12.002734375000017
34.73896484375007 -12.013085937499994
34.75595703125009 -12.030761718749957
34.756250000000136 -12.059082031249943
34.74599609375002 -12.088378906249972
34.71933593750009 -12.110644531249974

34.621777343750125 -12.066601562499969
34.580468750000136 -12.065820312499994
34.541601562500034 -12.018652343749977
34.554003906250045 -11.982226562500017
34.591406250000034 -11.971093749999966
34.62421875000018 -11.98476562499999
34.64160156250006 -12.013671875000028

34.95947265625 -11.578125
34.95916723504598 -11.578119389764808
34.95917968750001 -11.57724609375002
34.95344241247392 -11.547801488439887

33.42089843749994 -9.60800781250002
33.467773437500114 -9.619726562500006
33.52753906250001 -9.607519531250006
33.697656250000136 -9.598144531249972
33.766210937500034 -9.6109375
33.85419921875007 -9.662988281250037
33.88886718750018 -9.670117187499969
33.943945312500034 -9.672167968750031
33.95371093750009 -9.658203125000028
33.91591796875002 -9.7125
33.905078125000045 -9.750976562500014
33.90664062500008 -9.801757812499972
33.91865234375001 -9.842773437499972
33.94121093749999 -9.874023437499943
33.98457031250007 -10.024121093749969
34.015917968750045 -10.098339843749997
34.057226562500034 -10.15732421875002
34.1552734375 -10.255957031249949
34.20351562500008 -10.319433593750006
34.24843750000008 -10.400195312500031
34.25996093750001 -10.447558593750003
34.23769531250002 -10.461425781249986
34.227343750000045 -10.484570312499983
34.22890625000008 -10.516796874999983
34.21796875000001 -10.544238281249974
34.19472656250008 -10.566503906249977
34.18964843750001 -10.589648437499989
34.20253906250002 -10.61367187499999
34.234375 -11.073339843750034
34.244726562500034 -11.099218749999977
34.24111328125008 -11.130664062499989
34.2236328125 -11.167285156249989
34.23046875000006 -11.227734374999955
34.261816406250034 -11.311621093749991
34.28925781250001 -11.425195312500037
34.32265625000002 -11.653027343749997
34.317968750000034 -11.67919921875
34.221875 -11.78837890624996
34.19179687500008 -11.840234375000037
34.194140625000045 -11.880078124999983
34.163671875000034 -11.925390624999977
34.10048828125002 -11.976464843749994
34.059179687500034 -12.048535156250026
34.032519531250045 -12.208593750000034
34.037207031250034 -12.249804687499989
34.07392578125007 -12.352929687500037
34.10683593750008 -12.384472656249983
34.149707031250045 -12.392871093750003
34.1796875 -12.424902343749963
34.196875 -12.480761718749974
34.195605468750045 -12.642480468749966
34.21386718750006 -12.68398437499998
34.236328125 -12.713085937500054
34.26269531250006 -12.729785156249989
34.272753906250045 -12.755664062500017
34.266699218750034 -12.790820312499989
34.27548828125009 -12.824511718750017
34.29941406250009 -12.856933593749957
34.31953125000007 -12.921484374999963
34.32998046875008 -12.94453125000004
34.343847656250034 -13.158105468750023
34.33818359374999 -13.26542968749996
34.31865234374999 -13.308398437500003
34.31289062500008 -13.346386718750011
34.32089843750009 -13.379394531249986
34.40976562500009 -13.529589843750031
34.45791015625002 -13.571972656249969
34.49755859375 -13.567480468750034
34.54667968749999 -13.59980468750004
34.605273437500045 -13.6689453125
34.62158203125006 -13.750878906249994
34.59570312500006 -13.845703124999957
34.57050781250007 -13.908105468749966
34.54619140624999 -13.938085937500034
34.53828125000007 -13.984570312499997
34.54677734375002 -14.047656249999974
34.56738281250006 -14.105664062499983
34.60029296875007 -14.158789062499963
34.63720703125006 -14.194921874999963
34.67802734374999 -14.214355468750014
34.701171875 -14.236621093750017
34.70654296875006 -14.262011718750031
34.7294921875 -14.26796875
34.76982421874999 -14.25449218750002
34.8193359375 -14.216601562500017
34.82480468750009 -14.196679687499966
34.81640625000006 -14.177929687500054
34.82480468750009 -14.149804687500009
34.85 -14.11240234375002
34.85791015625 -14.074121093750037
34.84873046875009 -14.03505859374998
34.856542968750034 -14.014355468750026
34.88125 -14.012011718750003
34.90566406250002 -14.021093749999977
34.92988281250007 -14.041601562499991
34.94189453125006 -14.070800781249986
34.94726562500006 -14.134472656249983
34.95839843750002 -14.148339843749966
35.013769531250034 -14.1572265625
35.047949218750034 -14.176660156249966
35.12968749999999 -14.288769531249983
35.19306640625007 -14.35273437500004
35.23623046875002 -14.40126953124998
35.257617187500045 -14.402734375000023
35.2734375 -14.390722656249963
35.28369140625006 -14.365136718749994
35.26015625000002 -14.277441406249977
35.17792968750007 -14.088476562500034
35.18037109375001 -14.064062500000034
35.09707031250002 -13.825
35.05595703124999 -13.742968749999989
35.03007812499999 -13.72998046875
34.888281250000034 -13.716992187500026
34.86757812500008 -13.701171875
34.858691406250045 -13.615625
34.860394952571994 -13.522282410151718
34.90683593750009 -13.551660156250009
35.01386718750007 -13.643457031249966
35.247460937500136 -13.896875
35.375781250000045 -14.058691406250006
35.488476562500125 -14.201074218749966
35.690429687500114 -14.465527343750026
35.84716796875 -14.670898437500028
35.86669921875006 -14.863769531249972
35.89277343750007 -14.891796875
35.839941406250034 -15.034667968749972
35.80537109375007 -15.265625
35.830273437500125 -15.418945312500014
35.819921875000034 -15.680371093749983
35.79121093750007 -15.958691406250011
35.75527343750002 -16.05830078124997
35.70888671875008 -16.095800781249977
35.59931640625001 -16.125878906249966
35.35849609375009 -16.160546875000023
35.32246093750001 -16.193164062500003
35.291503906250114 -16.24716796874999
35.242773437500034 -16.37539062499999
35.18525390625007 -16.5048828125
35.16718750000001 -16.560253906249997
35.17832031250009 -16.573339843750006
35.229785156250045 -16.63925781250002
35.281152343750136 -16.807812499999983
35.29042968750008 -17.096972656250017
35.27255859375009 -17.11845703125003
35.20136718750007 -17.131054687500026
35.124609375000034 -17.12724609374996
35.09306640624999 -17.11093750000002
35.06464843750007 -17.07861328125
35.04394531250006 -17.016894531250045
35.09423828125 -16.97382812499997
35.1121093750001 -16.89853515624999
35.07988281249999 -16.833886718749966
35.01533203125018 -16.819531249999983
34.93339843749999 -16.760351562500006
34.75878906250006 -16.56708984374997
34.612695312500136 -16.43154296874998
34.528125 -16.319140625
34.44130859375002 -16.27441406250003
34.41640625000002 -16.246777343749997
34.395507812500114 -16.199218749999986
34.395117187500034 -16.130859375000014
34.40302734375001 -16.08027343750001
34.375976562500114 -16.02373046875003
34.28828125000001 -15.936132812500034
34.24824218750001 -15.8875
34.24609375000006 -15.82939453124996
34.28300781249999 -15.773437500000028
34.35800781250009 -15.705273437499997
34.41474609375001 -15.566796875000023
34.434960937500136 -15.477148437499963
34.540820312500045 -15.297265625
34.55546874999999 -15.140917968750031
34.557617187500114 -15.015917968749974
34.55117187500002 -14.922363281250014
34.524121093750125 -14.73076171874996
34.50527343750008 -14.598144531250043
34.375000000000114 -14.424804687499986
34.33251953125006 -14.408593749999966
34.2087890625001 -14.423730468750037
34.10185546875016 -14.449316406250006
34.049414062500034 -14.485253906250037
33.96982421875009 -14.487109374999974
33.76142578125007 -14.517285156249997
33.6960937500001 -14.530273437499972
33.658300781250034 -14.561621093749963
33.63642578125007 -14.568164062499974
33.50527343750002 -14.434082031250014
33.38994140625016 -14.289453125000037
33.24355468750008 -14.04306640625002
33.20175781250009 -14.013378906250011
33.14804687500009 -13.940917968749986
33.10361328125009 -13.959179687499983
33.042382812500136 -14.01005859374996
33.00927734375006 -14.023730468749989
32.99208984375002 -14.022167968750026
32.98125 -14.009375
32.967578125000045 -13.976855468750031
32.920312500000136 -13.883886718750006
32.86718750000006 -13.817382812499957
32.81103515625006 -13.791601562500034
32.76513671875006 -13.761035156250031
32.78535156250018 -13.731445312500043
32.80673828125009 -13.710253906249989
32.797460937500034 -13.688476562499986
32.771777343750045 -13.65654296874996
32.67207031250007 -13.610351562499972
32.670410156250114 -13.590429687499991
32.75839843750009 -13.550292968749986
32.814062500000034 -13.502734374999989
32.851855468750045 -13.45703125
32.89970703124999 -13.357031249999963
32.938574218750034 -13.257421875
32.967578125000045 -13.225
32.97763671875009 -13.158886718750011
32.97109375000008 -13.084277343750003
32.99042968750001 -12.98945312500004
33.000000000000114 -12.89960937500004
32.97050781250016 -12.864746093750043
32.945605468750045 -12.804394531249997
32.975195312500034 -12.701367187499969
33.021582031250034 -12.63046875
33.24345703125016 -12.556542968749952
33.397949218750114 -12.489843749999949
33.430664062500114 -12.46044921875
33.48320312500016 -12.40341796875002
33.512304687500034 -12.347753906249963
33.49140625000001 -12.331054687500028
33.37001953125008 -12.3296875
33.340136718750045 -12.308300781250011
33.25234375000008 -12.112597656250017
33.30097656250007 -11.888183593749943
33.30507812500008 -11.8
33.30390625000001 -11.69082031249998
33.28828125000001 -11.611132812499989
33.25 -11.577636718750014
33.226367187500045 -11.534863281249997
33.23271484374999 -11.417675781250011
33.268359375000045 -11.403906249999963
33.345507812500045 -11.249121093749963
33.379785156250136 -11.157910156250026
33.33867187499999 -11.08515625000004
33.2932617187501 -10.981152343749997
33.272753906250045 -10.915039062500028
33.261328125000034 -10.89335937499996
33.292773437500045 -10.852343749999946
33.34492187500001 -10.812695312499955
33.4031250000001 -10.801757812499943
33.46474609375002 -10.783105468749966
33.65908203125008 -10.590527343749997
33.661523437500136 -10.553125
33.62617187500007 -10.488574218750003
33.553710937500114 -10.391308593749997
33.537597656250114 -10.351562499999986
33.528906250000034 -10.234667968749974
33.500097656250034 -10.199707031249957
33.3935546875 -10.120898437499974
33.31152343750006 -10.037988281249952
33.33710937500001 -9.954003906249994
33.350976562500136 -9.862207031250023
33.310449218750136 -9.811816406249974
33.25 -9.759570312499989
33.21269531249999 -9.683007812500023
33.19570312500002 -9.626171875
33.14804687500009 -9.603515625
33.1044921875 -9.602636718749991
33.07246093750001 -9.638183593749957
33.03779296875018 -9.635058593750031
32.99599609375008 -9.622851562500031
32.98212890625001 -9.573632812500037
32.97988281250002 -9.5203125
32.95107421875008 -9.484179687500017
32.923339843750114 -9.433984375
32.91992187499994 -9.407421875000011
32.937304687500045 -9.399707031250045
32.974023437500136 -9.395019531249972
33.130468750000034 -9.495898437500003
33.22529296875018 -9.500488281249972
33.33085937499999 -9.519140625000034

