73.39531250000005 3.229394531249966
73.38203125000018 3.24648437499999
73.38496093750007 3.271386718749994
73.40156250000007 3.288769531249983
73.427734375 3.289843750000031
73.44277343750014 3.27431640624998
73.43496093750014 3.250146484375023
73.41660156250003 3.23125

73.49482421875007 4.155175781250023
73.47861328125003 4.158935546874986
73.47304687499997 4.170703124999989
73.48115234375001 4.18813476562498
73.49472656250003 4.21044921875
73.50410156250018 4.234619140625043
73.51777343750001 4.247656250000034
73.52832031249994 4.243310546875037
73.52714843750016 4.229687500000011
73.52216796875001 4.211035156250034
73.51904296875011 4.186865234374991
73.51220703124994 4.164550781249972

