4.22822265625004 18.968066406250045
4.229003906250028 18.704345703125057
4.229980468750057 18.410595703124983
4.230859375000051 18.139453125000074
4.23193359375 17.83051757812501
4.232714843750074 17.58217773437505
4.233691406250017 17.288427734374977
4.234667968750017 16.99638671874999
4.202929687500045 16.962695312500045
4.191210937500045 16.798193359375034
4.182128906249972 16.581787109375
4.121289062500011 16.35771484374999
4.014843750000011 16.192724609375034
3.976171875000034 16.03554687499999
3.947070312500045 15.945654296874977
3.907226562500028 15.896826171874977
3.89794921875 15.837988281249977
3.876953124999972 15.755273437499994
3.842968749999983 15.701708984375017
3.816503906250006 15.674023437499983
3.709570312499977 15.641699218750063
3.520507812500028 15.483105468749983
3.50429687499999 15.356347656250009
3.289062500000028 15.391113281249986
3.060156250000034 15.427197265625054
3.029394531250063 15.424853515625017
3.010546875000045 15.40830078125002
3.001074218750063 15.34096679687498
2.68964843750004 15.329882812500031
2.42080078125008 15.320410156249963
2.088183593750074 15.309375
1.859375 15.301708984374969
1.569140625000017 15.286474609374977
1.300195312500023 15.272265625000017
1.121289062500011 15.126123046874994
0.960058593750006 14.986914062499963
0.947460937500011 14.982128906249969
0.718652343750051 14.954882812500017
0.433007812500023 14.979003906250043
0.286230468750063 14.980175781250011
0.228710937500068 14.963671875000031
0.217480468749983 14.911474609374963
0.007324218749972 14.984814453124983
-0.235888671875017 15.059423828124991
-0.405419921874994 15.0125
-0.432275390624966 15.028515625000011
-0.454492187499966 15.059667968750048
-0.536523437499966 15.077880859375028
-0.666455078124983 15.069775390624969
-0.760449218749926 15.047753906250023
-0.907958984374972 14.937402343750009
-1.019189453124966 14.841357421874974
-1.049560546874943 14.819531249999969
-1.204980468749994 14.76152343750006
-1.49365234375 14.626074218749991
-1.657324218749949 14.526806640625026
-1.695068359375 14.508496093750026
-1.767773437499983 14.486035156249983
-1.879785156249966 14.481494140625031
-1.973046874999966 14.456542968750014
-2.057128906249972 14.194628906250031
-2.113232421874926 14.168457031250028
-2.457226562499926 14.274121093749969
-2.526904296875017 14.258300781250028
-2.586718749999932 14.227587890624989
-2.778857421874989 14.07373046875
-2.873925781249994 13.950732421874989
-2.92587890624992 13.78676757812498
-2.918505859374932 13.736376953125017
-2.91708984374992 13.679492187499974
-2.950830078124966 13.648437500000043
-2.997216796874994 13.637109375000051
-3.038671875 13.639111328125011
-3.198437499999955 13.672851562500043
-3.248632812499949 13.658349609375023
-3.270166015624994 13.57744140625006
-3.266748046875023 13.400781250000037
-3.301757812499943 13.280761718750014
-3.396728515624943 13.243701171875017
-3.469921874999926 13.196386718749963
-3.52763671874996 13.18271484375002
-3.57578125 13.194189453124963
-3.853466796874983 13.37353515625
-3.947314453124932 13.402197265624977
-4.051171874999937 13.382421875000034
-4.151025390624937 13.306201171875045
-4.196191406249994 13.256152343749974
-4.258691406249937 13.197314453124974
-4.32871093749992 13.119042968750023
-4.310253906249983 13.052490234375043
-4.260644531249994 12.975341796875057
-4.225244140624966 12.879492187499977
-4.227099609374989 12.793701171875
-4.480615234374937 12.67221679687502
-4.459863281249994 12.630371093750028
-4.421923828124989 12.581591796875031
-4.421582031250011 12.493066406250037
-4.428710937499943 12.337597656249983
-4.479882812499966 12.281787109374974
-4.546044921874966 12.22646484374998
-4.586914062499943 12.155029296875
-4.627246093749989 12.120214843750006
-4.69931640624992 12.076171875000014
-4.797949218749949 12.032128906250009
-4.968994140624972 11.993310546875009
-5.105908203124983 11.967529296874986
-5.157519531250017 11.942382812500014
-5.230175781249983 11.89028320312498
-5.28813476562496 11.827929687499974
-5.302001953124943 11.760449218749997
-5.290527343750028 11.683300781249997
-5.270312499999989 11.619873046875043
-5.244775390624937 11.576757812499963
-5.229394531249994 11.5224609375
-5.250244140624972 11.37578125
-5.29985351562496 11.205957031250009
-5.347412109374972 11.130273437500037
-5.42421875 11.088720703125006
-5.490478515624972 11.04238281249998
-5.46855468749996 10.931054687500037
-5.457080078124932 10.771386718750023
-5.475683593749977 10.643945312499994
-5.479003906249943 10.565087890625009
-5.507031249999983 10.483447265624974
-5.523535156249977 10.426025390625
-5.556591796874955 10.43994140625
-5.694287109374926 10.433203125000048
-5.843847656249949 10.389550781250037
-5.896191406249955 10.354736328125043
-5.907568359374949 10.307226562499963
-5.940673828124943 10.275097656249983
-5.988671874999966 10.239111328125034
-6.034570312499994 10.194824218749972
-6.117187499999943 10.201904296875
-6.196875 10.232128906250026
-6.238378906249949 10.261621093749994
-6.24130859374992 10.279199218750023
-6.214990234374966 10.32236328125002
-6.192626953124943 10.369433593750017
-6.190673828125 10.400292968750009
-6.2177734375 10.476269531250026
-6.239746093749943 10.55810546875
-6.230664062499955 10.597509765625034
-6.250244140624972 10.717919921874966
-6.261132812499966 10.724072265624969
-6.365625 10.692822265624997
-6.404150390624949 10.685107421875031
-6.425878906249949 10.67177734374998
-6.4326171875 10.648730468749989
-6.407519531249932 10.572363281249977
-6.423925781250006 10.559130859375031
-6.482617187499955 10.561230468750011
-6.564599609374966 10.58642578125
-6.65415039062492 10.656445312500054
-6.676367187500006 10.633789062500057
-6.686132812499949 10.57802734374998
-6.691992187499977 10.512011718750031
-6.669335937499994 10.392187500000034
-6.693261718749966 10.349462890625034
-6.753222656249932 10.357128906249997
-6.833642578124966 10.356982421874974
-6.903808593749972 10.345068359375034
-6.950341796874937 10.342333984375003
-6.979492187499943 10.299560546875
-6.991748046874932 10.251855468750051
-6.963818359374926 10.198730468749972
-6.968164062499937 10.176220703125011
-6.989453124999926 10.155664062499994
-7.017089843749943 10.14326171875004
-7.039746093749955 10.144775390625
-7.104882812499994 10.203515624999966
-7.182324218749955 10.225683593750048
-7.363183593749937 10.259375
-7.38505859374996 10.340136718750003
-7.414794921874972 10.341308593749972
-7.456542968749943 10.383935546875051
-7.497949218749966 10.439794921874963
-7.532812499999949 10.436816406249989
-7.562109374999977 10.421240234375006
-7.661132812499972 10.427441406250026
-7.74907226562496 10.34228515625
-7.814208984375 10.236572265625043
-7.884082031249932 10.185742187499997
-7.960937499999943 10.16347656249998
-7.990625 10.1625
-7.974462890624949 10.229541015625031
-7.98569335937492 10.278417968750048
-8.007275390624983 10.321875
-8.231494140625017 10.437988281250043
-8.26665039062496 10.485986328124966
-8.301562499999989 10.617578125000037
-8.324121093749966 10.74951171875
-8.321679687499994 10.826953124999974
-8.306347656249983 10.89609375000002
-8.312744140624943 10.949755859375031
-8.33740234375 10.990625
-8.404492187499983 11.029931640625023
-8.474707031250006 11.04838867187496
-8.56352539062496 10.996679687500006
-8.606201171874972 10.98696289062498
-8.646191406249926 10.990478515624986
-8.666699218749926 11.009472656250026
-8.663916015625006 11.035839843749983
-8.567285156249937 11.177001953125057
-8.5203125 11.235937499999977
-8.463525390624937 11.28071289062504
-8.425292968749972 11.30473632812496
-8.400683593749932 11.339404296875017
-8.39853515624992 11.366552734375034
-8.407470703124972 11.386279296874974
-8.470703124999972 11.412207031250006
-8.56875 11.478076171875017
-8.621142578124989 11.485107421875028
-8.664941406249937 11.514990234374991
-8.71142578125 11.617773437499963
-8.733105468749955 11.6375
-8.779736328124955 11.64824218749996
-8.822021484374972 11.673242187499994
-8.820068359375 11.80712890625
-8.818310546874926 11.922509765624966
-8.913867187499932 12.108544921875037
-8.950830078124994 12.225585937499986
-8.998925781249937 12.345898437499983
-9.043066406249977 12.402343750000028
-9.12045898437492 12.449951171875043
-9.215527343749926 12.482861328124997
-9.3 12.490283203125003
-9.365185546874955 12.479296874999974
-9.395361328124977 12.464648437500017
-9.393652343749977 12.442236328124977
-9.340820312499972 12.366015624999989
-9.331542968749943 12.32373046875
-9.34018554687492 12.282763671875003
-9.358105468749926 12.255419921875017
-9.404980468749983 12.252441406250043
-9.486816406249943 12.228662109374994
-9.587744140625006 12.182470703124991
-9.658300781249977 12.143115234374974
-9.714746093749937 12.042480468749986
-9.754003906249949 12.029931640625009
-9.820703124999937 12.042480468749986
-10.010644531249994 12.116455078125043
-10.167089843749977 12.17744140625004
-10.274853515625011 12.212646484375014
-10.339892578124932 12.190283203124991
-10.372753906249955 12.17954101562502
-10.4658203125 12.138671875000043
-10.589501953124966 11.990283203125003
-10.618994140624949 11.94121093749996
-10.643701171874994 11.925537109375057
-10.6773437499999 11.899414062499972
-10.709228515624943 11.898730468750003
-10.734912109374932 11.916455078124983
-10.743017578124977 11.927246093750043
-10.806494140624949 12.034277343750006
-10.876171874999926 12.151855468749972
-10.93320312499992 12.205175781250006
-11.004541015624966 12.207519531250028
-11.065820312499937 12.170800781250009
-11.129248046874977 12.095019531250031
-11.209667968749926 12.02485351562504
-11.260693359374926 12.004052734374966
-11.305175781249943 12.015429687499974
-11.414648437499949 12.10400390625
-11.492431640625 12.166943359375026
-11.502197265624943 12.198632812499994
-11.474560546874983 12.247167968750034
-11.447558593749989 12.319238281249966
-11.418066406249949 12.377685546874972
-11.389404296874972 12.404394531249991
-11.382421874999949 12.479248046874972
-11.448779296874989 12.53193359375004
-11.450585937499994 12.557714843749963
-11.444091796875 12.627587890624994
-11.414355468749989 12.77548828125002
-11.417431640624983 12.831884765625048
-11.390380859374972 12.941992187500006
-11.433935546874977 12.991601562499994
-11.444140625000017 13.028222656249994
-11.492822265624966 13.08696289062496
-11.548779296874926 13.170263671874977
-11.561669921874966 13.236962890624966
-11.581347656249989 13.290039062500043
-11.634960937499983 13.369873046875043
-11.674462890624937 13.382373046875017
-11.758251953124955 13.394531250000014
-11.772216796874972 13.367089843750009
-11.803369140624994 13.327294921874994
-11.831689453124994 13.315820312500051
-11.877783203124977 13.364550781250031
-11.895214843749983 13.406298828125003
-11.894580078124932 13.444433593749963
-11.95708007812496 13.510888671874994
-12.054199218749943 13.633056640625014
-12.044140624999955 13.733886718750043
-11.984179687499989 13.788085937499986
-11.966357421874989 13.828955078124963
-11.960888671874955 13.875292968749989
-11.988085937499989 13.930761718750006
-12.02011718749992 13.974658203124974
-12.011181640624983 14.07182617187506
-12.019189453125023 14.206494140625054
-12.068359375 14.274218749999989
-12.11289062499992 14.323291015625045
-12.175244140624926 14.376660156249983
-12.228417968749994 14.458593749999977
-12.20683593749996 14.571142578124991
-12.1865234375 14.648144531250054
-12.280615234374977 14.809033203124969
-12.104687499999926 14.745361328125057
-12.08154296875 14.766357421874972
-12.021582031249977 14.804931640625014
-11.940917968749972 14.886914062500026
-11.87285156249996 14.995166015625045
-11.842236328124926 15.129394531250043
-11.828759765624937 15.244873046875028
-11.798437499999977 15.342724609374983
-11.76015625 15.425537109374972
-11.675878906249977 15.512060546875006
-11.596728515625017 15.573242187500057
-11.502685546874943 15.636816406250034
-11.455224609374966 15.625390625000023
-11.365625 15.536767578124994
-11.169335937499966 15.358642578125028
-11.007421874999949 15.222900390625
-10.948242187499972 15.151123046875028
-10.895605468749977 15.150488281249991
-10.815087890624937 15.281738281249986
-10.73198242187496 15.394921875000051
-10.696582031249932 15.422656250000017
-10.586572265624994 15.434863281250017
-10.493164062499972 15.439794921875034
-10.411816406249926 15.437939453125011
-10.26210937499999 15.416015624999986
-10.19375 15.396044921875003
-10.129541015624966 15.38369140624998
-9.941406250000028 15.373779296875
-9.755078124999983 15.401464843750048
-9.577832031249926 15.437255859375057
-9.446923828124994 15.458203124999983
-9.440332031249994 15.51166992187504
-9.447705078124983 15.574853515625023
-9.426562499999932 15.623046874999972
-9.385351562499977 15.667626953124994
-9.3505859375 15.677392578125051
-9.335449218749943 15.525683593750045
-9.293701171874943 15.502832031249994
-9.176806640624932 15.496093750000057
-8.987060546875 15.496093750000057
-8.783105468749937 15.496093750000057
-8.57915039062496 15.496142578125074
-8.375195312499983 15.496142578125074
-8.171240234374977 15.496142578125074
-7.96728515625 15.496142578125074
-7.763378906249926 15.496142578125074
-7.559375 15.496142578125074
-7.355468749999972 15.496191406249977
-7.151513671874994 15.496191406249977
-6.947558593749989 15.496191406249977
-6.743603515624926 15.496191406249977
-6.539648437499949 15.496191406249977
-6.33574218749996 15.496191406249977
-6.131787109374983 15.496240234374994
-5.92783203124992 15.496289062500011
-5.723876953125028 15.496289062500011
-5.5125 15.496289062500011
-5.455615234374989 15.789404296875034
-5.403564453124943 16.057910156250017
-5.359912109374932 16.282861328125023
-5.509619140624977 16.442041015625023
-5.628662109374972 16.568652343750074
-5.65625 16.80957031250003
-5.684765624999955 17.058251953124994
-5.71318359374996 17.306884765625
-5.74169921875 17.55556640625005
-5.770166015624937 17.80424804687499
-5.79863281249996 18.05292968750004
-5.827099609374983 18.301562500000045
-5.85556640624992 18.55024414062501
-5.88408203124996 18.798876953125045
-5.9125 19.047509765624966
-5.94101562499992 19.296191406250017
-5.969482421874972 19.544873046874955
-5.997949218749994 19.79350585937499
-6.026416015624932 20.04218750000001
-6.054882812499955 20.290869140625063
-6.083398437499994 20.539501953124983
-6.11181640625 20.788183593750034
-6.140332031249955 21.03686523437497
-6.168798828124977 21.285546875000023
-6.197265625 21.534179687500057
-6.225732421874937 21.782861328124994
-6.25419921874996 22.031542968750017
-6.28271484375 22.280175781249966
-6.31113281249992 22.528857421875017
-6.33964843749996 22.777490234375023
-6.368115234374983 23.02612304687497
-6.39658203124992 23.274804687499994
-6.425048828124943 23.523486328125045
-6.45351562499999 23.772167968749983
-6.4820312499999 24.020800781250017
-6.510449218749955 24.269482421874955
-6.538964843749994 24.518164062500006
-6.5673828125 24.76679687500004
-6.59409179687492 24.99462890625
-6.287207031249949 24.99482421875004
-5.959814453124949 24.994970703124977
-5.640771484374966 24.995166015625017
-5.172900390624932 24.995410156250074
-4.822607421874977 24.99560546875003
-4.516992187499994 24.80449218749999
-4.240332031249949 24.62353515624997
-3.912792968750011 24.409472656250074
-3.585351562499994 24.195361328125045
-3.257861328124989 23.98125
-2.930371093749955 23.767138671875045
-2.602929687499966 23.553027343750017
-2.275390625000028 23.3388671875
-1.947900390624994 23.12480468749999
-1.620410156249989 22.91064453124997
-1.292968749999972 22.69653320312497
-0.965478515624966 22.482470703125045
-0.637988281249932 22.26831054687503
-0.310546874999943 22.05419921875003
0.01699218750008 21.840136718750017
0.344433593750011 21.6259765625
0.671875 21.411865234375
0.999414062500051 21.19775390624997
1.145507812500057 21.102246093749983
1.1591796875 21.0625
1.172753906249994 20.98198242187499
1.1640625 20.891308593749983
1.165722656249983 20.817431640625045
1.20888671875008 20.767285156249955
1.29023437500004 20.71357421875001
1.610644531250045 20.555566406249994
1.636035156250074 20.52436523437501
1.647363281250051 20.458837890625006
1.685449218749994 20.37836914062504
1.753222656250045 20.331591796875017
1.832421875000023 20.296875
1.928808593750034 20.272705078125
2.219335937500063 20.247802734375
2.280859375000063 20.210302734374977
2.406152343750023 20.063867187499994
2.474218750000034 20.035009765624977
2.667773437500017 19.99291992187503
2.807910156250074 19.96943359375004
2.865722656250028 19.95595703125005
2.992480468750017 19.916601562500006
3.130273437500023 19.850195312499977
3.203710937500063 19.789697265624994
3.203417968750074 19.77075195312497
3.202734375000034 19.718310546875017
3.20166015625 19.560400390625006
3.22705078125 19.47358398437501
3.255859375000028 19.410937500000017
3.254394531249972 19.372607421875045
3.219628906249994 19.34541015625001
3.192382812500057 19.312060546875045
3.17724609375 19.268164062499977
3.13789062500004 19.21215820312503
3.106054687500063 19.15009765625001
3.119726562500006 19.103173828125023
3.17421875000008 19.072900390624994
3.255957031250034 19.01328125
3.323437500000011 18.988378906250006
3.3564453125 18.98662109374999
3.400878906249972 18.988427734375023
3.438769531250074 18.99614257812499
3.683496093749994 19.041601562500006
3.91015625 19.08374023437497
4.227636718750006 19.14277343750001

