14.532714843750057 35.82021484375002
14.43642578125008 35.821679687499966
14.352343750000074 35.87226562499998
14.35126953125004 35.97841796875002
14.448339843750006 35.95742187499999
14.537011718750051 35.88627929687499
14.566210937500045 35.85273437499998

14.25361328125004 36.012158203124955
14.194238281250023 36.04223632812506
14.18037109375004 36.060400390625006
14.263281250000063 36.075781250000034
14.303710937500028 36.06230468749996
14.320898437500063 36.03623046874998
14.313476562499972 36.027587890625

