169.6154296875 5.799804687499972
169.59052734375 5.801904296875037
169.61220703125002 5.824414062500011
169.6271484375 5.855810546875006
169.65107421875 5.945117187499989
169.700390625 5.977050781250014
169.73457031250007 6.014160156250028
169.72636718750016 5.975683593750006
169.67255859375007 5.935205078125023
169.63505859375005 5.830078125

171.6147460937501 7.026611328124972
171.68837890625014 7.02827148437504
171.7568359375001 6.97314453125
171.73046875 6.976611328124989
171.693359375 7.000146484374994
171.65937500000018 7.010058593749974
171.61416015625002 7.007177734375006
171.5927734375001 7.016259765624994
171.57734375000007 7.048242187500023

171.22695312499997 7.086962890625003
171.39375 7.1109375
171.3669921875 7.095556640624977
171.3046875000001 7.081152343749977
171.2632812500002 7.06875
171.2353515625001 7.06875
171.20234375 7.073535156250017
171.09550781250005 7.109277343750023
171.0357421875002 7.156103515624963
171.0503906250001 7.171777343749966
171.10195312500002 7.138232421874974

168.81542968749994 7.293554687499991
168.71923828125 7.302734375
168.67509765625016 7.321923828124994
168.6792968750002 7.336230468749989
168.7554687500001 7.322460937500026
168.8302734375 7.308984375000023

166.864453125 11.146240234375
166.8447265625001 11.153369140625031
166.85888671874994 11.166308593750003
166.88808593750014 11.16865234375004
166.89941406249994 11.165039062500014
166.89033203125007 11.153076171874972

