-16.43754882812499 19.609277343750023
-16.465966796874994 19.646386718750023
-16.477001953124926 19.710351562499994
-16.420166015625 19.80195312500001
-16.393261718749926 19.849267578124966
-16.343652343749937 19.86621093749997
-16.37333984374996 19.706445312500023

-6.140332031249955 21.03686523437497
-6.11181640625 20.788183593750034
-6.083398437499994 20.539501953124983
-6.054882812499955 20.290869140625063
-6.026416015624932 20.04218750000001
-5.997949218749994 19.79350585937499
-5.969482421874972 19.544873046874955
-5.94101562499992 19.296191406250017
-5.9125 19.047509765624966
-5.88408203124996 18.798876953125045
-5.85556640624992 18.55024414062501
-5.827099609374983 18.301562500000045
-5.79863281249996 18.05292968750004
-5.770166015624937 17.80424804687499
-5.74169921875 17.55556640625005
-5.71318359374996 17.306884765625
-5.684765624999955 17.058251953124994
-5.65625 16.80957031250003
-5.628662109374972 16.568652343750074
-5.509619140624977 16.442041015625023
-5.359912109374932 16.282861328125023
-5.403564453124943 16.057910156250017
-5.455615234374989 15.789404296875034
-5.5125 15.496289062500011
-5.723876953125028 15.496289062500011
-5.92783203124992 15.496289062500011
-6.131787109374983 15.496240234374994
-6.33574218749996 15.496191406249977
-6.539648437499949 15.496191406249977
-6.743603515624926 15.496191406249977
-6.947558593749989 15.496191406249977
-7.151513671874994 15.496191406249977
-7.355468749999972 15.496191406249977
-7.559375 15.496142578125074
-7.763378906249926 15.496142578125074
-7.96728515625 15.496142578125074
-8.171240234374977 15.496142578125074
-8.375195312499983 15.496142578125074
-8.57915039062496 15.496142578125074
-8.783105468749937 15.496093750000057
-8.987060546875 15.496093750000057
-9.176806640624932 15.496093750000057
-9.293701171874943 15.502832031249994
-9.335449218749943 15.525683593750045
-9.3505859375 15.677392578125051
-9.385351562499977 15.667626953124994
-9.426562499999932 15.623046874999972
-9.447705078124983 15.574853515625023
-9.440332031249994 15.51166992187504
-9.446923828124994 15.458203124999983
-9.577832031249926 15.437255859375057
-9.755078124999983 15.401464843750048
-9.941406250000028 15.373779296875
-10.129541015624966 15.38369140624998
-10.19375 15.396044921875003
-10.26210937499999 15.416015624999986
-10.411816406249926 15.437939453125011
-10.493164062499972 15.439794921875034
-10.586572265624994 15.434863281250017
-10.696582031249932 15.422656250000017
-10.73198242187496 15.394921875000051
-10.815087890624937 15.281738281249986
-10.895605468749977 15.150488281249991
-10.948242187499972 15.151123046875028
-11.007421874999949 15.222900390625
-11.169335937499966 15.358642578125028
-11.365625 15.536767578124994
-11.455224609374966 15.625390625000023
-11.502685546874943 15.636816406250034
-11.596728515625017 15.573242187500057
-11.675878906249977 15.512060546875006
-11.76015625 15.425537109374972
-11.798437499999977 15.342724609374983
-11.828759765624937 15.244873046875028
-11.842236328124926 15.129394531250043
-11.87285156249996 14.995166015625045
-11.940917968749972 14.886914062500026
-12.021582031249977 14.804931640625014
-12.08154296875 14.766357421874972
-12.104687499999926 14.745361328125057
-12.280615234374977 14.809033203124969
-12.302539062500017 14.816992187499991
-12.408691406249972 14.889013671875006
-12.459863281249994 14.974658203125045
-12.543554687499977 15.039013671875011
-12.659619140624926 15.082080078124989
-12.735253906249966 15.13125
-12.770312499999989 15.18666992187498
-12.813183593749955 15.223535156250037
-12.858496093749949 15.242529296874991
-12.862646484374977 15.262402343750054
-12.85190429687492 15.289648437500006
-12.862695312499994 15.340429687500048
-12.930859374999926 15.453027343749994
-12.994335937499983 15.504882812499972
-13.048535156249926 15.496630859375074
-13.079296874999983 15.510449218749955
-13.097900390624943 15.535253906250034
-13.105273437499932 15.571777343750028
-13.14238281249996 15.603320312500045
-13.206445312499937 15.616894531249983
-13.258007812499983 15.700390625000011
-13.297021484375023 15.853857421875006
-13.347558593749994 15.973486328125063
-13.409667968749972 16.059179687500006
-13.454101562499943 16.091113281250045
-13.486962890624994 16.097021484375006
-13.498144531249949 16.11030273437504
-13.506982421874966 16.135205078124955
-13.55551757812492 16.14404296874997
-13.62353515625 16.118310546874994
-13.684667968749949 16.126904296874955
-13.714941406249977 16.168798828125063
-13.75664062499996 16.172509765625023
-13.809814453124943 16.138037109375006
-13.868457031249989 16.14814453125001
-13.9326171875 16.20288085937497
-13.968164062499966 16.25722656250005
-13.975048828124955 16.311132812500006
-14.085644531249926 16.418847656250023
-14.300097656249989 16.58027343750004
-14.533740234374989 16.65595703125001
-14.7867187499999 16.645898437499994
-14.928613281249966 16.65351562500004
-14.95952148437496 16.678906249999983
-14.990625 16.676904296874994
-15.021923828124983 16.647460937500057
-15.055224609375017 16.640966796875063
-15.090576171875 16.657373046875023
-15.112646484374977 16.644921874999966
-15.121435546875006 16.603613281250006
-15.210546874999949 16.582617187499977
-15.379980468750006 16.58198242187504
-15.516699218749949 16.55659179687501
-15.620800781249955 16.50659179687503
-15.768212890624966 16.485107421875
-15.958984375 16.49213867187501
-16.07402343749999 16.51044921875001
-16.11328125 16.540136718750034
-16.168359374999937 16.54707031250001
-16.239013671874943 16.531298828125017
-16.30229492187496 16.451318359374966
-16.358105468749955 16.30717773437499
-16.40434570312496 16.224902343750017
-16.441015624999977 16.204541015624955
-16.48007812499995 16.097216796875045
-16.502050781249977 15.917333984374977
-16.535253906249977 15.838378906249972
-16.535742187500006 16.28681640625004
-16.48129882812492 16.454248046875023
-16.46362304687497 16.60151367187501
-16.346679687499943 16.926416015625023
-16.20747070312501 17.192578124999983
-16.078906250000017 17.54584960937501
-16.03032226562496 17.887939453125
-16.04672851562495 18.22314453124997
-16.0849609375 18.521191406249955
-16.150097656249955 18.718164062500023
-16.213085937499983 19.003320312500023
-16.30590820312497 19.153808593750057
-16.47617187499995 19.285058593749966
-16.514453124999932 19.361962890624994
-16.474804687499926 19.390625
-16.371289062499983 19.410253906249977
-16.30527343749995 19.512646484374955
-16.44487304687496 19.47314453125
-16.283398437499926 19.787158203125017
-16.233203125000017 20.00097656249997
-16.241162109374926 20.141259765624966
-16.21044921875 20.227929687500023
-16.33374023437497 20.415869140625034
-16.429785156250006 20.65234374999997
-16.479199218749926 20.689794921874977
-16.530419921874994 20.70952148437499
-16.534912109375 20.654003906249955
-16.562695312499983 20.604150390625023
-16.62250976562501 20.634179687500023
-16.728369140624977 20.80615234374997
-16.876074218749977 21.086132812499983
-16.927929687499955 21.114794921875045
-16.971142578124983 21.076464843750045
-16.998242187499983 21.039697265625023
-17.048046874999926 20.806152343750057
-17.06396484374997 20.898828125000023
-17.042382812500023 21.008007812499955
-17.00590820312496 21.142431640625006
-16.964550781249955 21.32924804687505
-16.836328124999966 21.329394531250074
-16.60703124999995 21.329638671875017
-16.37773437499996 21.329931640625006
-16.14843749999997 21.330224609374966
-15.919140624999983 21.330468750000023
-15.689794921874977 21.330761718749983
-15.460546874999977 21.331054687500057
-15.231201171874972 21.331298828125
-15.001904296874983 21.33159179687499
-14.772607421874994 21.331884765625034
-14.543261718749989 21.332128906250006
-14.313964843749972 21.332421874999966
-14.084667968749983 21.33271484375004
-13.855371093749994 21.332958984374983
-13.626025390624989 21.33325195312497
-13.396728515625 21.333544921875017
-13.167431640624983 21.33378906249999
-13.01621093749992 21.33393554687501
-13.025097656249955 21.466796875
-13.032226562499972 21.572070312500045
-13.041748046874972 21.713818359374955
-13.051220703124955 21.85478515624999
-13.060644531250006 21.995751953125023
-13.069580078124943 22.128173828125
-13.078466796874977 22.26044921875004
-13.086767578124977 22.38325195312501
-13.09433593749992 22.495996093749966
-13.107324218749994 22.56074218750001
-13.155957031249955 22.689306640625006
-13.166503906249972 22.753222656250074
-13.153271484374955 22.82050781250001
-13.120898437499932 22.88408203124999
-13.031494140625 23.00024414062503
-12.895996093749943 23.08955078125001
-12.739599609374949 23.192724609374977
-12.620410156249932 23.271337890625006
-12.559375 23.29082031249999
-12.372900390624949 23.318017578125023
-12.226171874999977 23.377490234375045
-12.083349609374949 23.435449218749966
-12.0234375 23.467578125000017
-12.016308593749955 23.57646484374999
-12.016308593749955 23.697900390624966
-12.016308593749955 23.83403320312499
-12.016308593749955 23.97021484375003
-12.016308593749955 24.10634765625005
-12.016308593749955 24.242480468750074
-12.016308593749955 24.378662109375
-12.016308593749955 24.514794921875023
-12.016308593749955 24.650976562499977
-12.016308593749955 24.787109375
-12.016308593749955 24.923242187500023
-12.016308593749955 25.059375
-12.016308593749955 25.19555664062497
-12.016308593749955 25.331689453124994
-12.016308593749955 25.467871093750034
-12.016308593749955 25.60400390624997
-12.016308593749955 25.740136718749994
-12.016308593749955 25.876318359375034
-12.016308593749955 25.995410156250045
-11.866650390624926 25.995410156250045
-11.680371093749983 25.995410156250045
-11.494042968749966 25.995410156250045
-11.30771484374992 25.995410156250045
-11.121386718749989 25.995458984375063
-10.93510742187496 25.995458984375063
-10.748779296875 25.995458984375063
-10.562451171874983 25.995458984375063
-10.376123046874937 25.995458984375063
-10.189794921875006 25.995458984375063
-10.003515624999977 25.995458984375063
-9.817187499999932 25.995458984375063
-9.630859375 25.995507812499966
-9.444531249999955 25.995507812499966
-9.25820312499999 25.995507812499966
-9.071923828124994 25.995507812499966
-8.885644531249966 25.995507812499966
-8.682226562500006 25.995507812499966
-8.682128906249972 26.109472656250006
-8.682128906249972 26.27319335937497
-8.682324218749926 26.497705078124966
-8.682617187499972 26.72314453124997
-8.682861328124943 26.92133789062504
-8.68310546875 27.11928710937505
-8.683349609374943 27.2859375
-8.495312499999926 27.17534179687499
-8.307275390624994 27.064746093750017
-8.119238281249949 26.95415039062496
-7.93115234375 26.84355468749999
-7.743115234374983 26.732958984375017
-7.555078124999966 26.62236328124996
-7.366992187500017 26.51176757812499
-7.178906249999983 26.401171875000017
-6.990869140624937 26.29057617187496
-6.80283203124992 26.17998046874999
-6.614746093749972 26.069433593750034
-6.426708984374926 25.958789062500045
-6.23867187499999 25.84819335937499
-6.05058593749996 25.737597656250017
-5.862548828124943 25.627001953125045
-5.674511718749983 25.516406250000074
-5.516943359374949 25.42377929687504
-5.275 25.274511718750006
-5.049511718749955 25.135449218749983
-4.822607421874977 24.99560546875003
-5.172900390624932 24.995410156250074
-5.640771484374966 24.995166015625017
-5.959814453124949 24.994970703124977
-6.287207031249949 24.99482421875004
-6.59409179687492 24.99462890625
-6.5673828125 24.76679687500004
-6.538964843749994 24.518164062500006
-6.510449218749955 24.269482421874955
-6.4820312499999 24.020800781250017
-6.45351562499999 23.772167968749983
-6.425048828124943 23.523486328125045
-6.39658203124992 23.274804687499994
-6.368115234374983 23.02612304687497
-6.33964843749996 22.777490234375023
-6.31113281249992 22.528857421875017
-6.28271484375 22.280175781249966
-6.25419921874996 22.031542968750017
-6.225732421874937 21.782861328124994
-6.197265625 21.534179687500057
-6.168798828124977 21.285546875000023

