57.52480468750002 -20.513183593750014
57.38330078125006 -20.50371093750003
57.32832031250007 -20.45
57.31767578124999 -20.427636718749994
57.36513671875008 -20.406445312500026
57.36210937499999 -20.33759765625004
57.3857421875 -20.228613281250034
57.41601562500006 -20.18378906249997
57.486425781250034 -20.143945312500023
57.51503906250008 -20.05595703125003
57.575781250000034 -19.997167968749963
57.656542968750045 -19.989941406249997
57.73720703125002 -20.09843749999999
57.7919921875 -20.21259765624997
57.78066406250002 -20.326953125
57.725 -20.36884765625001
57.706640625000034 -20.43486328124996
57.65126953125002 -20.484863281250014

