-91.79614257812494 18.654199218749966
-91.81611328124993 18.675878906250034
-91.58911132812497 18.778027343749955
-91.55029296874997 18.77368164062497
-91.53671875000003 18.76000976562503
-91.65424804687501 18.71147460937499
-91.68369140624995 18.677343749999977

-110.97480468749998 18.720361328125023
-111.06367187499997 18.78164062499999
-111.03994140625001 18.830126953125017
-110.98940429687502 18.863134765624977
-110.94208984374997 18.801708984374983
-110.91445312500002 18.74145507812497

-86.99140624999995 20.272167968749983
-87.01943359375 20.38232421875003
-86.97797851562498 20.48979492187499
-86.92783203124998 20.551513671875057
-86.82856445312501 20.55878906250001
-86.76328125000003 20.579052734374983
-86.75502929687502 20.5517578125
-86.80878906249995 20.46845703125001
-86.93964843749998 20.303320312500006

-86.69628906249997 21.191015625000034
-86.71362304687503 21.19677734374997
-86.73637695312496 21.233300781250023
-86.75288085937495 21.27880859374997
-86.7390625 21.279980468749955
-86.72690429687498 21.264306640624966
-86.71401367187502 21.239306640625017

-106.53134765624995 21.528515624999955
-106.60703125 21.56147460937501
-106.63417968749994 21.613134765624977
-106.63935546875003 21.697851562500006
-106.59736328125 21.71215820312497
-106.53642578125002 21.676367187499977
-106.52382812500002 21.65234374999997
-106.50224609374997 21.61083984375003

-109.82675781249995 24.147558593750006
-109.87792968749997 24.200634765624983
-109.90048828124995 24.330908203125034
-109.89033203125001 24.344824218750034
-109.79379882812498 24.183398437500017
-109.79560546875 24.16357421874997
-109.80507812499997 24.15107421875001

-111.71230468749995 24.34638671875001
-112.01328124999998 24.53339843750001
-111.94086914062497 24.551123046874977
-111.8568359375 24.537988281249966
-111.69887695312497 24.393603515625017

-110.53886718749999 24.891552734374955
-110.59018554687496 24.908056640625034
-110.65742187499998 24.968847656249977
-110.70341796875002 25.04663085937503
-110.69926757812497 25.081445312499994
-110.690234375 25.087841796874983
-110.59521484375 25.042138671874994
-110.56738281250001 25.003466796875017

-112.07734374999997 24.534570312499966
-112.16289062499999 24.650292968750023
-112.17548828124998 24.729589843750006
-112.21049804687502 24.763134765624983
-112.29677734375001 24.789648437499977
-112.22231445312502 24.95112304687501
-112.159423828125 25.28564453125003
-112.13168945312495 25.224365234375
-112.19838867187504 24.885449218749955
-112.19501953124997 24.84106445312497
-112.16376953125 24.799658203124977
-112.130224609375 24.729589843750006
-112.12626953124999 24.654003906249955
-112.06748046875 24.583642578125023
-112.05727539062497 24.545703125000017

-111.08774414062498 25.984521484374966
-111.09443359375001 25.974072265624955
-111.13525390624999 25.999169921875023
-111.20449218749997 25.849707031250034
-111.22465820312499 25.835888671874955
-111.18291015625 26.040625
-111.13925781249999 26.06982421875003
-111.090869140625 26.07568359374997
-111.10029296874997 26.020605468750034

-115.18427734375003 28.037255859374994
-115.35292968750001 28.10395507812501
-115.260400390625 28.220556640625034
-115.273974609375 28.34277343749997
-115.23354492187502 28.368359374999955
-115.19697265625004 28.32788085937497
-115.14853515625002 28.17211914062503
-115.17060546875 28.06938476562499

-118.28549804687498 28.903759765624955
-118.40009765624997 29.1123046875
-118.40136718749996 29.162744140624966
-118.36782226562497 29.187597656249977
-118.31230468750002 29.18286132812497
-118.31206054687497 29.130517578124966
-118.26552734375 29.08642578124997
-118.24736328125002 29.04335937499999
-118.24277343749998 28.941943359375017

-112.27841796874999 28.769335937500017
-112.35527343750002 28.77314453125001
-112.51406249999995 28.847607421874983
-112.53100585937503 28.89399414062501
-112.46982421874999 29.167724609375
-112.42353515624998 29.20366210937496
-112.28505859375001 29.240429687499983
-112.26342773437496 29.20678710937497
-112.24873046874998 29.12597656250003
-112.20307617187501 29.005322265624955

-113.16279296874995 29.034765625
-113.26474609375003 29.096728515625017
-113.49633789062496 29.3076171875
-113.58061523437499 29.413232421875023
-113.59438476562495 29.46269531249996
-113.58720703125 29.57304687499999
-113.50795898437502 29.559912109374977
-113.41591796875001 29.4859375
-113.375830078125 29.41748046875
-113.37382812499996 29.33891601562499
-113.20214843749997 29.301855468749977
-113.17792968750001 29.131933593750006
-113.155615234375 29.05224609375003

-114.72724609375 31.701367187499955
-114.78920898437501 31.747412109375034
-114.78457031249995 31.78979492187503
-114.77109374999996 31.794091796875023
-114.70908203125002 31.75688476562499
-114.68793945312498 31.72421875
-114.694140625 31.705615234375045

-112.46474609375002 31.76826171875001
-111.99047851562496 31.620214843750034
-111.51621093749996 31.472265625
-111.04199218749999 31.324218750000057
-110.688525390625 31.324853515624994
-110.33510742187495 31.325537109375063
-109.98164062499997 31.326171875
-109.62822265625 31.32680664062505
-109.27475585937502 31.32744140624999
-108.92133789062495 31.328125
-108.56787109374999 31.32880859375001
-108.214453125 31.329443359375034
-108.21381835937497 31.44189453125003
-108.21318359375002 31.554394531249955
-108.2125 31.666845703125034
-108.21181640625001 31.77934570312496
-107.99204101562499 31.778173828124977
-107.77221679687497 31.77705078125001
-107.55234374999995 31.775878906250057
-107.33251953125001 31.774755859375006
-107.1126953125 31.773632812499955
-106.89287109374997 31.77246093749997
-106.67304687499995 31.771337890625006
-106.45322265625002 31.77016601562505
-106.44541015624995 31.768408203125034
-106.43603515624999 31.764453125000017
-106.34697265624996 31.679003906250017
-106.25571289062502 31.54467773437503
-106.14804687500002 31.45092773437503
-106.024072265625 31.397753906250017
-105.81269531250001 31.24101562499996
-105.51401367187499 30.98076171874999
-105.27583007812497 30.807275390624994
-105.09814453125 30.720556640624977
-104.97880859375003 30.645947265624983
-104.91787109374997 30.583349609375006
-104.83588867187495 30.44765625
-104.68134765625 30.134375
-104.68134765625 29.990527343750045
-104.62221679687495 29.85429687499999
-104.50400390625002 29.677685546874983
-104.40063476562501 29.57373046875003
-104.31220703125003 29.542431640624955
-104.21552734374995 29.479882812499994
-104.11059570312499 29.386132812499994
-103.98974609374997 29.323144531249966
-103.85292968749998 29.29106445312499
-103.66396484374995 29.206884765624977
-103.42294921874996 29.070703124999966
-103.25771484374997 29.001123046874994
-103.16831054687495 28.998193359375023
-103.08999023437498 29.04189453125005
-103.02285156249998 29.132226562499966
-102.95683593749995 29.19038085937501
-102.89199218749997 29.216406249999977
-102.86567382812503 29.25800781250001
-102.87783203125002 29.315332031249966
-102.83398437499997 29.443945312499977
-102.73417968749997 29.643945312500023
-102.61494140625001 29.75234375
-102.47626953125001 29.76909179687496
-102.38564453125002 29.80664062499997
-102.34306640624996 29.86499023437503
-102.26894531249997 29.871191406249977
-102.16308593749997 29.825244140625017
-101.99091796874998 29.79570312499996
-101.75234374999997 29.782470703125
-101.61162109374999 29.786962890625034
-101.56870117187495 29.809228515624966
-101.54638671875001 29.808056640624983
-101.54462890625001 29.783544921875063
-101.50927734375 29.773144531249983
-101.440380859375 29.77685546875003
-101.38037109375003 29.742578124999966
-101.303515625 29.63408203124999
-101.03896484375002 29.460400390624955
-101.03862304687496 29.460302734375006
-101.01630859375003 29.400683593750045
-100.92412109374999 29.31469726562503
-100.75458984375 29.182519531249994
-100.658642578125 29.068554687499955
-100.63632812499998 28.972802734374994
-100.54970703125001 28.82133789062496
-100.39892578125001 28.614208984374955
-100.33173828125001 28.502539062500034
-100.34814453124997 28.486425781250034
-100.33627929687495 28.428125
-100.29604492187502 28.327685546875017
-100.22128906249998 28.24262695312501
-100.111962890625 28.172949218750034
-100.00141601562494 28.04785156250003
-99.8896484375 27.867285156250006
-99.75424804687495 27.72993164062501
-99.5953125 27.635888671875023
-99.50532226562495 27.54833984374997
-99.48427734375002 27.467382812499977
-99.48583984374999 27.398046874999977
-99.51005859374995 27.34033203125003
-99.49980468749999 27.285498046874977
-99.45512695312495 27.23369140624999
-99.44023437500002 27.17011718750001
-99.45771484375003 27.081689453125023
-99.45654296874996 27.05668945312499
-99.45649414062495 27.05664062499997
-99.44355468749998 27.03666992187499
-99.30244140625001 26.884716796874955
-99.22993164062498 26.761914062499983
-99.17236328124997 26.56591796875
-99.17207031250001 26.56416015625001
-99.10776367187496 26.446923828125023
-99.01528320312495 26.398974609375017
-98.87319335937495 26.38125
-98.76523437499998 26.340429687499977
-98.69140624999997 26.276464843750006
-98.598291015625 26.23784179687496
-98.48588867187502 26.22456054687501
-98.378125 26.18237304687503
-98.27504882812497 26.111181640625006
-98.0828125 26.064453125
-97.80141601562502 26.04204101562496
-97.58725585937498 25.98417968749999
-97.44028320312498 25.890820312499955
-97.37563476562497 25.871826171875
-97.35815429687503 25.870507812499994
-97.34975585937502 25.88476562499997
-97.33867187499996 25.911181640625017
-97.28178710937502 25.94160156250001
-97.14624023437503 25.961474609375045
-97.164453125 25.75493164062499
-97.22490234374999 25.58544921875
-97.42407226562497 25.233105468749983
-97.507080078125 25.014550781249966
-97.66767578124995 24.389990234375006
-97.71704101562497 23.980615234374994
-97.72861328125 23.787939453125006
-97.74267578125003 23.760644531249966
-97.72739257812503 23.732226562500017
-97.76586914062497 23.30615234375
-97.74521484375 22.94238281249997
-97.75834960937493 22.886035156250017
-97.81669921875002 22.776318359374983
-97.85781249999997 22.62451171875003
-97.84160156249993 22.557080078124983
-97.84248046874993 22.510302734375045
-97.78237304687494 22.27929687499997
-97.76328124999998 22.10585937499999
-97.58476562500002 21.808544921874983
-97.48452148437502 21.704833984375
-97.36015624999999 21.614941406249983
-97.31450195312502 21.56420898437503
-97.33686523437495 21.437890624999966
-97.38754882812498 21.373925781249994
-97.40917968749994 21.272558593750034
-97.43413085937496 21.35649414062499
-97.42441406250003 21.46533203124997
-97.38481445312496 21.523828124999966
-97.38344726562494 21.566699218750017
-97.45659179687502 21.612402343750006
-97.59038085937502 21.762011718750017
-97.75380859375 22.026660156250017
-97.63754882812503 21.603662109374994
-97.59760742187495 21.53588867187503
-97.56655273437494 21.507714843749994
-97.51455078125002 21.477978515624955
-97.50107421875 21.432031250000023
-97.5005859375 21.398046875000034
-97.35712890625001 21.10400390624997
-97.194970703125 20.800097656250074
-97.18632812500002 20.71704101562503
-97.12143554687503 20.614990234375
-96.70869140624998 20.188281250000017
-96.45605468750003 19.869775390624966
-96.36835937500001 19.567236328124977
-96.31533203124994 19.47285156250004
-96.28955078125003 19.34375
-96.12397460937495 19.199072265625034
-96.07338867187494 19.10566406250001
-95.98466796874999 19.05375976562499
-95.91303710937495 18.897167968749983
-95.778125 18.805517578124977
-95.81035156250002 18.803857421874994
-95.92822265624994 18.85009765625
-95.92036132812495 18.819580078125
-95.82109374999999 18.754638671875
-95.626806640625 18.690576171874994
-95.57832031249998 18.69042968749997
-95.65493164062497 18.72368164062499
-95.71982421875003 18.768359375000045
-95.69711914062503 18.77490234375003
-95.56142578125002 18.719140624999966
-95.18183593749995 18.700732421875017
-95.01469726562502 18.57060546874999
-94.79814453124993 18.51459960937504
-94.681640625 18.348486328125034
-94.54619140624996 18.17485351562499
-94.45976562500002 18.166650390625023
-94.39228515624995 18.165966796874955
-94.18901367187502 18.195263671874983
-93.87314453124998 18.30444335937503
-93.76440429687503 18.35791015625
-93.55234374999998 18.430468750000017
-93.22792968749997 18.443798828124983
-93.12734375 18.4234375
-92.88476562499994 18.468652343749994
-92.76909179687502 18.52412109375001
-92.72895507812501 18.57451171874999
-92.710107421875 18.611669921875006
-92.48530273437501 18.66479492187497
-92.44101562499998 18.67529296875
-92.21318359375002 18.68486328124999
-92.10322265624998 18.704394531250045
-91.973779296875 18.71586914062499
-91.88037109374997 18.637792968749977
-91.88046874999998 18.599658203125045
-91.94267578124996 18.56342773437504
-91.91357421874997 18.52851562500001
-91.802978515625 18.470605468750023
-91.59970703124998 18.447167968749966
-91.53398437500002 18.45654296875
-91.44047851562496 18.541845703124977
-91.27524414062498 18.62446289062504
-91.27875976562498 18.720654296874983
-91.30830078124995 18.773291015624977
-91.35629882812495 18.77656250000001
-91.36777343749998 18.806103515624983
-91.334228515625 18.876806640625006
-91.34306640625002 18.900585937499983
-91.44555664062503 18.832812500000017
-91.46918945312495 18.83300781249997
-91.45786132812495 18.864648437500023
-91.436669921875 18.889794921874994
-91.13593750000001 19.0375
-91.05893554687503 19.09819335937499
-90.95502929687501 19.151660156250045
-90.73925781250003 19.352246093749983
-90.69316406249996 19.729882812499994
-90.65009765624998 19.795947265625045
-90.50708007812497 19.91186523437503
-90.49169921875003 19.94677734375003
-90.482421875 20.025732421875034
-90.48637695312502 20.224023437500023
-90.47832031249996 20.379980468750006
-90.484130859375 20.556347656249955
-90.45844726562501 20.713720703125063
-90.43515624999998 20.75751953125001
-90.353125 21.009423828124994
-90.18291015625002 21.120898437500045
-89.88764648437498 21.252636718749983
-89.81977539062501 21.27460937500001
-88.87871093749996 21.414111328125017
-88.74667968749998 21.448144531250023
-88.58491210937498 21.538671874999977
-88.46669921874997 21.569384765625017
-88.25102539062499 21.56689453124997
-88.18476562499998 21.578955078125006
-88.171728515625 21.591455078124994
-88.17138671875 21.60351562499997
-88.13164062499999 21.615869140624994
-88.00683593749997 21.60405273437499
-87.77373046874999 21.549511718749983
-87.68881835937503 21.53583984375004
-87.48046875000003 21.47246093749999
-87.25087890624997 21.446972656249955
-87.21791992187502 21.45800781249997
-87.18759765624995 21.477294921875
-87.164306640625 21.514208984375074
-87.18828125000002 21.546435546875045
-87.21059570312502 21.5439453125
-87.24946289062495 21.526611328125
-87.29575195312498 21.524951171875017
-87.38666992187501 21.55146484375001
-87.36850585937495 21.57373046875003
-87.27573242187498 21.571630859375034
-87.21645507812497 21.582421875000023
-87.12846679687499 21.621484374999966
-87.034765625 21.592236328124983
-86.91171874999998 21.462841796874983
-86.82407226562498 21.421679687500045
-86.81708984374998 21.234228515625034
-86.80385742187502 21.200048828125006
-86.77177734374999 21.150537109374966
-86.81552734375 21.005224609375006
-86.86469726562498 20.885058593750045
-86.92622070312501 20.786474609375034
-87.0595703125 20.63125
-87.22124023437499 20.50727539062501
-87.42138671874997 20.23139648437501
-87.4671875 20.102148437499977
-87.46582031249997 19.99853515625
-87.43193359374999 19.898486328125045
-87.44174804687495 19.861523437499983
-87.46621093749997 19.82416992187501
-87.50688476562499 19.827490234374977
-87.585791015625 19.779492187499983
-87.68769531249998 19.63710937499999
-87.69008789062502 19.593701171874955
-87.6453125 19.55390625000001
-87.58730468749994 19.572998046875
-87.51166992187498 19.57470703125
-87.469384765625 19.58647460937499
-87.42475585937495 19.583349609374977
-87.43471679687494 19.501708984375057
-87.48266601562503 19.44375
-87.51289062499998 19.42558593749999
-87.56699218749998 19.41572265625001
-87.62753906249998 19.382714843749966
-87.65869140625 19.35234374999999
-87.65576171875003 19.257861328125017
-87.6220703125 19.25048828125003
-87.55078124999997 19.320947265624994
-87.50947265624998 19.317480468750006
-87.50107421874998 19.287792968749983
-87.59355468749999 19.04638671875
-87.65302734375001 18.798535156249955
-87.733544921875 18.65502929687503
-87.76181640624998 18.446142578125034
-87.80410156249997 18.357080078124994
-87.85322265624995 18.268994140624983
-87.88198242187502 18.27387695312501
-87.95966796874995 18.44086914062501
-88.03906249999997 18.48388671875
-88.05644531249996 18.52446289062499
-88.01113281249997 18.726855468750017
-88.03173828124997 18.838916015625017
-88.07377929687502 18.83447265625
-88.12675781249999 18.773046875
-88.19677734375003 18.719677734374983
-88.1953125 18.64262695312499
-88.27573242187503 18.514550781250023
-88.29565429687503 18.47241210937497
-88.37241210937503 18.482324218750023
-88.461279296875 18.476757812499955
-88.52299804687496 18.445898437499977
-88.58618164062497 18.29052734375003
-88.74360351562498 18.071630859375034
-88.80634765624995 17.965527343749983
-88.85737304687495 17.928808593749977
-88.89780273437503 17.91455078125
-88.94262695312503 17.939648437499955
-89.05043945312497 17.99970703125001
-89.133544921875 17.970800781250006
-89.16235351562503 17.901953125
-89.161474609375 17.814843750000023
-89.37153320312501 17.814990234375045
-89.72880859374996 17.815332031250023
-90.18359374999997 17.815722656250017
-90.62202148437493 17.81611328125001
-90.98916015624994 17.81640624999997
-90.99042968749995 17.620751953124994
-90.9916015625 17.447460937499955
-90.99296875000002 17.25244140625003
-91.19550781249998 17.25410156250001
-91.40961914062498 17.255859375
-91.39233398437503 17.236425781250034
-91.31918945312495 17.199804687500034
-91.22416992187496 17.112255859374983
-91.11186523437499 16.976171875000034
-90.975830078125 16.867822265624994
-90.81601562499995 16.787109375
-90.71069335937497 16.708105468750063
-90.65996093749993 16.630908203125045
-90.634375 16.565136718749983
-90.63408203124999 16.5107421875
-90.5757812499999 16.467822265625045
-90.47109375000002 16.439550781250063
-90.4169921875 16.391015625000023
-90.4169921875 16.35131835937503
-90.45014648437501 16.261376953124994
-90.45986328124994 16.16235351562497
-90.44716796875002 16.07270507812501
-90.52197265624997 16.071191406249966
-90.70322265624995 16.07104492187503
-90.97958984374995 16.07080078124997
-91.23378906249997 16.070654296875034
-91.43398437499997 16.070458984374994
-91.73657226562497 16.070166015625034
-91.81943359374998 15.932373046875028
-91.95722656249998 15.703222656250063
-92.08212890624995 15.49555664062504
-92.18715820312494 15.320898437499977
-92.20424804687497 15.275
-92.20434570312497 15.237695312499994
-92.07480468749998 15.074218749999986
-92.09873046874995 15.026757812500009
-92.14423828124998 15.001953125000014
-92.15854492187498 14.963574218750011
-92.15566406250002 14.901318359375026
-92.18637695312495 14.818359375
-92.17646484374998 14.76132812500002
-92.159912109375 14.69101562499999
-92.18706054687502 14.630078125000011
-92.20903320312496 14.570996093749969
-92.23515625 14.54541015625
-92.26455078125 14.567773437500023
-92.53095703124998 14.839648437499989
-92.80893554687495 15.138574218749952
-92.91840820312498 15.236132812500031
-93.02441406249997 15.310253906250026
-93.16689453124997 15.448046875000045
-93.54116210937502 15.75039062499999
-93.734375 15.888476562500045
-93.91606445312502 16.053564453125034
-94.07895507812498 16.14526367187497
-94.239892578125 16.20507812499997
-94.31127929687497 16.239355468750034
-94.374169921875 16.284765625000063
-94.40903320312498 16.287353515625057
-94.42641601562497 16.226269531249955
-94.37016601562496 16.195410156249977
-94.30283203125 16.169335937499994
-94.24951171875 16.167529296875074
-94.19340820312502 16.145605468750034
-94.02832031249997 16.06206054687499
-94.00126953124996 16.018945312499994
-94.47075195312493 16.186572265625045
-94.6615234375 16.201904296875057
-94.68227539062497 16.228222656249983
-94.58710937499993 16.315820312499994
-94.61684570312497 16.347558593749966
-94.65078125000002 16.35180664062503
-94.75283203124994 16.291210937499955
-94.79082031249996 16.287158203125017
-94.79746093749998 16.327050781249966
-94.79291992187495 16.364599609374977
-94.85869140625002 16.419726562500017
-94.90043945312499 16.41748046875
-94.93471679687497 16.37910156250001
-95.02353515625003 16.30625
-95.020849609375 16.277636718750017
-94.846044921875 16.24658203125
-94.785791015625 16.229101562500006
-94.79941406250003 16.20966796875004
-94.94931640625 16.210009765625017
-95.134375 16.17695312500004
-95.46440429687496 15.974707031250034
-95.77177734374996 15.887792968750006
-96.21357421875001 15.693066406249955
-96.40864257812495 15.683105468750057
-96.51083984374998 15.651904296874989
-96.80795898437503 15.726416015624977
-97.18466796875003 15.909277343750034
-97.75478515625002 15.966845703125045
-98.13896484374993 16.20629882812497
-98.52031250000002 16.304833984374966
-98.76220703125 16.534765625
-98.90795898437503 16.544580078124966
-99.00166015625001 16.581445312500023
-99.34804687499998 16.66474609375001
-99.69067382812497 16.719628906249994
-100.02451171874995 16.920507812499977
-100.24301757812496 16.98417968749999
-100.43188476562499 17.0640625
-100.84780273437498 17.200488281250017
-101.00195312500003 17.276123046875057
-101.14785156250001 17.39311523437499
-101.38549804687501 17.514208984375045
-101.48706054687501 17.615332031250063
-101.60029296874998 17.651562499999983
-101.76240234374997 17.841992187499955
-101.8470703125 17.922265624999966
-101.91870117187501 17.959765625000045
-101.99550781249994 17.972705078125017
-102.21660156249996 17.957421875000023
-102.54697265625002 18.04140625
-102.69956054687502 18.062841796875006
-103.01850585937498 18.186865234375063
-103.44160156250003 18.32539062500004
-103.58027343749995 18.484375
-103.69892578124997 18.632958984374994
-103.91245117187495 18.828466796875034
-104.04565429687499 18.911816406249955
-104.27700195312497 19.010986328125
-104.40517578124997 19.091210937499994
-104.60297851562503 19.152880859375045
-104.93847656249999 19.309375
-105.04521484374997 19.44326171875005
-105.10766601562499 19.56220703125001
-105.28637695312499 19.70649414062501
-105.48208007812498 19.97607421874997
-105.53242187500001 20.075390624999955
-105.57041015624993 20.227832031250017
-105.61591796874997 20.316308593749994
-105.66943359374996 20.385595703125006
-105.64213867187499 20.435986328124955
-105.54257812499995 20.497949218749966
-105.37705078124998 20.511865234374966
-105.26015624999997 20.579052734374983
-105.24467773437502 20.634179687500023
-105.25229492187496 20.66850585937499
-105.32705078125001 20.752978515625045
-105.42011718749997 20.775390625
-105.49238281250003 20.77661132812497
-105.51083984374998 20.808740234374966
-105.45634765624997 20.84379882812499
-105.39399414062497 20.926123046874977
-105.30195312499995 21.02656250000001
-105.23706054687497 21.119189453125045
-105.225 21.24970703125001
-105.23325195312499 21.38041992187499
-105.20869140624997 21.490820312500006
-105.43144531249996 21.618261718750034
-105.457421875 21.672460937499977
-105.52744140624998 21.818457031250063
-105.64912109374998 21.988085937500045
-105.64550781249996 22.32690429687497
-105.79179687500002 22.627490234375017
-105.94335937499999 22.777001953125023
-106.02172851562496 22.829052734374955
-106.23457031249998 23.060937499999966
-106.40224609374994 23.195605468750045
-106.56650390625 23.44946289062497
-106.72875976562503 23.610693359375034
-106.93549804687495 23.88125
-107.08486328125001 24.01611328125003
-107.76494140625 24.471923828125
-107.72661132812502 24.471923828125
-107.52724609374998 24.360058593749955
-107.49370117187499 24.36938476562497
-107.488916015625 24.423974609374994
-107.51191406249997 24.489160156249966
-107.54887695312495 24.504785156250023
-107.60200195312503 24.490136718749966
-107.67368164062498 24.503564453124966
-107.70952148437499 24.525048828124994
-107.81669921874997 24.539013671874983
-107.95117187500001 24.614892578124994
-108.00878906250003 24.693554687499955
-108.01508789062498 24.783398437499955
-108.20766601562497 24.974804687499955
-108.28076171875001 25.08154296875003
-108.24331054687502 25.07368164062501
-108.19204101562498 25.030664062499966
-108.14008789062495 25.018408203125034
-108.07963867187499 25.01806640624997
-108.035693359375 25.035351562499955
-108.05146484375003 25.067041015624994
-108.09282226562502 25.09350585937497
-108.37368164062494 25.1943359375
-108.46625976562497 25.26513671875003
-108.69638671874996 25.382910156250063
-108.75097656249999 25.424218750000023
-108.787255859375 25.538037109374955
-108.84360351562502 25.543310546875034
-108.89316406249999 25.511572265624977
-109.02880859375 25.48046875000003
-109.06347656249996 25.516699218750034
-109.06845703125 25.551562500000045
-108.97275390624995 25.588476562500006
-108.88486328124999 25.69604492187497
-108.88657226562498 25.733447265625045
-108.93515625000002 25.690283203124977
-109.00834960937502 25.641992187499994
-109.08408203124999 25.61503906249999
-109.19648437499997 25.59252929687503
-109.25395507812496 25.608789062499966
-109.30429687499999 25.633154296875063
-109.3849609375 25.727148437500006
-109.42563476562502 26.032568359374977
-109.35415039062502 26.13847656249996
-109.27065429687498 26.243115234374983
-109.19970703125 26.305224609375017
-109.15878906250002 26.25834960937496
-109.11669921874997 26.25273437499999
-109.14633789062496 26.305712890625017
-109.21601562499995 26.35527343749999
-109.240625 26.404687500000023
-109.24326171874999 26.449951171875
-109.27626953124997 26.533886718749955
-109.48286132812495 26.710351562500023
-109.67607421874997 26.696826171875045
-109.75478515625002 26.702929687500045
-109.828369140625 26.770117187500034
-109.89091796874996 26.883398437500034
-109.92172851562502 26.978173828124966
-109.92563476562502 27.028662109375034
-109.94399414062502 27.07934570312497
-110.27714843749995 27.162207031249977
-110.37729492187502 27.233300781249994
-110.47778320312497 27.32265625
-110.519384765625 27.395605468750034
-110.56064453124998 27.45014648437504
-110.59267578125002 27.544335937500023
-110.61547851562496 27.653906249999977
-110.57827148437502 27.795654296875
-110.52988281250002 27.86420898437501
-110.75903320312499 27.915185546874994
-110.84863281250003 27.917578125000034
-110.92080078125 27.888867187499983
-110.98608398437497 27.925976562499983
-111.12138671875 27.966992187499983
-111.28242187500003 28.115234375
-111.47167968749996 28.38398437500004
-111.68007812499995 28.470556640625006
-111.74721679687495 28.56396484375003
-111.832421875 28.64814453125001
-111.90703125 28.75249023437496
-111.91860351562497 28.79790039062499
-111.94082031249997 28.823193359374983
-112.04487304687503 28.895898437499966
-112.16176757812504 29.018896484374977
-112.19204101562498 29.11796874999999
-112.22348632812499 29.269482421874955
-112.30141601562497 29.322900390624994
-112.37822265624999 29.34770507812499
-112.39321289062502 29.419726562500017
-112.38867187499999 29.460107421874966
-112.41455078125001 29.53642578124999
-112.57290039062495 29.71953124999999
-112.653125 29.87006835937501
-112.69716796874995 29.916845703125034
-112.73837890624999 29.985449218749977
-112.75922851562498 30.125683593749955
-112.82480468750002 30.300146484375063
-112.95175781249995 30.510009765625
-113.05766601562503 30.651025390625023
-113.11044921874995 30.793310546874977
-113.08701171874996 30.938085937499977
-113.10498046874999 31.027197265625034
-113.11860351562501 31.04809570312503
-113.10795898437497 31.077294921875023
-113.072802734375 31.060888671875034
-113.04291992187495 31.087011718750034
-113.04672851562502 31.17924804687499
-113.083642578125 31.207177734374994
-113.18618164062501 31.23603515625001
-113.2314453125 31.255957031250006
-113.48081054687499 31.293603515625023
-113.62348632812501 31.34589843750001
-113.6330078125 31.467626953125034
-113.69995117187496 31.523339843750023
-113.759423828125 31.557763671875023
-113.94775390625 31.629345703124955
-113.97749023437501 31.592724609374955
-114.002685546875 31.52514648437503
-114.08090820312495 31.510351562500034
-114.14931640625002 31.50737304687496
-114.26406249999995 31.55444335937497
-114.54868164062495 31.73354492187505
-114.60878906250002 31.762255859375017
-114.69760742187499 31.777441406250006
-114.74130859375002 31.806494140624977
-114.93359375000003 31.900732421875006
-114.89506835937499 31.85063476562499
-114.83950195312495 31.798535156249955
-114.78989257812496 31.647119140625023
-114.84814453125003 31.537939453124977
-114.88188476562497 31.156396484374966
-114.84467773437503 31.08046875000005
-114.76103515625005 30.95874023437503
-114.70336914062501 30.765185546875017
-114.68544921875001 30.621191406250006
-114.63330078124996 30.50688476562499
-114.64975585937502 30.238134765625034
-114.62993164062497 30.15629882812496
-114.55048828124995 30.022265625000017
-114.40341796875002 29.89648437499997
-114.37260742187496 29.830224609374966
-114.17919921874999 29.734326171874983
-114.06191406249998 29.60952148437505
-113.82895507812495 29.43945312500003
-113.75546875 29.367480468750017
-113.5453125 29.102246093749983
-113.53847656250002 29.02338867187501
-113.49970703125003 28.92670898437501
-113.38183593749999 28.946679687499994
-113.32890625 28.873046875
-113.33500976562496 28.83906250000001
-113.32070312499997 28.813134765624966
-113.25888671874999 28.81884765624997
-113.20556640624996 28.798779296874983
-113.09365234375 28.51176757812496
-113.03359375 28.472607421874955
-112.95664062499996 28.455859375000017
-112.87084960937499 28.424218749999966
-112.865234375 28.35063476562499
-112.86845703125003 28.29199218750003
-112.79570312500005 28.207128906249977
-112.80805664062498 28.0921875
-112.74931640625 27.99487304687497
-112.75820312499995 27.90063476562497
-112.734033203125 27.825976562500045
-112.55263671875 27.657470703125
-112.32919921874995 27.52343750000003
-112.28261718749997 27.34746093749999
-112.19145507812505 27.186669921874994
-112.09814453125004 27.145947265624955
-112.00395507812503 27.07910156250003
-112.015576171875 27.00971679687501
-112.00908203125002 26.967089843750017
-111.88315429687502 26.840185546875006
-111.86264648437502 26.678515625000045
-111.75400390625 26.572705078124983
-111.72338867187499 26.564404296874955
-111.69941406249998 26.580957031249966
-111.77851562500003 26.68725585937503
-111.81684570312501 26.75625
-111.82177734374996 26.865087890625034
-111.79526367187498 26.87968749999999
-111.56967773437502 26.707617187500006
-111.54589843749997 26.579199218750063
-111.470166015625 26.506640625000017
-111.464501953125 26.408447265625
-111.41850585937496 26.349951171874977
-111.40458984374996 26.265039062499994
-111.33212890624995 26.125439453124983
-111.33037109375003 25.931347656249955
-111.29160156249995 25.789794921875
-111.14956054687497 25.572607421874977
-111.03442382812496 25.526953125
-111.01362304687498 25.420312500000023
-110.89394531250002 25.14423828125001
-110.7556640625 24.994580078124983
-110.686767578125 24.86767578124997
-110.67724609375001 24.78852539062501
-110.72900390625 24.671533203124994
-110.73452148437497 24.58984375000003
-110.65932617187501 24.341455078124966
-110.54697265624995 24.21416015624999
-110.42148437499996 24.183398437500017
-110.39965820312496 24.165136718750034
-110.40961914062503 24.130957031249977
-110.36743164062496 24.100488281249994
-110.31997070312497 24.139453125000045
-110.29682617187497 24.194873046875045
-110.32089843749998 24.259179687499994
-110.32509765624995 24.305957031250017
-110.30375976562496 24.339453125
-110.26289062499998 24.34453124999999
-110.022802734375 24.17460937499999
-109.98251953124996 24.109375
-109.89316406249998 24.033007812500017
-109.811328125 23.939013671875045
-109.77597656249999 23.864892578124966
-109.71054687499998 23.803808593750034
-109.67656249999999 23.66157226562501
-109.50961914062499 23.59790039062503
-109.42084960937503 23.480126953124994
-109.41499023437498 23.40556640624999
-109.45805664062497 23.214746093750023
-109.495703125 23.159814453125023
-109.63046875 23.078662109375017
-109.72841796874998 22.981835937499994
-109.82304687499999 22.922167968750017
-109.9234375 22.885888671874994
-110.00625 22.89404296874997
-110.08603515625 23.005468750000034
-110.180615234375 23.34150390625001
-110.24409179687497 23.412255859375023
-110.28876953125001 23.517675781250006
-110.36269531249997 23.60493164062504
-110.62998046874998 23.7373046875
-110.76489257812503 23.877001953125045
-110.895556640625 23.970263671875017
-111.03618164062496 24.10527343749999
-111.41933593749995 24.329003906250023
-111.57822265624999 24.443017578124966
-111.68291015625 24.555810546875023
-111.75039062499998 24.554150390624955
-111.80249023437503 24.54252929687499
-111.82226562499997 24.573388671874966
-111.82519531250003 24.631787109374983
-111.84824218750002 24.670068359374966
-112.07255859374997 24.840039062499955
-112.11904296875004 24.934033203124983
-112.128515625 25.043115234375023
-112.07797851562502 25.32397460937503
-112.05576171875002 25.48823242187501
-112.06987304687496 25.572851562500034
-112.09335937499995 25.584375
-112.11459960937502 25.63037109375003
-112.11977539062501 25.765527343750023
-112.173828125 25.91259765624997
-112.37724609374996 26.21391601562496
-112.52607421875 26.273486328125017
-112.65839843749995 26.316748046875063
-113.02075195312497 26.583251953125
-113.11923828124996 26.716503906249955
-113.14321289062497 26.79218750000001
-113.15581054687505 26.946240234374955
-113.20576171875 26.85698242187499
-113.27226562499996 26.79096679687504
-113.42587890624999 26.795800781250023
-113.59853515625 26.721289062500034
-113.70126953124996 26.791357421875006
-113.75664062499996 26.87084960937497
-113.84096679687501 26.966503906249983
-113.9359375 26.985253906249994
-113.99648437499998 26.987695312499966
-114.11005859375003 27.10595703125
-114.20185546874998 27.14350585937501
-114.33339843749997 27.158007812500017
-114.44526367187501 27.218164062500023
-114.47968750000001 27.283593750000023
-114.49829101562499 27.37622070312497
-114.53989257812502 27.431103515624983
-114.715625 27.53955078125003
-114.85874023437496 27.65917968749997
-114.99350585937498 27.73603515625001
-115.03320312499997 27.798876953125017
-115.03647460937502 27.84184570312499
-114.82353515624999 27.829931640625034
-114.57001953125003 27.783935546875
-114.44848632812496 27.796875
-114.37270507812498 27.841210937500023
-114.30058593750003 27.87299804687501
-114.28906249999999 27.83857421875004
-114.30224609375001 27.775732421875006
-114.23266601562496 27.718115234375006
-114.13720703124996 27.67143554687499
-114.06933593749999 27.675683593749966
-114.13505859374996 27.72661132812496
-114.175390625 27.83056640625
-114.15732421874998 27.86796874999999
-114.15839843750001 27.91967773437503
-114.25263671875003 27.90800781249996
-114.26586914062497 27.934472656250023
-114.18525390624998 28.01328125
-114.09272460937495 28.221337890625023
-114.04848632812501 28.426171875000023
-114.14550781249996 28.60541992187501
-114.30922851562501 28.729931640624983
-114.664013671875 29.094580078125034
-114.875927734375 29.281884765624994
-114.93730468749997 29.35161132812499
-114.99350585937498 29.384423828125023
-115.16635742187502 29.42724609375003
-115.31118164062504 29.531933593749955
-115.56528320312502 29.680029296875006
-115.67382812500001 29.756396484375017
-115.748681640625 29.935742187499983
-115.80830078124997 29.96020507812497
-115.78955078124997 30.08417968750001
-115.815625 30.303613281249966
-115.858203125 30.359814453124955
-115.99580078124997 30.414453124999966
-116.02856445312499 30.563574218749977
-116.03535156249995 30.705468750000023
-116.062158203125 30.804150390624955
-116.2962890625 30.970507812500017
-116.30961914062496 31.050976562499983
-116.30966796874996 31.12734375
-116.33344726562501 31.202783203124994
-116.45849609375 31.360986328124994
-116.60957031249995 31.49907226562496
-116.66215820312502 31.564892578124955
-116.66845703124997 31.698632812500023
-116.72207031249997 31.734570312499983
-116.70170898437499 31.74365234374997
-116.65209960937501 31.740332031250006
-116.62387695312503 31.758007812499955
-116.62080078125003 31.85107421875
-116.84799804687503 31.99736328124996
-116.913671875 32.19853515624999
-117.03476562499999 32.305029296875034
-117.063134765625 32.34360351562498
-117.12827148437503 32.533349609374994
-116.84208984374999 32.554785156250006
-116.55595703124996 32.57622070312502
-116.26982421875002 32.597607421874955
-115.98369140624999 32.619042968749966
-115.69750976562496 32.64047851562498
-115.41137695312501 32.66186523437497
-115.12519531249998 32.68330078124998
-114.83906249999995 32.70473632812502
-114.72475585937502 32.71533203125003
-114.78798828125002 32.564794921875006
-114.83593750000003 32.50830078125006
-114.36171874999995 32.36030273437501
-113.88745117187497 32.212304687499966
-113.41318359374998 32.064306640625006
-112.93896484375 31.916259765625057

