28.1625 45.513769531250006
28.111914062500006 45.56914062499999
28.074707031250057 45.598974609375034
28.090332031250057 45.61274414062501
28.130859375000057 45.62827148437506
28.159765624999977 45.647119140624994
28.15625 45.71308593750001
28.134960937499983 45.78886718749999
28.115527343750017 45.825537109375006
28.113574218750074 45.883056640625
28.099707031250006 45.972607421874955
28.119140625000057 46.13867187500003
28.199609375000023 46.34755859375005
28.244335937500068 46.451269531250034
28.22265625 46.50805664062497
28.23945312500004 46.64082031250001
28.204687499999977 46.70639648437506
28.15 46.792089843750006
28.07177734375 46.97841796875005
27.97421875 47.043212890625
27.85380859374999 47.11450195312497
27.80234375 47.168310546875006
27.767968750000023 47.22758789062502
27.69619140625005 47.28642578124999
27.614062500000017 47.34052734375001
27.515820312500068 47.47563476562499
27.46484374999997 47.53666992187499
27.44921875 47.553125
27.33691406250003 47.639746093750034
27.277929687500006 47.71796874999998
27.248144531250063 47.78222656250003
27.230859375000023 47.84174804687498
27.15205078125004 47.959277343750045
27.08037109374999 48.04765625000002
27.012207031250057 48.11049804687502
26.980761718750045 48.15502929687503
26.900976562500034 48.21113281250001
26.787304687500068 48.255810546874955
26.713769531249994 48.26347656250002
26.61894531250013 48.25986328125006
26.64042968750016 48.294140625000125
26.847070312500165 48.38715820312507
26.900585937500125 48.37192382812509
27.008496093750097 48.36826171875012
27.228515625000057 48.37143554687506
27.336914062500114 48.43271484375012
27.403808593750085 48.415625
27.45839843750008 48.4430664062501
27.549218750000108 48.47773437500004
27.562207031250097 48.47041015625015
27.573730468750142 48.4648925781251
27.71445312500012 48.44951171874999
27.820019531250125 48.41625976562514
27.890625000000142 48.36523437500006
27.963378906250114 48.33354492187499
28.038476562500136 48.32128906250014
28.080078125000085 48.29580078125011
28.08847656250012 48.25703125000004
28.158789062500063 48.23798828125007
28.291015625000085 48.2385742187501
28.347167968750142 48.213037109375136
28.326953125000102 48.1614257812501
28.340527343750125 48.14443359375011
28.387500000000188 48.16210937500006
28.423046875000153 48.146875000000136
28.44199218750009 48.10869140625002
28.463085937500125 48.09052734375004
28.530468750000097 48.150292968750136
28.60166015625012 48.144384765625006
28.773828125000108 48.1195800781251
28.86582031250012 47.995654296875074
28.92314453125016 47.95112304687507
28.973339843750097 47.93300781250011
29.03691406250016 47.952343750000125
29.092968750000125 47.97543945312512
29.125390625000165 47.964550781250125
29.194824218750085 47.88242187500009
29.21113281250024 47.775
29.21074218750016 47.73154296875009
29.186035156250085 47.658593750000136
29.150878906250114 47.58085937500013
29.122949218750108 47.53037109375015
29.13486328125012 47.489697265625125
29.159765625000063 47.45566406250012
29.200585937500136 47.44448242187505
29.33378906250016 47.375732421875085
29.383398437500148 47.328027343750136
29.45566406250009 47.29262695312502
29.510644531250136 47.29072265625015
29.53916015625009 47.27099609375006
29.549316406250114 47.246826171875114
29.54179687500016 47.18554687500006
29.510937500000182 47.12802734375006
29.515039062500136 47.0911132812501
29.563476562500227 47.047509765625165
29.56865234375016 46.996728515625136
29.571972656250182 46.96401367187505
29.59775390625009 46.93881835937506
29.719726562500114 46.88291015625012
29.877832031250136 46.828906250000045
29.918066406250148 46.7824218750001
29.942480468750148 46.723779296875136
29.934765625000182 46.625
29.924316406250114 46.5388671875001
30.131054687500125 46.42309570312514
30.107519531250034 46.40156250000004
30.075683593750114 46.377832031250165
29.878027343750205 46.36020507812512
29.837890625000114 46.350537109375125
29.751953125000057 46.43779296875013
29.706835937500102 46.44873046875006
29.664550781250114 46.416748046875114
29.614941406250125 46.39882812500011
29.555078125000136 46.407763671875045
29.491015625000102 46.434667968750034
29.45878906250016 46.45375976562511
29.432812500000068 46.45595703125011
29.392871093750102 46.436914062500136
29.339550781250068 46.445068359375114
29.304882812500125 46.46660156250013
29.254589843750182 46.39262695312499
29.223828125000125 46.376953125000085
29.204589843750114 46.379345703125125
29.200781250000034 46.50498046875015
29.186230468750125 46.5239746093751
29.14628906250016 46.52690429687499
29.049902343750063 46.497021484375125
28.958398437500136 46.458496093750085
28.927441406250153 46.42412109375002
28.930566406250165 46.3622558593751
28.943750000000108 46.28842773437506
29.006250000000136 46.1764648437501
28.971875000000153 46.1276367187501
28.947753906250114 46.049951171875165
28.849511718750165 45.97866210937511
28.738769531250085 45.93715820312511
28.729296875000188 45.85200195312515
28.667578125000148 45.793847656250136
28.562304687500102 45.7357910156251
28.491601562500165 45.66577148437506
28.509472656250097 45.61782226562505
28.513769531250063 45.57241210937505
28.501757812500102 45.541552734375074
28.499023437500085 45.51772460937508
28.471386718750153 45.50717773437506
28.310351562500102 45.4985839843751
28.264843750000153 45.483886718750114
28.2125 45.45043945312506

