116.58974609375002 49.68481445312503
116.40214843750005 49.40620117187501
116.24335937500007 49.17036132812504
116.15966796875006 49.037451171875034
116.09824218750009 48.936132812500006
116.034375 48.840039062499955
116.02548828125009 48.78227539062502
115.95380859375001 48.689355468749994
115.82050781250007 48.57724609374998
115.79169921875007 48.455712890624994
115.79658203125018 48.34633789062502
115.78554687500014 48.24824218750001
115.63945312500005 48.18623046874998
115.52509765625007 48.130859375
115.55761718750006 47.94501953124998
115.61640625000007 47.87480468749996
115.71171874999999 47.79892578125006
115.81171875000007 47.73823242187504
115.89824218749999 47.686914062499966
115.99384765625001 47.711328124999966
116.07480468750009 47.78955078125
116.23115234375007 47.85820312499996
116.31718749999999 47.85986328125003
116.37822265624999 47.84404296875002
116.51347656249999 47.83955078124998
116.65195312500009 47.864501953125
116.76054687499999 47.869775390624994
116.90117187500005 47.85307617187499
116.95166015625011 47.836572265624994
117.06972656250002 47.80639648437497
117.19707031249999 47.74028320312502
117.28593749999999 47.666357421875034
117.35078125000018 47.652197265625006
117.38398437500007 47.67573242187501
117.45507812500011 47.74135742187505
117.55537109375007 47.80468749999997
117.67666015625014 47.908300781250034
117.76835937500016 47.987890625
117.84042968750009 47.999853515625034
117.97919921875001 47.99960937499998
118.04189453125002 48.01894531250002
118.14707031250009 48.02890625
118.23964843750014 47.99951171874997
118.49843750000002 47.983984375
118.56777343750014 47.943261718749966
118.69052734375009 47.822265625
118.75996093750007 47.75761718749999
118.88027343750002 47.72509765625003
118.95312500000011 47.702929687500045
119.01757812500011 47.68535156250002
119.08193359375014 47.654150390625034
119.09726562500009 47.61625976562496
119.12294921875008 47.558496093749994
119.16240234374999 47.52519531249996
119.23525390625014 47.49257812499999
119.29082031250005 47.47265625000003
119.30859375000006 47.43071289062499
119.32597656250005 47.41015624999997
119.37666015625007 47.38085937499997
119.52695312500015 47.25590820312499
119.60019531250015 47.22246093750002
119.71113281250018 47.15
119.75722656250014 47.090039062499955
119.75986328125003 47.027001953124994
119.78847656250014 46.978808593750045
119.86269531250014 46.90659179687498
119.89785156250002 46.8578125
119.88417968750008 46.79145507812498
119.89589843750008 46.73286132812501
119.8671875 46.67216796875002
119.74746093750002 46.627197265625
119.70664062500003 46.60600585937502
119.62021484375009 46.603955078124955
119.47402343750008 46.62666015624998
119.33183593750005 46.61381835937502
119.16210937500006 46.63867187500003
119.02851562500007 46.69218749999999
118.95712890625009 46.73486328125
118.84394531250007 46.76020507812501
118.79033203125005 46.7470703125
118.72294921874999 46.69189453125003
118.64873046874999 46.70166015624997
118.58046875000014 46.69189453125003
118.40439453125003 46.70317382812502
118.30869140625009 46.717041015625
118.15683593750003 46.67856445312498
118.07128906250006 46.666601562500034
117.91044921875016 46.61933593749998
117.81347656250011 46.53769531250006
117.74121093750011 46.51816406249998
117.67109375000007 46.52207031249998
117.62050781250014 46.55200195312503
117.546875 46.588281249999966
117.4380859375002 46.58623046874999
117.40556640625005 46.57089843749998
117.39218750000009 46.53759765625003
117.35634765625014 46.436669921874994
117.35693359375 46.39130859374998
117.33339843750008 46.362011718749955
117.26904296875011 46.35224609375001
117.15595703125007 46.35507812499998
116.97880859375016 46.36176757812501
116.85908203125007 46.387939453125
116.78701171875014 46.37666015625001
116.68886718750014 46.32197265624998
116.61933593750007 46.313085937500034
116.56259765625009 46.289794921875
116.51669921875003 46.20908203124998
116.44482421875006 46.158789062500034
116.35761718750007 46.096582031249994
116.26455078125002 45.96303710937505
116.21298828125009 45.88691406249998
116.22910156250009 45.845751953125045
116.24062500000014 45.795996093750034
116.19765625000008 45.739355468750034
116.10986328125011 45.68671874999998
116.03955078125011 45.67695312500001
115.93417968750015 45.62617187499998
115.78916015625009 45.53481445312502
115.68105468750008 45.45825195312497
115.53945312500008 45.43950195312496
115.43945312500006 45.41997070312499
115.21748046875007 45.39619140625001
115.16259765625006 45.39023437500006
114.91923828125005 45.378271484375006
114.73876953125006 45.41962890625001
114.64433593750005 45.413281249999955
114.56015625000009 45.389990234375006
114.51718750000009 45.36459960937498
114.5022460937501 45.316308593749994
114.48730468750006 45.27172851562497
114.41914062500001 45.20258789062501
114.28105468750016 45.11088867187499
114.16738281250008 45.04985351562499
114.08027343750007 44.97114257812504
114.03027343750011 44.94257812499998
113.93085937500001 44.91230468750004
113.87705078125009 44.89619140625004
113.75214843750001 44.82592773437503
113.65263671874999 44.76347656249999
113.58701171875003 44.745703125
113.5079101562502 44.76235351562502
113.45566406250009 44.767431640625006
113.30097656250007 44.791650390624966
113.1960937500001 44.794824218749994
113.04941406250003 44.81035156249996
112.70673828125001 44.88344726562502
112.59677734375009 44.91767578124998
112.49931640625005 45.010937499999955
112.41132812500018 45.058203125
112.29208984375009 45.06303710937502
112.11289062500009 45.06293945312498
112.03261718750002 45.08164062499998
111.89804687500003 45.064062500000034
111.75107421875015 44.96953125
111.68144531250005 44.89916992187503
111.62128906250007 44.8271484375
111.54746093750009 44.67290039062502
111.51474609375009 44.56982421874997
111.48945312500001 44.511572265625006
111.41093749999999 44.41918945312503
111.40224609375014 44.367285156250006
111.42958984375008 44.322363281250006
111.48623046875008 44.271630859374994
111.51972656250007 44.19189453125
111.60263671875009 44.107128906249955
111.68378906250007 44.041113281250006
111.83691406250011 43.93466796874998
111.88027343750008 43.87890625
111.93173828125009 43.81494140625003
111.94287109375011 43.75244140625
111.9332031250002 43.71142578124997
111.87812500000018 43.68017578125
111.77109375000009 43.664599609375045
111.71972656250006 43.62114257812499
111.64082031250007 43.56318359374998
111.54736328125011 43.49628906250004
111.50351562500003 43.492773437500034
111.45107421875014 43.47490234375002
111.18681640624999 43.39199218750002
111.0865234375002 43.36875
111.00722656250002 43.34140625
110.91328125000007 43.25688476562502
110.83955078125007 43.19409179687503
110.74853515625 43.11079101562501
110.70859375000009 43.07387695312505
110.62753906250009 42.99052734375002
110.52089843750014 42.89526367187497
110.4617187500001 42.84414062500005
110.42958984375002 42.813574218750034
110.40039062500011 42.773681640625
110.28886718750005 42.74272460937499
110.19687500000015 42.71000976562499
110.05800781250008 42.660595703124955
109.85878906250008 42.60625
109.69804687500005 42.553808593750034
109.59550781249999 42.51054687500002
109.44316406250016 42.455957031249994
109.33984375000006 42.438378906249966
109.13164062499999 42.440576171874994
108.87451171875011 42.426464843749955
108.68730468750005 42.41611328124998
108.54648437500009 42.429296875
108.33398437500011 42.436767578125
108.17119140624999 42.44731445312502
108.06230468750005 42.42719726562501
107.80595703125005 42.405859375
107.74873046875007 42.400976562500006
107.29238281250002 42.34926757812502
107.09072265625014 42.32153320312497
106.90605468749999 42.30888671874999
106.77001953125011 42.28872070312505
106.69316406250005 42.263574218749994
106.57910156250011 42.22734375
106.51875 42.21157226562505
106.31718750000005 42.14057617187498
105.86757812500002 41.993994140625034
105.56640625000011 41.87509765624998
105.51708984375011 41.854736328125
105.31435546875002 41.770898437499966
105.19707031249999 41.73803710937503
105.11542968750018 41.66328124999998
105.05058593749999 41.61591796875001
104.98203125000009 41.595507812500045
104.86035156250006 41.64375
104.77363281250018 41.64116210937502
104.49824218750013 41.65869140625003
104.49824218750013 41.87700195312502
104.30517578125011 41.84614257812504
103.99726562500007 41.796972656250034
103.71113281250007 41.75131835937498
103.44970703125011 41.855859374999966
103.24785156249999 41.93657226562499
103.07285156250003 42.00595703124998
102.80683593750001 42.05200195312506
102.57519531250011 42.092089843750045
102.15664062500002 42.158105468749994
101.97294921875005 42.215869140625045
101.87988281250011 42.29233398437498
101.71386718750006 42.46582031249997
101.65996093750005 42.50004882812502
101.57910156250011 42.523535156250006
101.49531250000013 42.53876953125001
101.31376953125005 42.53789062499999
101.09199218750007 42.55131835937499
100.77255859375009 42.58779296875005
100.51904296875 42.616796875
100.08632812500014 42.67075195312498
99.98378906250002 42.67734374999998
99.75742187500009 42.62944335937499
99.46787109375003 42.56821289062506
98.946875 42.61621093749997
98.71630859375006 42.63872070312502
98.24824218750007 42.68452148437504
97.71894531250007 42.73627929687501
97.20566406250003 42.78979492187497
96.8330078125 42.76025390625
96.62529296875005 42.743847656249955
96.38544921875001 42.720361328124966
96.35234375000005 42.74677734375001
96.34248046875007 42.84931640625004
96.29951171875001 42.92871093750003
96.16845703125006 43.014501953125034
96.08027343750001 43.096142578124955
95.91250000000014 43.206494140624955
95.85957031250007 43.275976562500006
95.84199218750007 43.383691406249994
95.68730468749999 43.66406250000003
95.59121093750014 43.853613281250006
95.56718750000005 43.892236328124966
95.52558593750007 43.953955078125006
95.47128906250003 43.986181640625006
95.35644531250011 44.005957031250034
95.32558593750002 44.03935546874999
95.32558593750002 44.10488281250002
95.34365234375008 44.195410156250006
95.36679687500009 44.26152343749996
95.35029296875007 44.27807617187506
95.04980468750006 44.259423828124994
94.86601562499999 44.303320312500034
94.71201171875009 44.35083007812503
94.49433593750007 44.47250976562506
94.36474609375011 44.51948242187504
94.19931640625009 44.645166015624966
93.95791015625002 44.674951171874994
93.86816406250011 44.72421875
93.75527343750014 44.831933593749994
93.65644531250007 44.900976562500034
93.51621093750009 44.94448242187502
93.29433593750002 44.983154296875
92.91601562500011 45.020166015624966
92.78789062500005 45.035742187500034
92.57890624999999 45.01098632812497
92.42382812500011 45.008935546874994
92.17265624999999 45.035253906250034
92.02978515625006 45.068505859374966
91.85283203125016 45.06933593750006
91.73779296875006 45.06894531250006
91.584375 45.076513671875006
91.51005859375005 45.09824218749998
91.44101562500009 45.12475585937497
91.31210937500009 45.118115234374955
91.2217773437502 45.14453125
91.13769531250011 45.193945312500034
91.05 45.21743164062502
90.95361328125 45.21591796874998
90.91396484375008 45.193945312500034
90.87724609375005 45.19609375000002
90.85322265625007 45.262890624999955
90.76318359375011 45.37065429687496
90.7496093750002 45.41894531250003
90.69443359375003 45.47465820312502
90.66181640625007 45.525244140625034
90.67070312499999 45.59516601562498
90.70966796875001 45.73081054687498
90.79589843750011 45.85351562500003
90.85244140625008 45.88540039062502
90.88710937500014 45.92163085937506
90.95976562499999 45.98505859375001
91.00175781250005 46.03579101562502
90.99677734375007 46.10498046875
90.94755859374999 46.17729492187499
90.91152343750014 46.270654296874994
90.9182617187501 46.32426757812502
90.97148437499999 46.38798828125002
91.03388671875007 46.52900390624998
91.02890625000003 46.566064453124966
91.00429687500002 46.59575195312499
90.99785156250005 46.661083984374955
90.98574218750014 46.74902343750003
90.91054687500002 46.88325195312501
90.86992187499999 46.954492187499966
90.79902343750001 46.98515624999999
90.71552734375018 47.00385742187498
90.64335937500005 47.10029296875001
90.55292968750018 47.214013671874994
90.49619140625009 47.28515625
90.47646484375014 47.32880859375001
90.46748046875018 47.40815429687501
90.42519531250008 47.50410156250004
90.38066406250005 47.55664062499997
90.34746093750016 47.59697265625002
90.3306640625002 47.655175781249994
90.31328124999999 47.67617187499999
90.19101562500009 47.702099609374955
90.10322265625001 47.74541015624999
90.06660156250001 47.803564453125006
90.05390625000001 47.850488281249994
90.02792968750003 47.87768554687503
89.95869140625018 47.886328125
89.91044921874999 47.84433593749998
89.83134765625005 47.823291015625045
89.778125 47.827001953125006
89.72558593750011 47.852490234374955
89.69316406250005 47.87915039062506
89.63847656250005 47.90908203125002
89.56093750000014 48.00395507812499
89.47919921875007 48.02905273437503
89.32988281250016 48.02485351562498
89.19628906250011 47.98090820312501
89.115625 47.987695312499966
89.04765624999999 48.00253906250006
88.97109375000014 48.04995117187502
88.91777343750005 48.089013671874994
88.83828125000008 48.101708984374994
88.68183593750007 48.170556640624994
88.57597656250005 48.22016601562498
88.56679687500002 48.31743164062499
88.51708984375011 48.38447265624998
88.41396484375014 48.403417968750006
88.30996093750002 48.472070312499966
88.158203125 48.50908203124996
88.06259765625003 48.53784179687503
87.97968750000007 48.55512695312501
87.96738281250009 48.58105468750006
87.97226562500003 48.60332031249996
88.01064453125014 48.64042968749999
88.05019531250002 48.67504882812503
88.06005859375 48.707177734374994
88.0279296875002 48.735595703125
87.94218750000005 48.76528320312502
87.83183593750005 48.791650390624966
87.80917968750015 48.83574218749999
87.7431640625 48.88164062500002
87.75468750000005 48.91855468749998
87.80683593750007 48.945507812499955
87.85986328125006 48.965527343749955
87.87216796875009 49.000146484374994
87.83466796875018 49.03193359374998
87.81630859375008 49.08027343749998
87.82519531250011 49.116308593750034
87.81425781249999 49.16230468749998
87.81826171875002 49.16210937500003
87.93476562500001 49.16455078125
87.98808593750005 49.18691406250002
88.02851562500007 49.21977539062496
88.11572265625006 49.256298828124955
88.13427734375011 49.2984375
88.13554687499999 49.381494140624966
88.19257812500018 49.45170898437496
88.33779296875008 49.47255859375005
88.39335937500005 49.48286132812501
88.4524414062501 49.47270507812499
88.54433593750014 49.48256835937505
88.63320312500014 49.48613281249996
88.6827148437502 49.46455078125001
88.74785156250005 49.44624023437501
88.83164062500003 49.44843750000001
88.86035156250006 49.481542968750006
88.86386718750003 49.52763671874999
88.9001953125001 49.53969726562505
88.94541015625003 49.507666015625006
88.97060546875014 49.483740234375006
89.0083984375002 49.472802734374994
89.10947265625009 49.501367187499966
89.17998046875005 49.53222656250003
89.20292968750005 49.595703125
89.24394531250005 49.62705078124998
89.29921875000002 49.61113281250002
89.39560546875009 49.61152343750001
89.47500000000014 49.660546874999966
89.57919921875015 49.69970703125006
89.65410156249999 49.71748046875001
89.66953125000003 49.75048828125
89.63427734375006 49.82329101562499
89.64384765625005 49.90302734374998
89.74423828125009 49.948095703125034
89.87802734375009 49.953515624999966
89.97734375000016 49.98432617187504
90.0049804687502 50.06928710937501
90.0537109375 50.09375
90.10371093750007 50.10332031250002
90.22451171875014 50.11669921875
90.31132812500005 50.15117187500002
90.36484375000003 50.16689453125002
90.51689453125005 50.213330078124955
90.65507812499999 50.22236328125004
90.71435546875011 50.25942382812502
90.76074218750006 50.30595703125002
90.83808593750007 50.32373046875
90.91718750000001 50.364160156249966
91.02158203125009 50.41547851562504
91.06279296875005 50.42260742187497
91.23378906250014 50.452392578125
91.30058593750005 50.46337890625003
91.34082031250011 50.47006835937506
91.41503906250011 50.468017578125
91.44648437500007 50.52216796875001
91.52167968750007 50.56201171875003
91.596875 50.575537109375034
91.63417968750008 50.61513671875002
91.70634765625016 50.66552734375
91.80429687500009 50.69360351562503
91.95654296875006 50.697607421875034
92.10400390625006 50.69199218750006
92.19238281250011 50.70058593750002
92.26533203125007 50.775195312500045
92.27900390625007 50.81220703125004
92.29580078125014 50.849804687499955
92.3547851562501 50.86416015625005
92.4263671875002 50.803076171875034
92.48642578125009 50.76508789062501
92.57890624999999 50.725439453125034
92.62666015625007 50.68828125000002
92.68134765625007 50.683203125000034
92.73867187500014 50.7109375
92.77929687500006 50.778662109375034
92.85644531250006 50.789111328125045
92.94130859375014 50.77822265625002
92.96357421875001 50.74492187499999
92.97070312500006 50.7125
93.00986328125003 50.65454101562497
93.10312500000015 50.60390625000005
93.22255859375014 50.60654296875006
93.27050781250011 50.615576171875034
93.38681640625009 50.608496093750006
93.50107421875009 50.59746093749999
93.62558593750009 50.585546875000034
93.66201171875014 50.58369140625001
93.79541015625011 50.57763671875003
93.98984375000009 50.56884765625
94.07578125000003 50.572851562500034
94.25107421875003 50.55639648437506
94.28701171875008 50.51137695312502
94.31933593750011 50.404882812500006
94.346875 50.30341796875001
94.35468750000001 50.22182617187502
94.40019531250016 50.17963867187504
94.45849609375011 50.165722656249955
94.496875 50.1328125
94.56464843750018 50.08793945312499
94.61474609375006 50.02373046874999
94.67548828125007 50.02807617187497
94.71806640625005 50.04326171874996
94.81123046875001 50.04819335937498
94.93027343750003 50.04375
95.01289062500007 50.00825195312501
95.04433593750002 49.96157226562502
95.11142578125009 49.93544921875002
95.16621093750007 49.94384765625006
95.32949218750002 49.94414062500002
95.38564453125008 49.941210937500045
95.44179687500008 49.91552734375006
95.52265625000001 49.91123046874998
95.56718750000005 49.94384765625006
95.70781249999999 49.96601562500004
95.78935546874999 50.0125
95.85195312500014 50.012939453125
95.89941406250006 49.99057617187498
95.93574218750018 49.96000976562496
95.98955078124999 49.97358398437498
96.01855468750006 49.99877929687506
96.06552734375003 49.99873046875004
96.11171875000014 49.98247070312502
96.22968750000007 49.9541015625
96.31503906250009 49.90112304687506
96.38115234375005 49.89604492187499
96.46640625000009 49.91152343750002
96.50576171875014 49.91870117187497
96.54326171875005 49.89252929687498
96.59843750000005 49.87841796875003
96.64023437500003 49.897851562499994
96.71171875000005 49.911572265624955
96.98574218750002 49.88281250000006
97.04912109375016 49.82988281250002
97.09765625 49.805029296875006
97.13691406250007 49.76171874999997
97.20859375000015 49.73081054687498
97.35976562500002 49.74145507812503
97.41835937500014 49.77304687499998
97.54082031250005 49.843115234375034
97.58935546875 49.911474609375034
97.6509765625002 49.93359375
97.72070312500011 49.94462890625002
97.78554687500008 49.94453125000001
97.85390625000014 49.94677734375003
97.93662109375009 49.99677734374998
98.00390625000006 50.014257812500006
98.10341796875008 50.07783203124998
98.12197265625014 50.106591796874994
98.17011718750007 50.18056640625005
98.2 50.227685546874966
98.25029296875005 50.30244140625001
98.27734375 50.422998046874966
98.29267578125007 50.48696289062502
98.27949218750018 50.533251953125045
98.22050781250005 50.557177734375045
98.14501953125011 50.568554687499955
98.07890625000005 50.60380859375002
98.02978515625011 50.644628906250006
98.00117187500001 50.702050781249966
97.96191406250011 50.76914062500006
97.96416015625005 50.81767578124999
97.95312500000011 50.85517578124998
97.91982421875008 50.88715820312501
97.85615234375007 50.94335937500003
97.82529296875009 50.98525390625002
97.83574218749999 51.051660156249966
97.91083984375001 51.165185546874994
97.91787109375014 51.21787109374998
97.9273437500002 51.25073242187503
97.92324218750014 51.28046875000004
97.946875 51.34843750000002
97.98916015625008 51.377050781250006
98.03759765625 51.44995117187503
98.103125 51.48354492187502
98.18466796875009 51.48574218750002
98.21992187500013 51.505615234375
98.2375 51.57841796874999
98.27685546875006 51.63457031249996
98.303125 51.67426757812498
98.35273437500018 51.717626953125006
98.64052734375008 51.80117187499999
98.76015625000014 51.90507812500002
98.80253906250016 51.95747070312504
98.84863281250011 52.07006835937506
98.89316406250015 52.11728515624998
98.95810546875009 52.10170898437502
99.0342773437502 52.035400390625
99.0914062500002 52.03486328124998
99.17617187500014 51.998876953125034
99.40703124999999 51.923535156249955
99.53232421875003 51.89990234375003
99.61289062500009 51.89252929687504
99.71923828125011 51.871630859375045
99.78789062500005 51.82753906250002
99.92167968750016 51.755517578124994
100.03457031250014 51.73710937499999
100.23037109375014 51.729833984375006
100.46894531250018 51.72607421875006
100.53623046875009 51.71347656250006
100.71074218750016 51.661572265624955
100.9036132812501 51.604248046875
101.08535156250008 51.55302734374996
101.2232421875002 51.513281250000034
101.30449218750005 51.474755859374994
101.38125000000014 51.45263671875003
101.46435546875011 51.47148437499996
101.57089843750003 51.467187499999966
101.82119140625014 51.421044921874994
101.97919921875007 51.382226562499994
102.11152343750007 51.35346679687498
102.15566406250008 51.31376953124999
102.16005859375008 51.260839843750034
102.14238281250005 51.21606445312497
102.15195312500009 51.10751953124998
102.19453125000007 51.05068359375002
102.21025390624999 50.97431640625001
102.22617187500003 50.901464843750006
102.21503906250007 50.82944335937498
102.23505859375007 50.79121093750001
102.27656250000013 50.76870117187505
102.31660156250007 50.71845703125004
102.30332031250003 50.66552734375
102.28574218750009 50.63466796875002
102.28837890625005 50.58510742187505
102.33642578125006 50.54423828124996
102.40683593750009 50.53618164062502
102.46943359375007 50.52568359375002
102.54628906250008 50.46132812500005
102.68330078125007 50.38715820312504
102.76542968750005 50.366552734375006
102.85966796875016 50.33325195312497
103.03945312500008 50.30063476562498
103.16171875000003 50.29072265625001
103.23378906250008 50.264257812500034
103.30439453125007 50.20029296874998
103.42119140625016 50.187060546875045
103.49628906250018 50.164941406249966
103.63291015625009 50.13857421875002
103.72324218750003 50.15385742187502
103.80263671875014 50.17607421875002
103.85615234375001 50.171826171874955
103.95849609375011 50.15727539062502
104.07871093750009 50.15424804687501
104.17968750000006 50.16943359375
104.25996093750007 50.214453125
104.35390625000002 50.275292968749966
104.46630859375 50.30615234375006
104.59638671875001 50.31718749999999
104.68535156250005 50.341845703125045
104.97695312500002 50.38291015625006
105.09472656250011 50.38994140624999
105.18593750000014 50.429589843749966
105.26669921875009 50.46049804687496
105.3835937500001 50.473730468750006
105.54160156250009 50.441259765625034
105.69257812500007 50.414160156250034
105.87519531250007 50.405371093750006
105.99648437500008 50.36791992187503
106.08251953125011 50.33256835937502
106.21787109375003 50.304589843749994
106.36845703124999 50.31757812499998
106.57441406250001 50.328808593749955
106.71113281250007 50.312597656250034
106.85371093750007 50.24829101562497
106.94130859375008 50.19667968750005
107.04023437500018 50.08647460937496
107.14306640625006 50.03300781249999
107.23330078125008 49.989404296874994
107.34707031250014 49.98666992187498
107.63095703125009 49.983105468749955
107.78681640625001 49.96000976562496
107.9166015625002 49.94780273437496
107.94785156250003 49.924707031249966
107.9348632812501 49.849023437499994
107.9387695312501 49.74072265625006
107.93671875000013 49.69101562500006
107.9654296875002 49.653515624999955
108.00957031250005 49.646875
108.03378906250009 49.593994140625
108.09804687500002 49.56264648437502
108.21308593750007 49.52480468750002
108.40693359375007 49.396386718749966
108.52246093750006 49.34150390624998
108.61367187500008 49.32280273437499
108.73300781250003 49.335644531249955
108.91992187500011 49.335351562499966
109.23671875000002 49.33491210937498
109.45371093750009 49.29633789062501
109.52871093750008 49.26987304687506
109.75039062500014 49.239306640625045
109.99453125000014 49.20561523437502
110.19990234375001 49.17041015625003
110.3213867187502 49.21586914062496
110.42783203125009 49.219970703125
110.52958984375016 49.18706054687496
110.63105468750001 49.13759765625002
110.7097656250001 49.14296875000005
110.8279296875001 49.166162109374966
111.20419921875009 49.304296875000034
111.33662109375007 49.35585937499999
111.42929687500009 49.342626953125034
111.51191406250018 49.360937500000034
111.5748046875002 49.37641601562498
111.73554687500018 49.39775390624999
111.83339843750002 49.40361328125002
111.93447265625002 49.41601562499997
112.0796875000002 49.424218749999966
112.37519531250007 49.51459960937498
112.49492187500016 49.53232421875006
112.69736328125009 49.50727539062501
112.80644531249999 49.52358398437505
112.91484375000005 49.56923828125002
113.05556640625014 49.61625976562502
113.09208984375005 49.692529296874994
113.16416015625003 49.79716796875002
113.31904296875007 49.87431640624999
113.44550781250007 49.94160156250004
113.57421875000011 50.007031249999955
113.73242187500011 50.06152343750003
113.88115234375005 50.10112304687502
114.07070312500002 50.204736328124994
114.22177734375003 50.257275390624955
114.29707031250001 50.27441406249997
114.3863281250002 50.255468750000034
114.55400390625016 50.241455078125
114.67490234375009 50.24570312499998
114.74316406250006 50.23369140625002
114.87958984375001 50.18305664062501
115.00332031250014 50.13857421875002
115.09804687500014 50.05942382812506
115.27451171875009 49.948876953124994
115.36503906249999 49.911767578124994
115.42919921875011 49.896484375
115.58798828125009 49.88603515624999
115.71777343750011 49.88061523437503
115.79521484375005 49.90590820312505
115.92597656250007 49.95214843750006
116.13457031249999 50.01079101562502
116.21679687500006 50.00927734375006
116.35117187500009 49.97807617187499
116.55117187500008 49.92031250000005
116.63154296875007 49.877050781250034
116.68330078125007 49.82377929687502

