19.19160156250001 43.52104492187502
19.19648437500001 43.48500976562505
19.21875 43.449951171875
19.29824218750005 43.41396484375005
19.414648437500063 43.34282226562502
19.551562500000045 43.21225585937498
19.614453124999983 43.17343749999998
19.670996093750063 43.163964843749994
19.781152343750023 43.109765624999966
19.858007812500063 43.096533203125034
19.944042968749983 43.081640625000034
20.167871093750023 42.96850585937497
20.268457031249994 42.935449218749994
20.339941406250006 42.89287109375002
20.347656250000057 42.85278320312503
20.344335937500006 42.82792968750002
20.215136718750074 42.79882812500006
20.19257812500001 42.75463867187503
20.129980468750034 42.759765625
20.054296875000063 42.76005859374996
20.029492187499983 42.732031250000034
20.06572265624999 42.685839843750045
20.08925781250008 42.63154296874998
20.070312500000057 42.55708007812501
20.06396484375 42.54726562500005
20.045703125000017 42.54990234375006
19.939062500000034 42.506689453125034
19.85976562500005 42.48632812499997
19.788281250000068 42.476171875000034
19.754492187500006 42.496923828125006
19.73779296874997 42.52514648437497
19.740722656250057 42.60693359375003
19.72783203124999 42.63452148437497
19.70341796874999 42.64794921875003
19.654492187500068 42.628564453124994
19.597460937500074 42.56542968750003
19.544531250000034 42.49194335937497
19.465136718750045 42.415380859375006
19.39960937500001 42.341894531250034
19.358367920621788 42.28779007830704
19.293261718750017 42.264550781249994
19.17548828125001 42.27724609375002
19.09882812500001 42.277587890625
19.216406249999977 42.15849609374999
19.341066309662125 42.109192800817254
19.361425781250034 42.06909179687497
19.352148437500034 42.024023437500034
19.361132812500074 41.99775390625001
19.34550781249999 41.918847656249994
19.342382812499977 41.86909179687498
19.186425781250023 41.94863281250002
19.122265624999983 42.06049804687501
18.894238281249983 42.249462890624955
18.632910156250034 42.37807617187505
18.61904296875005 42.39838867187501
18.633398437500063 42.42314453124999
18.645898437500023 42.44272460937498
18.591601562500074 42.444189453125006
18.553515625000045 42.42851562500002
18.51748046875005 42.43291015625002
18.476660156250006 42.481103515624966
18.438085937500063 42.52294921874997
18.436328125000045 42.559716796874994
18.453906250000074 42.56450195312502
18.480078125 42.57919921874998
18.534960937500074 42.62011718749997
18.5458984375 42.6416015625
18.543261718750074 42.67416992187506
18.466015625000068 42.777246093749994
18.455078125000057 42.844091796875034
18.44384765624997 42.968457031249955
18.46015625000001 42.997900390625006
18.48847656250001 43.01215820312498
18.623632812500006 43.027685546875034
18.621875 43.12460937499998
18.629980468750063 43.153662109375034
18.656835937500034 43.19394531249998
18.674218750000023 43.230810546875034
18.74921875000001 43.283544921875034
18.85107421875 43.34633789062502
18.895605468750006 43.34819335937496
18.934667968750063 43.33945312500006
18.978710937500068 43.28540039062497
19.026660156250045 43.29243164062498
19.036718750000063 43.357324218749966
18.97382812500004 43.44238281249997
18.940234375000045 43.49672851562502
18.95068359375003 43.52666015624999
18.974218750000034 43.542333984375006
19.02832031250003 43.532519531250045
19.08007812500003 43.51772460937505
19.11279296875003 43.52773437500005
19.164355468750045 43.53544921875002
19.19433593750003 43.533300781250034

