-2.19077148437492 35.02978515625003
-2.131787109374983 34.970849609374994
-1.9208984375 34.83554687500006
-1.795605468749983 34.75190429687498
-1.792187499999983 34.72319335937499
-1.832421875000023 34.65463867187498
-1.84965820312496 34.60732421875002
-1.816601562499983 34.55708007812498
-1.739453124999983 34.49609375
-1.733300781249966 34.46704101562503
-1.751855468749937 34.433251953124994
-1.791796874999989 34.367919921875
-1.706933593749937 34.17607421874999
-1.69267578124996 33.99028320312499
-1.71469726562492 33.85820312499999
-1.714111328124972 33.78183593749998
-1.70297851562492 33.71684570312496
-1.63125 33.566748046875034
-1.679199218749972 33.31865234375002
-1.625097656249949 33.183349609375
-1.550732421875011 33.073583984375006
-1.510009765624972 32.87763671874998
-1.45 32.784814453124994
-1.352148437499949 32.703369140625
-1.296386718749972 32.67568359375005
-1.188232421874943 32.608496093750034
-1.111035156249955 32.552294921875045
-1.06552734374992 32.46831054687499
-1.162597656249972 32.39916992187503
-1.24033203124992 32.33759765625001
-1.26210937499999 32.27114257812505
-1.225927734375006 32.16455078125
-1.225927734375006 32.10722656249996
-1.275341796874926 32.089013671874994
-1.47705078125 32.09487304687502
-1.635156249999966 32.09956054687501
-1.816992187499977 32.10478515624999
-2.07280273437496 32.115039062500045
-2.23125 32.121337890625
-2.448388671874994 32.12998046874998
-2.52324218749996 32.12568359374998
-2.722607421875011 32.09575195312502
-2.863427734374994 32.07470703125
-2.887207031249972 32.06884765625006
-2.930859374999983 32.04252929687502
-2.961132812499926 31.963964843750006
-2.988232421874926 31.87421875000001
-3.017382812499932 31.834277343750045
-3.43979492187492 31.704541015624983
-3.60458984374992 31.686767578125
-3.70024414062496 31.700097656249966
-3.76816406249992 31.689550781250034
-3.826757812499977 31.661914062500017
-3.846679687499943 31.61987304687497
-3.849560546874983 31.56640625
-3.837109374999955 31.512353515624994
-3.796435546875017 31.437109375000034
-3.789160156249949 31.36181640624997
-3.815136718750011 31.30883789062503
-3.821386718749949 31.255468749999977
-3.833398437499994 31.19780273437496
-3.811816406249932 31.166601562500006
-3.770996093749972 31.16181640625001
-3.730175781249926 31.13540039062505
-3.672509765624994 31.111376953125017
-3.624511718749972 31.065771484374977
-3.626904296874926 31.00092773437501
-3.666796874999989 30.964013671875023
-3.702001953124949 30.94448242187505
-3.860058593750011 30.92724609375
-3.985351562499943 30.913525390624955
-4.148779296874949 30.8095703125
-4.322851562499949 30.698876953125023
-4.529150390624977 30.62553710937499
-4.619628906249943 30.604785156250017
-4.778515624999983 30.552392578125023
-4.96826171875 30.46538085937496
-5.061914062499994 30.32641601562497
-5.180126953124983 30.166162109375023
-5.293652343749955 30.05864257812496
-5.448779296874932 29.956933593750023
-5.59331054687496 29.91796875
-5.775 29.869042968749966
-6.004296874999937 29.83125
-6.166503906249943 29.818945312499977
-6.214794921874926 29.810693359374994
-6.357617187499983 29.80830078125004
-6.427636718749937 29.81611328125004
-6.479736328125 29.820361328125017
-6.500878906249937 29.809130859375017
-6.507910156249949 29.783789062500006
-6.510693359374983 29.726025390624983
-6.52055664062496 29.659863281249983
-6.565673828125 29.603857421875034
-6.597753906249977 29.578955078125034
-6.635351562499977 29.56879882812501
-6.755126953124972 29.583837890625034
-6.85556640624992 29.601611328125017
-7.094921875000011 29.62519531250004
-7.14243164062492 29.619580078124955
-7.160205078124989 29.612646484375063
-7.234912109374932 29.57490234375001
-7.349755859374966 29.494726562500006
-7.427685546874926 29.425
-7.485742187499966 29.392236328124994
-7.62460937499992 29.375195312499983
-7.685156249999977 29.349511718749994
-7.943847656249943 29.17475585937501
-7.998925781249966 29.132421875
-8.265185546874932 28.98051757812496
-8.340478515624994 28.93017578125003
-8.399316406249994 28.880175781250045
-8.558349609374972 28.76787109374999
-8.659912109374972 28.718603515624977
-8.678417968749926 28.689404296874983
-8.683349609374943 28.62075195312505
-8.683349609374943 28.46923828125
-8.683349609374943 28.32368164062501
-8.683349609374943 28.112011718749955
-8.683349609374943 27.900390625
-8.683349609374943 27.656445312499955
-8.817822265624983 27.656445312499955
-8.817773437499994 27.655908203125023
-8.813916015625011 27.613867187499977
-8.784570312499966 27.530859375000034
-8.774365234374926 27.460546875
-8.788964843749966 27.416552734375017
-8.802685546874926 27.360937499999977
-8.796826171874983 27.308203124999977
-8.774365234374926 27.250585937500063
-8.753857421874926 27.191015625
-8.753857421874926 27.150976562500006
-8.794873046874926 27.120703125000063
-8.889062499999937 27.104101562500063
-9.001904296874926 27.090429687500034
-9.084423828124955 27.090429687500034
-9.208447265624983 27.100195312500063
-9.285595703124983 27.098242187500006
-9.352978515624955 27.098242187500006
-9.413037109374926 27.088476562499977
-9.487304687499972 27.050390625000034
-9.56982421875 26.990820312499977
-9.673339843749943 26.910742187500006
-9.735351562499972 26.860937499999977
-9.817871093749972 26.850195312500006
-9.900341796875011 26.850195312500006
-9.980908203124983 26.890234375
-10.032714843749972 26.910742187500006
-10.066845703124983 26.908789062500063
-10.123046874999972 26.880468750000063
-10.189453125 26.860937499999977
-10.251464843749943 26.860937499999977
-10.354931640624983 26.900976562500063
-10.478955078124926 26.960546875000034
-10.55126953125 26.990820312499977
-10.654248046874926 27.000585937500006
-10.757763671874983 27.020117187500006
-10.830078124999972 27.010351562500034
-10.922802734374926 27.010351562500034
-11.046826171874983 26.970312499999977
-11.150341796874926 26.941015625000034
-11.263623046875011 26.910742187500006
-11.392578124999972 26.883398437500034
-11.361279296875011 26.793554687500034
-11.316845703124926 26.744726562500034
-11.316845703124926 26.684179687500034
-11.337890624999943 26.633398437499977
-11.399902343749972 26.583593750000063
-11.470703125 26.520117187500006
-11.511669921875011 26.470312499999977
-11.553173828124926 26.400976562499977
-11.583984375 26.3609375
-11.63720703125 26.295507812499977
-11.684521484374955 26.213476562499977
-11.699218750000028 26.162695312500006
-11.718212890624983 26.104101562499977
-11.7548828125 26.086523437500034
-11.880859374999972 26.070898437500063
-11.960888671874955 26.050390625000063
-12.030761718749972 26.030859374999977
-12.056787109374937 25.99633789062497
-12.060986328125011 25.990820312500006
-12.0810546875 25.920507812499977
-12.0810546875 25.870703125000034
-12.101025390624983 25.830664062500063
-12.130859374999943 25.731054687500006
-12.170849609375011 25.640234374999977
-12.201123046874955 25.520117187500034
-12.23095703125 25.420507812499977
-12.270947265624955 25.260302734375017
-12.310986328124955 25.110937499999977
-12.360839843749972 24.9703125
-12.400878906249972 24.88046875
-12.43115234375 24.830664062499977
-12.500976562500028 24.770117187500006
-12.56103515625 24.731054687500034
-12.630810546875011 24.680273437499977
-12.710937499999972 24.630468750000063
-12.820751953124983 24.570898437500006
-12.9111328125 24.520117187500034
-12.94785156249992 24.49726562500001
-12.991162109374955 24.470312500000034
-13.06103515625 24.400976562500034
-13.121093749999972 24.300390625000034
-13.161132812499943 24.220312499999977
-13.230957031249972 24.090429687500006
-13.28076171875 24.020117187500063
-13.310986328124926 23.981054687500006
-13.39111328125 23.941015625
-13.48095703125 23.910742187499977
-13.581054687499972 23.870703125
-13.661083984374926 23.830664062500006
-13.770947265624926 23.790625
-13.840771484374955 23.750585937500034
-13.89111328125 23.691015624999977
-13.931103515624955 23.620703125000034
-13.980908203124983 23.520117187499977
-14.020996093749972 23.410742187499977
-14.040966796874955 23.340429687500063
-14.101074218749943 23.100195312500063
-14.121093749999943 22.960546875000034
-14.141064453124926 22.870703125
-14.170898437499972 22.760351562500006
-14.190869140624955 22.590429687500034
-14.190869140624955 22.45078125
-14.210937499999943 22.370703125000034
-14.22119140625 22.310156250000034
-14.270996093750028 22.240820312500034
-14.31103515625 22.191015625
-14.380810546874926 22.120703124999977
-14.44091796875 22.080664062500006
-14.460888671874983 22.040625
-14.520996093749972 21.990869140624994
-14.581005859374926 21.910742187500034
-14.630859374999972 21.8609375
-14.621093749999943 21.820898437500006
-14.610791015624955 21.750585937499977
-14.641113281250028 21.680273437500063
-14.670849609374955 21.600195312500006
-14.750976562500028 21.500585937500034
-14.840820312499943 21.45078125
-14.971142578124926 21.441015624999977
-15.150878906249943 21.441015624999977
-15.290966796874983 21.45078125
-15.460937499999972 21.45078125
-15.610791015624955 21.4703125
-15.750927734374983 21.490820312500006
-15.920849609374955 21.500585937500034
-16.04101562500003 21.500585937500034
-16.190869140624983 21.481054687500063
-16.581005859374983 21.481054687500063
-16.73095703124997 21.4703125
-16.951123046874983 21.430273437500006
-17.00297851562499 21.420751953125034
-17.003076171874994 21.420703125000017
-16.930859374999926 21.9
-16.79326171874996 22.159716796875017
-16.68398437499999 22.27436523437504
-16.514404296875 22.33349609375
-16.358740234375006 22.594531250000074
-16.30429687499992 22.834814453124977
-16.201855468749926 22.945361328125045
-16.16972656249996 23.03193359375001
-16.21025390624996 23.09790039062503
-16.11367187499999 23.22753906249997
-15.996728515624966 23.425488281249983
-15.942626953124972 23.552636718750023
-15.805957031250017 23.74951171875
-15.789257812499983 23.792871093750023
-15.801660156250023 23.842236328124955
-15.855175781249983 23.800341796875045
-15.912548828124955 23.727587890625045
-15.980712890625 23.670312500000023
-15.952832031249983 23.740820312500006
-15.899316406250023 23.844433593749983
-15.777783203124955 23.952929687500045
-15.586328124999937 24.07275390625003
-15.188623046874994 24.47880859374999
-15.03886718749996 24.54882812500003
-14.904296875 24.719775390625045
-14.85605468749992 24.87158203124997
-14.842919921874994 25.220117187500023
-14.794921875 25.404150390625034
-14.707031249999943 25.547705078125063
-14.602294921875 25.808544921874983
-14.52275390624996 25.925244140624955
-14.470556640625006 26.16303710937501
-14.413867187499989 26.25371093749999
-14.312451171874926 26.296728515624977
-14.16835937499999 26.415429687499994
-13.952099609374983 26.48876953125
-13.69589843749992 26.642919921874977
-13.575781249999949 26.73510742187503
-13.495751953124994 26.872656249999977
-13.409814453124994 27.146630859375023
-13.25615234374996 27.43461914062499
-13.177392578124966 27.65185546875
-13.175976562499955 27.655712890624983
-13.040722656249926 27.76982421874996
-12.948925781249983 27.914160156249977
-12.793652343749955 27.978417968749994
-12.468896484374966 28.009423828125023
-11.986083984375028 28.129296875000023
-11.552685546875011 28.31010742187499
-11.43017578125 28.382031249999983
-11.299072265624943 28.52607421875001
-11.080957031249994 28.713769531249994
-10.673828125000028 28.939208984375
-10.486474609374937 29.06494140625003
-10.200585937499966 29.38037109374997
-10.010498046874972 29.64140625
-9.852636718749949 29.809228515624966
-9.743457031250017 29.95820312500001
-9.667089843750006 30.109277343749966
-9.623828124999989 30.352636718750006
-9.652929687499949 30.44755859374996
-9.773144531249926 30.603125
-9.853906249999966 30.64458007812496
-9.87548828125 30.717919921874994
-9.832421875000023 30.847265625000034
-9.833349609374949 31.06962890624996
-9.808691406249977 31.42460937499999
-9.674951171874994 31.71098632812496
-9.347460937499989 32.08637695312498
-9.286572265624926 32.240576171875034
-9.24912109374992 32.48583984375
-9.245849609374972 32.57246093749998
-8.836230468749932 32.92045898437499
-8.596289062499977 33.187158203124966
-8.512841796874937 33.25244140625003
-8.30117187499999 33.374365234375006
-7.56235351562492 33.640283203124994
-7.144677734375023 33.830322265625
-6.90097656249992 33.96904296875002
-6.755761718749994 34.132910156250006
-6.353125 34.77607421875001
-5.957568359374932 35.68115234375003
-5.9248046875 35.78579101562502
-5.747949218749937 35.81596679687496
-5.62285156249996 35.82890625000002
-5.522265624999989 35.86201171875001
-5.397363281249937 35.92988281249998
-5.27783203125 35.902734374999966
-5.337646484375028 35.85654296875006
-5.337646484375028 35.745214843750034
-5.252685546874943 35.61474609375
-5.105371093749966 35.4677734375
-4.837207031249932 35.28129882812502
-4.628320312499937 35.206396484375034
-4.329980468749994 35.161474609375034
-3.982421874999972 35.24340820312503
-3.787988281249966 35.24492187499996
-3.693261718749937 35.27998046875001
-3.590625 35.22832031249996
-3.394726562499983 35.211816406249966
-3.206005859374983 35.239111328125034
-3.063085937500006 35.31723632812506
-2.97221679687496 35.40727539062502
-2.957958984374983 35.36308593749999
-2.95361328125 35.31513671874998
-2.925976562499955 35.28710937500003
-2.86953125 35.17265624999999
-2.83994140624992 35.12783203125002
-2.731396484374926 35.13520507812501
-2.63681640624992 35.11269531250002
-2.423730468749937 35.12348632812501
-2.219628906249937 35.10419921874998

