32.77656250000007 -26.85097656250005
32.58876953125008 -26.85576171874996
32.47773437500001 -26.858496093749977
32.353515625000114 -26.86162109374999
32.199609375000136 -26.833496093750043
32.112890625000034 -26.839453125
32.10595703125006 -26.52001953125003
32.07792968749999 -26.449804687500034
32.04833984375 -26.347167968749986
32.04140625000002 -26.28125
32.05996093750008 -26.215039062499983
32.06884765625006 -26.110156250000017
32.060546875 -26.018359374999974
31.96845703125001 -25.97226562499999
31.948242187500057 -25.957617187500034
31.92832031250009 -25.885351562499963
31.920312500000136 -25.77392578125
31.984570312500068 -25.631933593750034
31.979394531250023 -25.359472656250034
31.987011718750068 -25.263476562500017
31.98574218750008 -25.07382812500002
31.984375 -24.844042968750003
31.983203125000102 -24.63828125
31.98583984375 -24.46064453124997
31.966601562500045 -24.376464843749957
31.950585937500023 -24.33027343749997
31.908007812500045 -24.236230468749994
31.858300781250136 -24.040234375000026
31.799609375000045 -23.892187499999977
31.724023437500136 -23.794531249999977
31.7 -23.74306640624998
31.675585937500045 -23.67421875
31.604101562500034 -23.55292968749997
31.545605468750125 -23.482324218749966
31.529687500000136 -23.42578125
31.531738281250114 -23.27949218750004
31.466699218750023 -23.016699218749963
31.419335937500136 -22.82509765625001
31.34804687500008 -22.617578125
31.300195312500136 -22.478613281250034
31.293164062500125 -22.45468750000005
31.28789062499999 -22.402050781249983
31.42949218749999 -22.298828125
31.571484375000068 -22.15351562499997
31.73769531250008 -21.983398437499957
31.885937500000068 -21.831542968750014
32.01630859375007 -21.69804687499999
32.19472656250002 -21.515429687500003
32.37109375000006 -21.334863281249994
32.412402343750045 -21.311816406250003
32.429785156250034 -21.29707031250001
32.353613281250034 -21.13652343749999
32.476171875000034 -20.950097656250023
32.48281250000008 -20.82890625000003
32.47763671875009 -20.712988281250034
32.49238281250007 -20.659765625000034
32.52929687500006 -20.61308593750003
32.67255859375001 -20.516113281249986
32.780859375000034 -20.361523437500026
32.86962890625 -20.217187500000023
32.992773437500034 -19.98486328125003
33.00488281250006 -19.930175781249986
33.00673828125008 -19.87382812499996
32.97265625000006 -19.79541015624997
32.89042968749999 -19.668066406249963
32.83076171875001 -19.558203124999963
32.77763671874999 -19.38876953124999
32.83095703125002 -19.24140625
32.85 -19.15244140624999
32.84980468750007 -19.104394531249966
32.82617187500006 -19.05878906250001
32.76621093750009 -19.024316406249994
32.71650390625001 -19.001855468750037
32.69970703125006 -18.94091796874997
32.69921875 -18.86845703124996
32.721972656250045 -18.828417968749974
32.85449218750006 -18.763671875000014
32.884570312500045 -18.728515624999957
32.90029296875002 -18.6890625
32.901660156250045 -18.63291015625002
32.942480468750034 -18.492675781249957
32.99306640625002 -18.359570312500026
32.99638671874999 -18.31259765624995
32.978515625 -18.271484375000014
32.96464843749999 -18.19628906249997
32.95556640625 -18.082910156249966
32.954687500000034 -17.76542968750003
32.98076171874999 -17.4375
32.96933593750009 -17.251562499999977
32.884375 -17.03779296875004
32.876269531250045 -16.883593749999974
32.93789062500008 -16.77597656249999
32.94804687499999 -16.71230468749998
32.902929687500034 -16.70419921875002
32.81025390625001 -16.697656250000023
32.74179687500009 -16.677636718750023
32.63583984375009 -16.589453125
32.45195312499999 -16.51572265624999
32.243261718750034 -16.448730468750014
31.939843750000023 -16.428808593749963
31.68759765625009 -16.214160156250017
31.489843750000034 -16.179687500000014
31.426171875000023 -16.15234375000003
31.236230468750023 -16.02363281250001
30.938769531250045 -16.011718749999986
30.630175781250045 -15.999218750000011
30.43779296874999 -15.995312500000011
30.409375 -15.978222656249997
30.39814453125001 -15.80078125
30.396093750000034 -15.643066406250014
30.3798828125 -15.505859374999957
30.3505859375 -15.349707031250034
30.3056640625 -15.288867187499974
30.25214843750001 -15.183203125000034
30.225 -15.066894531249972
30.221777343750034 -15.010546875000031
30.23183593750008 -14.990332031250006
30.44609374999999 -14.907519531250003
30.537695312500034 -14.866503906250003
30.673339843750057 -14.819140625000031
30.91513671875009 -14.753320312500037
31.130859375 -14.694628906249974
31.328515625000023 -14.637695312500014
31.537890625000045 -14.577148437500028
31.623046875 -14.536718749999963
31.72890625000008 -14.496093750000028
31.98212890625001 -14.414453125
32.054492187500045 -14.386523437500003
32.19990234375001 -14.340820312500014
32.27285156250002 -14.323046875000031
32.55322265625006 -14.229589843750006
32.87451171875006 -14.122460937500023
32.987109375000045 -14.084960937500028
33.20175781250009 -14.013378906250011
33.24355468750008 -14.04306640625002
33.38994140625016 -14.289453125000037
33.50527343750002 -14.434082031250014
33.63642578125007 -14.568164062499974
33.658300781250034 -14.561621093749963
33.6960937500001 -14.530273437499972
33.76142578125007 -14.517285156249997
33.96982421875009 -14.487109374999974
34.049414062500034 -14.485253906250037
34.10185546875016 -14.449316406250006
34.2087890625001 -14.423730468750037
34.33251953125006 -14.408593749999966
34.375000000000114 -14.424804687499986
34.50527343750008 -14.598144531250043
34.524121093750125 -14.73076171874996
34.55117187500002 -14.922363281250014
34.557617187500114 -15.015917968749974
34.55546874999999 -15.140917968750031
34.540820312500045 -15.297265625
34.434960937500136 -15.477148437499963
34.41474609375001 -15.566796875000023
34.35800781250009 -15.705273437499997
34.28300781249999 -15.773437500000028
34.24609375000006 -15.82939453124996
34.24824218750001 -15.8875
34.28828125000001 -15.936132812500034
34.375976562500114 -16.02373046875003
34.40302734375001 -16.08027343750001
34.395117187500034 -16.130859375000014
34.395507812500114 -16.199218749999986
34.41640625000002 -16.246777343749997
34.44130859375002 -16.27441406250003
34.528125 -16.319140625
34.612695312500136 -16.43154296874998
34.75878906250006 -16.56708984374997
34.93339843749999 -16.760351562500006
35.01533203125018 -16.819531249999983
35.07988281249999 -16.833886718749966
35.1121093750001 -16.89853515624999
35.09423828125 -16.97382812499997
35.04394531250006 -17.016894531250045
35.06464843750007 -17.07861328125
35.09306640624999 -17.11093750000002
35.124609375000034 -17.12724609374996
35.20136718750007 -17.131054687500026
35.27255859375009 -17.11845703125003
35.29042968750008 -17.096972656250017
35.281152343750136 -16.807812499999983
35.229785156250045 -16.63925781250002
35.17832031250009 -16.573339843750006
35.16718750000001 -16.560253906249997
35.18525390625007 -16.5048828125
35.242773437500034 -16.37539062499999
35.291503906250114 -16.24716796874999
35.32246093750001 -16.193164062500003
35.35849609375009 -16.160546875000023
35.59931640625001 -16.125878906249966
35.70888671875008 -16.095800781249977
35.75527343750002 -16.05830078124997
35.79121093750007 -15.958691406250011
35.819921875000034 -15.680371093749983
35.830273437500125 -15.418945312500014
35.80537109375007 -15.265625
35.839941406250034 -15.034667968749972
35.89277343750007 -14.891796875
35.86669921875006 -14.863769531249972
35.84716796875 -14.670898437500028
35.690429687500114 -14.465527343750026
35.488476562500125 -14.201074218749966
35.375781250000045 -14.058691406250006
35.247460937500136 -13.896875
35.01386718750007 -13.643457031249966
34.90683593750009 -13.551660156250009
34.860394952571994 -13.522282410151718
34.86152343750001 -13.460449218749986
34.84580078125009 -13.366015625000017
34.811621093750034 -13.332324218749989
34.79980468750006 -13.2578125
34.81044921875008 -13.142382812500017
34.80048828125001 -13.044042968749977
34.77001953125 -12.962597656249983
34.7724609375 -12.870117187499972
34.80761718750006 -12.766601562500028
34.79121093750007 -12.64296875
34.69384765625006 -12.422363281249972
34.70244140624999 -12.402832031249986
34.71093750000006 -12.364453124999983
34.71416015624999 -12.279199218750023
34.71064453125001 -12.224414062499974
34.7001953125 -12.200097656249994
34.72607421875006 -12.156640625000023
34.78828125000001 -12.09414062499998
34.83193359375002 -12.057812499999955
34.85683593750002 -12.047656250000017
34.89101562500008 -11.985351562500028
34.93427734375001 -11.870898437499974
34.95693359375008 -11.734765624999952
34.95916723504598 -11.578119389764808
34.95947265625 -11.578125
35.18261718750006 -11.574804687499963
35.41826171874999 -11.583203124999983
35.45136718750007 -11.58955078125004
35.50439453125006 -11.604785156250031
35.56435546875002 -11.602343749999974
35.63095703125009 -11.582031250000014
35.70468750000009 -11.53212890624998
35.785449218750045 -11.452929687500003
35.91132812500007 -11.4546875
36.08222656250007 -11.537304687499969
36.17548828125007 -11.609277343749966
36.191308593750136 -11.67070312499996
36.30566406250006 -11.706347656250031
36.51865234375009 -11.716210937499994
36.673828125000114 -11.684277343749969
36.771093750000034 -11.610351562500014
36.87265625000009 -11.571289062499957
36.97890625000008 -11.566992187499977
37.05917968750009 -11.592187499999952
37.113867187500034 -11.647167968749969
37.21835937500009 -11.686523437499986
37.372851562500045 -11.710449218749972
37.54169921875018 -11.675097656249974
37.72480468750018 -11.580664062500006
37.82929687500001 -11.481933593749957
37.855078125000034 -11.379101562499969
37.88535156250009 -11.31669921874996
37.92021484374999 -11.294726562500017
38.01728515625007 -11.282128906250023
38.17656249999999 -11.278710937500037
38.31513671875018 -11.311132812499977
38.49179687500009 -11.413281250000011
38.6033203125001 -11.34531250000002
38.7947265625001 -11.228906250000023
38.9875 -11.167285156249989
39.17099609375009 -11.166894531249994
39.321582031250045 -11.122558593750028
39.43916015625007 -11.034570312500037
39.563476562500114 -10.978515624999986
39.694433593750034 -10.95478515625004
39.81708984375007 -10.912402343750017
39.988671875000136 -10.820800781250014
40.16621093750018 -10.6875
40.34746093750016 -10.5515625
40.46357421875018 -10.464355468749957
40.516699218750034 -10.567382812499986
40.61171875000008 -10.66152343749998
40.55507812500008 -10.716210937500023
40.48662109374999 -10.765136718749943
40.59716796875 -10.830664062499977
40.51611328125006 -10.929589843749966
40.50625 -10.998437499999966
40.52685546875 -11.025390624999943
40.544531250000034 -11.065625
40.49140625000007 -11.178906249999955
40.420996093750034 -11.265625
40.40283203125006 -11.332031249999972
40.465136718750045 -11.449414062499997
40.43310546875 -11.657324218749991
40.49355468750008 -11.844433593750011
40.51044921875001 -11.940429687500028
40.53154296874999 -12.00458984375004
40.50146484375006 -12.119433593749989
40.50917968750002 -12.312890624999966
40.52314453125007 -12.392773437499983
40.48710937499999 -12.492187499999986
40.54833984375 -12.526562499999969
40.58085937499999 -12.635546874999974
40.57207031249999 -12.758398437500048
40.553320312500034 -12.824609375000037
40.44765625000002 -12.904785156250028
40.435156250000034 -12.9359375
40.436816406250045 -12.983105468749997
40.56875 -12.98466796874996
40.57324218750006 -13.057714843750006
40.564453125 -13.115234375
40.56953125000007 -13.223437500000017
40.55195312500007 -13.29375
40.58291015625002 -13.374023437499957
40.54511718750007 -13.462890625000043
40.55820312500009 -13.531445312499969
40.55986328124999 -13.62031250000004
40.59052734375001 -13.845019531249989
40.595703125 -14.122851562500017
40.60253906250006 -14.167382812500037
40.649511718750034 -14.198828125000048
40.715625 -14.214453125000034
40.71308593750001 -14.290625
40.639941406250045 -14.390039062500009
40.635546875000045 -14.451855468749983
40.646093750000034 -14.538671875
40.726660156250034 -14.420703125000031
40.775 -14.42128906249998
40.81816406249999 -14.467578124999989
40.812109375000034 -14.53554687499998
40.826953125000045 -14.569042968749969
40.82060546874999 -14.634960937499983
40.84453124999999 -14.71865234374998
40.83515625000001 -14.79150390625
40.775976562500034 -14.842480468749983
40.70068359375006 -14.929785156250006
40.68740234375002 -15.01162109374998
40.6943359375 -15.065234374999989
40.642187500000034 -15.082421875000023
40.617773437500034 -15.115527343750017
40.653125 -15.192675781250017
40.650976562500034 -15.260937499999969
40.55898437500008 -15.473437500000017
40.31386718750002 -15.76396484374996
40.20800781250006 -15.867089843750009
40.10878906250002 -15.979296875000045
40.10888671875 -16.025292968749994
40.09921875000009 -16.06533203124998
39.98359375000007 -16.22548828125001
39.85976562500008 -16.25175781250003
39.79091796875008 -16.294531249999963
39.84462890625002 -16.43564453125002
39.76455078125002 -16.46816406249998
39.62539062500002 -16.57939453124999
39.242285156250034 -16.79257812499999
39.181738281250034 -16.841992187500026
39.084375 -16.97285156250004
38.9560546875 -17.004589843750026
38.88476562500006 -17.041601562500006
38.75761718749999 -17.05517578125003
38.71328125000002 -17.04570312499996
38.66992187500006 -17.05029296875
38.63330078125006 -17.078320312500026
38.38076171875002 -17.170117187499997
38.14492187500002 -17.242773437499963
38.08691406250006 -17.275976562499977
38.04824218750008 -17.32138671874999
37.83945312500009 -17.393164062499963
37.512304687500034 -17.57070312499998
37.24453125000002 -17.739941406249997
37.050585937500045 -17.909277343750034
36.99951171875 -17.934960937500023
36.93935546875002 -17.993457031250045
36.91923828124999 -18.080078125000014
36.89960937500001 -18.129003906250034
36.75615234374999 -18.30732421875004
36.540136718750034 -18.518164062500006
36.498046875 -18.57578125000002
36.41220703125009 -18.69296875
36.40371093750002 -18.769726562499997
36.32724609375009 -18.793164062499983
36.26289062500007 -18.71962890625001
36.23564453124999 -18.861328125000014
36.183203125000034 -18.871386718750017
36.125 -18.842382812499977
35.98007812500009 -18.9125
35.85371093750001 -18.993359375
35.65126953125002 -19.163867187500003
35.365332031250034 -19.493945312500017
34.94785156250009 -19.81269531250004
34.89082031250001 -19.821777343750014
34.85234374999999 -19.820507812500026
34.72099609374999 -19.70957031249999
34.64941406250006 -19.701367187499997
34.713476562500034 -19.7671875
34.75576171875002 -19.82197265624997
34.74501953125008 -19.92949218750003
34.75 -20.09082031250003
34.69814453125002 -20.404394531249963
34.705078125 -20.473046875
34.76474609375009 -20.561914062499994
34.877050781250034 -20.670800781249966
34.98232421875002 -20.80625
35.11757812500002 -21.195214843749966
35.128027343750034 -21.3953125
35.267675781250034 -21.65097656249999
35.27294921875 -21.76171875
35.32929687500001 -22.03740234375003
35.32558593750002 -22.260351562499977
35.31572265624999 -22.396875
35.38300781250001 -22.45458984375003
35.40781250000009 -22.402539062499983
35.40087890625 -22.31621093749999
35.41884765625002 -22.177636718749994
35.456347656250045 -22.11591796875004
35.49375 -22.12470703124997
35.5048828125 -22.19013671874997
35.530078125000045 -22.248144531249977
35.54023437500007 -22.30263671874998
35.5419921875 -22.37656250000002
35.490234375 -22.657714843750014
35.50576171875008 -22.77207031250005
35.57539062500007 -22.96308593749997
35.49443359374999 -23.18515625
35.37695312500006 -23.70781249999999
35.370410156250045 -23.798242187500023
35.39882812500002 -23.837695312499974
35.46210937500007 -23.851074218749957
35.4853515625 -23.784472656249974
35.5224609375 -23.78496093749999
35.5419921875 -23.824414062500026
35.48964843750008 -24.065527343750034
35.438085937500034 -24.171191406249974
35.25488281250006 -24.430273437500006
35.15595703125001 -24.54140625
34.99208984375002 -24.650585937500026
34.60732421875008 -24.821289062499986
33.83603515625009 -25.067968749999977
33.53007812499999 -25.18886718750001
33.34746093749999 -25.260937500000026
32.96113281250001 -25.490429687499983
32.79218750000007 -25.644335937499974
32.72255859375008 -25.820898437499977
32.65585937500009 -25.901757812500023
32.59042968750009 -26.004101562499997
32.64746093750006 -26.09199218749997
32.70351562500002 -26.158496093750017
32.76962890625009 -26.203027343750023
32.80390625000001 -26.241406250000026
32.84882812500001 -26.268066406249957
32.89404296875 -26.129882812499957
32.91640625000002 -26.0869140625
32.95488281249999 -26.083593750000034
32.93359375 -26.252343750000037
32.88916015625 -26.830468750000037
32.88613281250008 -26.84931640624997

