98.134375 9.875390625
98.11806640625014 9.877880859374983
98.1402343750002 9.974658203124974
98.220703125 10.04521484374996
98.29169921875018 10.05131835937496
98.28339843750007 10.007617187500031
98.23125 9.95395507812502
98.18261718749994 9.93344726562502

98.29345703125 10.779687500000023
98.28437500000018 10.753125
98.27148437499994 10.739892578124994
98.25175781249999 10.744433593750031
98.21816406250002 10.837744140625034
98.1553710937502 10.897949218750043
98.08046875000014 10.886621093749966
98.142578125 10.963134765625
98.16728515625005 10.980322265624949
98.20976562500016 10.95273437500002

98.51894531250002 10.959375
98.49804687500011 10.964257812499966
98.47744140624997 10.979736328125014
98.52656250000007 11.086962890625003
98.54169921875001 10.961523437500034

98.21621093750014 11.455761718749997
98.209375 11.456542968749986
98.18730468750005 11.472412109375014
98.20107421874997 11.5671875
98.23906249999999 11.64472656250004
98.27812500000016 11.75839843750002
98.29960937499999 11.783007812499974
98.30751953125002 11.722900390624986
98.28378906250003 11.594091796875034
98.26328125000003 11.523632812499969
98.22167968750011 11.478222656249955

98.52841796875009 11.53867187500002
98.46484375 11.5671875
98.43476562500018 11.56708984375004
98.396875 11.68354492187504
98.3995117187502 11.714843750000028
98.37646484375011 11.791503906250014
98.52353515625003 11.804931640625
98.55380859375009 11.744873046875014

98.08359375000003 11.636816406250034
98.0210937500002 11.695898437499991
98.01035156250003 11.86025390624998
98.05957031250011 11.75668945312502
98.08076171875018 11.733203125000031
98.07548828125016 11.692382812499986

98.47431640625007 11.899414062499972
98.45449218750002 12.061279296875
98.46621093750002 12.084277343749974
98.52529296875014 12.005175781250017
98.60957031250018 11.95664062499999
98.57646484374999 11.92509765624996
98.51601562500014 11.905029296875043

98.12509765625003 12.144873046874977
98.10849609375003 12.148095703125009
98.07539062500007 12.164453124999966
98.03730468750001 12.23247070312496
98.05732421875001 12.280078124999989
98.07138671875003 12.291796874999974
98.10488281250014 12.28779296875004
98.12246093750014 12.278710937499966
98.12841796875011 12.261230468749957
98.11845703125005 12.223388671874986
98.12011718750011 12.191308593750023
98.13671875000011 12.150439453124946

98.06035156249999 12.353515625000028
98.00234375000002 12.279003906250026
97.9517578125002 12.322314453124974
97.93867187500018 12.346093750000023
97.99023437500011 12.393798828124972
98.04511718750001 12.387011718750003
98.05986328124999 12.397851562499994
98.06611328125001 12.389794921875037

98.43642578124997 12.570507812499997
98.46826171875 12.571337890624989
98.45947265624994 12.473730468750006
98.38085937500011 12.353662109374966
98.33447265625 12.336181640625043
98.31386718750014 12.335986328125003
98.33144531249997 12.51142578125004
98.30253906250016 12.611572265625014
98.31210937500003 12.678173828124997
98.39648437500011 12.64711914062498
98.41396484375002 12.597949218749989

98.30917968750009 12.934716796875037
98.25927734374994 13.01401367187502
98.25078124999999 13.104394531249966
98.25458984375007 13.188574218749977
98.26533203125001 13.202246093750006
98.26855468749994 13.189355468750037
98.29863281250016 13.151660156250003
98.31542968750011 13.09907226562504

94.78437500000018 15.793847656249966
94.74335937500007 15.812109375000034
94.7334960937502 15.823046875000045
94.82802734374997 15.933007812499966
94.83818359375005 15.89208984375
94.80488281250018 15.8193359375

94.41191406250005 15.848388671874972
94.38789062500001 15.994140625
94.4937500000002 16.075341796875023
94.5459960937502 16.15283203125
94.60126953125018 16.205517578124983
94.61865234374994 16.141308593749955
94.56611328125001 16.01928710937497
94.47675781250001 15.945947265625051

97.5372070312502 16.240136718750023
97.48037109374997 16.305712890625045
97.46914062500002 16.461035156250006
97.51640625000005 16.496875
97.54199218750011 16.505078124999983
97.57900390625002 16.48603515625001
97.59326171875 16.460791015625034
97.59960937500011 16.429541015624977
97.58935546875 16.397363281249994
97.57500000000016 16.253222656250017

93.67402343750018 18.675683593749994
93.5699218750002 18.759570312500017
93.48750000000018 18.867529296874977
93.6182617187502 18.888818359374966
93.7447265625002 18.865527343750017
93.74550781249997 18.808056640624955
93.71835937500003 18.715722656249966
93.69082031250014 18.684277343749955

93.82949218750014 19.475292968749983
93.87470703125001 19.481054687500006
93.94570312500002 19.428613281249994
93.94746093750018 19.408154296874983
93.93398437500002 19.365429687499983
93.90195312500009 19.33203125000003
93.81523437500016 19.298681640624977
93.75585937499994 19.32568359374997
93.73232421874997 19.416308593750045
93.66220703125009 19.458935546874955
93.64404296875011 19.49506835937501
93.68837890624997 19.544433593750057
93.71484374999994 19.558251953125023

93.5132812500002 19.754785156249994
93.44462890625016 19.806445312500045
93.4195312500002 19.877587890624966
93.41289062499999 19.950341796874966
93.49179687500009 19.892578125

93.02324218749999 19.828857421875
92.97519531250009 19.868017578124977
92.91269531250003 19.99980468749999
92.9146484375002 20.08647460937499
92.9595703125002 20.046191406250045
93.01015625000002 19.923925781250006

97.76904296875 28.356152343749955
97.81650390625009 28.356347656249994
97.86494140625018 28.36357421874996
97.88759765624997 28.356494140625017
97.93408203124994 28.313818359375034
98.02226562500016 28.211523437499977
98.0616210937502 28.185888671875006
98.09892578125016 28.142285156249983
98.11835937500001 28.055224609375017
98.13046875000009 27.967578125000017
98.24101562500016 27.663183593750006
98.27421875000016 27.599072265624983
98.29882812500011 27.55009765624996
98.35048828125014 27.5380859375
98.39238281250016 27.587060546875023
98.40888671875007 27.63945312499996
98.45253906249997 27.65722656250003
98.50449218750009 27.647656249999955
98.59980468750007 27.598828124999955
98.65117187500005 27.572460937499983
98.67675781250011 27.42192382812496
98.68242187499999 27.245312499999955
98.67480468749994 27.190625
98.71650390625001 27.04492187499997
98.7294921875 26.877392578124955
98.73847656250007 26.785742187500034
98.73935546875003 26.698144531250023
98.73183593750014 26.583398437500023
98.70947265625011 26.42968749999997
98.671875 26.298535156249983
98.68554687500011 26.189355468750023
98.66318359375009 26.13945312499999
98.57197265625007 26.1140625
98.56406250000003 26.072412109375023
98.59101562500001 26.00371093749996
98.65468750000014 25.917773437500045
98.65625 25.863574218750017
98.62539062500002 25.826708984375045
98.55839843750016 25.82324218749997
98.46552734375007 25.78886718749999
98.40166015624999 25.67797851562503
98.33378906250005 25.586767578125006
98.29658203125018 25.56884765625
98.17255859375007 25.59453124999999
98.14287109375005 25.571093750000017
98.09960937500011 25.415722656249983
98.06406250000003 25.348974609374977
98.01074218750011 25.292529296875017
97.96201171875003 25.259326171875017
97.91796874999994 25.23613281249999
97.81953125000007 25.251855468749994
97.76738281249999 25.158056640624977
97.71494140625009 25.034326171874994
97.71074218749999 24.970361328125023
97.73789062500003 24.86987304687497
97.72382812500001 24.841992187499983
97.67070312500005 24.820117187500045
97.58330078125016 24.774804687499966
97.5293945312502 24.631201171875034
97.53144531250018 24.49169921875003
97.56328124999999 24.44384765624997
97.6236328125002 24.422949218749977
97.66660156250009 24.379980468750006
97.67070312500005 24.312744140625
97.70820312500001 24.22875976562503
97.69062500000018 24.130810546874955
97.56826171875014 23.98847656250001
97.56455078125009 23.91103515625005
97.62968750000005 23.887158203124983
97.68603515624994 23.898095703124966
97.75566406250005 23.93188476562503
97.83769531250005 23.98627929687501
98.01689453125005 24.06542968749997
98.2125000000002 24.110644531250017
98.3672851562502 24.119042968749966
98.49941406250002 24.115673828124983
98.56416015625007 24.09882812500001
98.58339843749997 24.06982421874997
98.76435546875018 24.116064453124977
98.8023437500002 24.11870117187499
98.8350585937502 24.121191406250034
98.83398437499994 24.09057617187503
98.70156249999997 23.96406250000001
98.67675781250011 23.90507812499999
98.68085937500001 23.84179687499997
98.73505859375007 23.783105468749994
98.78769531250003 23.737841796875017
98.83222656250007 23.624365234374977
98.7978515625 23.52041015625005
98.81972656249997 23.482519531250034
98.85888671875 23.440087890625023
98.88261718749999 23.38032226562501
98.88554687499999 23.307470703125006
98.86376953125 23.191259765625034
99.05507812499997 23.13056640625001
99.22031250000009 23.10332031249999
99.34082031250011 23.095898437499983
99.4180664062502 23.069238281249966
99.46455078125018 23.046240234374977
99.49726562500018 23.00458984375001
99.50712890625016 22.959130859374994
99.46679687500011 22.92729492187499
99.38515624999997 22.825097656249966
99.33828125000014 22.688671874999955
99.34316406250014 22.586523437500034
99.33769531249999 22.49804687500003
99.24306640625002 22.370361328125057
99.20537109375016 22.282568359375006
99.17236328125 22.192480468750034
99.1734375000002 22.15332031249997
99.1929687500002 22.1259765625
99.2333984375 22.110156250000045
99.303125 22.10063476562499
99.38867187500011 22.11079101562501
99.59267578124997 22.089160156250045
99.82539062500007 22.049707031249994
99.91767578125001 22.02802734375001
99.94785156250003 21.988330078125017
99.94042968749994 21.90161132812503
99.92558593750016 21.82080078125
99.94072265625005 21.758740234374955
99.97822265625001 21.701611328124955
100.04121093750018 21.682763671875023
100.09550781250005 21.66064453124997
100.10576171875016 21.617041015625063
100.08925781250002 21.55791015624999
100.1167968750002 21.511181640624983
100.14765625000018 21.480517578125045
100.21474609374997 21.462988281250006
100.35058593750011 21.501025390625045
100.44570312500014 21.484082031249955
100.5313476562502 21.458105468750006
100.6045898437502 21.471777343750034
100.67714843750014 21.504931640625045
100.83515625000018 21.655175781249994
101.01933593750005 21.736376953125017
101.07978515625018 21.755859375
101.12070312500009 21.74609374999997
101.13085937500011 21.735546874999955
101.12812500000018 21.705126953125045
101.14726562500016 21.581640625000034
101.13886718750007 21.567480468749977
101.0803710937501 21.468652343750108
100.92753906250016 21.36621093750003
100.81953125000018 21.314208984375085
100.75664062500016 21.312646484375108
100.70312500000011 21.25136718750008
100.65917968750011 21.130371093750114
100.61367187500008 21.05932617187503
100.56660156250018 21.038183593749977
100.53613281250011 20.992382812500068
100.5222656250001 20.921923828125102
100.54931640625011 20.884228515625068
100.61767578125011 20.87924804687512
100.62294921875002 20.85957031250001
100.56513671875013 20.82509765625008
100.49335937500018 20.812988281250114
100.40742187500007 20.823242187500057
100.32607421875008 20.795703125000045
100.2493164062501 20.730273437500045
100.1838867187501 20.58911132812497
100.12968750000016 20.372216796875023
100.12246093750002 20.31665039062497
100.00361328125007 20.37958984375001
99.95429687500001 20.415429687500023
99.89033203125007 20.424414062500006
99.82519531250011 20.384472656249955
99.77333984375014 20.34130859375003
99.72011718750014 20.325439453125
99.63867187499994 20.320458984374966
99.53164062499997 20.34282226562499
99.45888671875002 20.36303710937503
99.44794921875018 20.35205078125
99.4875 20.260644531250023
99.50166015625018 20.187744140625
99.4859375000002 20.14985351562501
99.45156250000014 20.118310546874994
99.39921874999999 20.093457031249983
99.33789062499994 20.078906250000045
99.28369140625011 20.080419921875006
99.1968750000002 20.115136718749966
99.13076171875014 20.116601562499994
99.07421875 20.09936523437503
99.03974609375007 20.073632812500023
99.02070312500018 20.041796875000017
98.98740234375003 19.861376953125045
98.95800781250011 19.804931640625
98.91669921875001 19.772900390624955
98.87578125000016 19.76958007812499
98.81953125000007 19.778466796875023
98.76064453125014 19.771093750000034
98.49384765625001 19.701318359375023
98.45498046875014 19.694433593750063
98.37128906250001 19.689160156249955
98.29365234375001 19.687255859375
98.23906249999999 19.690673828125
98.11103515625001 19.762158203124983
98.04902343750018 19.76972656250001
98.01503906250002 19.74951171875
97.99121093749994 19.653710937500023
97.91640624999997 19.592871093749977
97.81679687500014 19.45996093749997
97.7935546875002 19.26586914062497
97.80390625000018 19.13046875
97.71416015624999 18.996484374999966
97.70605468749994 18.931787109375023
97.75400390625003 18.620800781249983
97.74589843750016 18.588183593750017
97.72773437500001 18.572021484375
97.67158203125001 18.56123046875001
97.57734375000001 18.528710937499966
97.51513671874994 18.497753906249983
97.4849609375002 18.494238281249977
97.39707031250003 18.51752929687501
97.37392578125014 18.51796875
97.38066406249999 18.494287109374966
97.45078125000009 18.35966796874999
97.52382812500014 18.29589843749997
97.59931640625007 18.302978515625
97.63222656250002 18.29033203124999
97.62246093749997 18.258007812499983
97.65156250000001 18.17373046875005
97.7197265625 18.037402343750074
97.73994140625001 17.935302734375057
97.69853515624999 17.833544921875017
97.70644531250014 17.79711914062497
97.7291015625002 17.775830078124983
97.79296875 17.68125
97.92929687500003 17.533300781250034
98.0630859375002 17.37329101562503
98.17460937499999 17.23989257812505
98.25654296875018 17.147656249999983
98.43886718750014 16.975683593750034
98.47119140624994 16.89501953125003
98.4781250000002 16.73222656249999
98.52314453125007 16.63818359375003
98.56474609374999 16.570947265624994
98.59365234375014 16.514794921875023
98.6607421875002 16.330419921875034
98.68925781250016 16.305419921875
98.83544921875011 16.417578125000034
98.86933593750007 16.394189453124966
98.8882812500002 16.351904296875063
98.88847656250016 16.29809570312503
98.86552734374999 16.23706054687503
98.81796875000009 16.180810546875023
98.59238281250003 16.050683593749966
98.57402343750005 15.938623046874966
98.5582031250002 15.768603515625045
98.55449218750016 15.559765624999955
98.56523437499999 15.403564453125028
98.55693359374999 15.36767578125
98.53730468750018 15.350683593750006
98.4521484375 15.35737304687504
98.32939453125005 15.278564453124972
98.28613281250011 15.271582031249963
98.23222656250005 15.241357421875023
98.19101562500009 15.204101562499986
98.17792968750018 15.147412109374983
98.20214843750011 14.975927734375034
98.24599609374997 14.814746093749974
98.33212890625003 14.69648437500004
98.40019531250016 14.602978515624997
98.49501953125002 14.472900390624972
98.57001953125001 14.359912109375045
98.72119140625 14.235742187499966
98.93359375000011 14.049853515625017
99.01464843750011 13.94716796874998
99.08623046875005 13.822753906250028
99.1368164062502 13.716699218750009
99.15605468750005 13.57578125
99.17167968750005 13.496923828124991
99.17617187500014 13.23305664062498
99.13710937500002 13.172998046874994
99.107421875 13.103515624999957
99.12392578124997 13.030761718749972
99.17353515625007 12.961328125000037
99.17353515625007 12.881933593750034
99.21982421875003 12.739746093750014
99.29736328124994 12.652880859374989
99.37197265624997 12.594238281250043
99.40507812500016 12.547900390625017
99.39423828125018 12.473632812499986
99.41630859375005 12.394824218750003
99.43242187500005 12.309033203125026
99.46289062500011 12.190234374999974
99.52294921875011 12.089648437500003
99.61474609374994 11.78120117187504
99.6125 11.749658203125009
99.57285156250003 11.68715820312498
99.5152343750002 11.630664062500017
99.47792968749997 11.6125
99.44267578125016 11.554394531250026
99.35878906250014 11.389453124999989
99.19013671875007 11.105273437500003
99.025390625 10.919970703125003
98.88710937500014 10.788330078125014
98.78691406250016 10.708447265624983
98.75722656250014 10.660937499999989
98.75722656250014 10.623583984375017
98.77539062500011 10.557031249999966
98.76835937499999 10.430859375000011
98.74687500000016 10.350830078124957
98.71845703125007 10.266015625
98.70253906250002 10.190380859374955
98.65800781249999 10.179052734374963
98.5625976562502 10.034960937500003
98.52128906250005 10.107226562499989
98.496875 10.182519531249952
98.52304687500003 10.353125
98.4649414062502 10.675830078125003
98.5009765625 10.718945312499997
98.53564453125011 10.740673828124983
98.59882812500001 10.864404296874966
98.67558593750005 10.986914062499963
98.68261718749994 11.133105468749989
98.74472656250009 11.240380859374994
98.7300781250002 11.329980468749952
98.73330078124997 11.435253906249997
98.74638671875016 11.521289062500031
98.74140625000001 11.59169921874998
98.79072265625001 11.665087890625017
98.8759765625 11.719726562500043
98.84023437500002 11.739257812500028
98.80478515625003 11.779248046874997
98.69365234375016 11.718359375000034
98.6363281250002 11.73837890625002
98.62490234375002 11.801464843749997
98.63906250000014 11.869140625000014
98.64492187500002 11.910302734374966
98.68945312500011 11.956738281250011
98.68632812499999 12.047119140625043
98.66386718750005 12.126708984375
98.6962890625 12.225244140625009
98.63056640625018 12.225488281249966
98.60029296875007 12.245312500000011
98.619140625 12.3
98.67871093749994 12.348486328124977
98.62441406249997 12.440722656250031
98.6646484375002 12.539941406249994
98.66318359375009 12.662402343749974
98.63564453124997 12.770507812499972
98.63710937500002 12.848242187500006
98.59511718749997 12.986035156250011
98.57597656250016 13.16191406249996
98.48710937499999 13.293066406250034
98.42128906250002 13.48378906249998
98.24541015625016 13.733496093749963
98.24843750000014 13.840380859374974
98.23896484375018 13.934472656249966
98.20039062500001 13.98017578125004
98.14951171875003 13.647607421874966
98.11064453125005 13.712890625000028
98.0982421875002 13.89833984374998
98.07265625000014 13.986474609374994
98.10019531250003 14.161523437500037
97.99843750000002 14.335302734375006
97.9765625 14.461474609375031
97.90976562500003 14.652685546875006
97.92929687500003 14.695556640625028
98.01875 14.652587890624986
97.93652343750011 14.763916015625014
97.86914062499994 14.738720703125026
97.81230468749999 14.858935546875003
97.79980468749994 15.184912109374977
97.74375 15.306787109375037
97.77421875000016 15.430957031250017
97.71035156250014 15.875537109374989
97.58427734374999 16.019580078125017
97.60927734375014 16.143847656250045
97.64062500000011 16.253857421874983
97.63369140625014 16.457666015625023
97.66464843750003 16.52045898437501
97.72597656250002 16.568554687499955
97.66845703125011 16.551611328124977
97.61962890625011 16.537207031249977
97.50507812500001 16.525292968750023
97.37587890625002 16.52294921875
97.33105468750011 16.671777343750023
97.26748046875014 16.743115234374983
97.21171875000016 16.89257812499997
97.17832031250009 17.06201171875003
97.20019531250011 17.09541015625001
97.10019531250009 17.16455078124997
97.07451171875016 17.206933593749994
96.97011718750014 17.31733398437501
96.85146484375002 17.401025390624994
96.87773437500005 17.3421875
96.90976562500009 17.304833984375023
96.85087890625016 17.202929687500045
96.90859375000014 17.03095703125001
96.8580078125002 16.921191406250045
96.81064453125003 16.77836914062499
96.76542968750016 16.710351562499994
96.62246093749997 16.563916015624983
96.50664062500005 16.51435546875001
96.43115234375011 16.504931640625045
96.36435546875009 16.52050781250003
96.28222656249994 16.595996093750045
96.26210937500014 16.65913085937504
96.24892578125002 16.765332031249983
96.22031250000003 16.78056640624999
96.18906250000009 16.76831054687497
96.23769531250014 16.63125
96.23671875000002 16.56743164062499
96.3243164062502 16.444433593749977
96.2930664062502 16.410058593749994
96.13505859374999 16.342529296875
96.08095703124997 16.353369140625006
96.04287109375014 16.339941406250006
96.03212890624997 16.28461914062501
96.0123046875002 16.253710937500045
95.7632812500002 16.169042968750006
95.71142578125011 16.073388671874966
95.67949218749999 15.976757812500011
95.5556640625 15.837841796874955
95.38955078124997 15.722753906250034
95.34843750000016 15.729296875000045
95.30146484375018 15.756152343750017
95.30781250000001 15.880419921875017
95.36474609375011 15.985449218750006
95.34677734375009 16.09760742187504
95.33300781250011 16.033251953125074
95.22587890625016 15.876806640624977
95.17695312500001 15.825683593749972
95.07832031250018 15.839160156250045
94.94257812500007 15.818261718749966
94.89121093750009 15.979101562500034
94.8921875000002 16.038183593750006
94.88222656250014 16.087939453125017
94.89785156250002 16.140820312499955
94.8931640625002 16.182812499999983
94.86015625000016 16.102441406250023
94.8477539062502 16.032861328124994
94.79814453125005 15.971093750000023
94.66152343750002 15.904394531250006
94.65625 15.988769531249972
94.6513671875 16.064843750000023
94.6807617187502 16.13330078125003
94.67656250000016 16.242041015625063
94.71992187500018 16.39873046874999
94.71660156250005 16.452490234375034
94.70332031250018 16.511914062499955
94.67900390624999 16.425585937500045
94.66523437500007 16.336132812499955
94.63769531250011 16.30908203125003
94.5875000000002 16.288818359375
94.49570312500003 16.186132812500034
94.44160156250007 16.094384765624994
94.29902343750007 16.00761718749999
94.22382812500018 16.016455078125006
94.21425781250002 16.126611328124994
94.27128906249999 16.517285156249983
94.32734375000007 16.572167968749994
94.35341796875014 16.639941406250017
94.4000000000002 16.86816406249997
94.45244140625005 16.954492187499994
94.47314453125 17.135449218749983
94.49433593750007 17.166552734375017
94.56445312500011 17.308544921874983
94.58896484375003 17.5693359375
94.56005859375011 17.69897460937503
94.49433593750007 17.824609374999966
94.43076171875003 18.201660156250057
94.26582031250001 18.507226562500023
94.25214843750018 18.609179687500017
94.17070312499999 18.732421875
94.2457031250002 18.74116210937501
94.09130859375011 18.849218749999977
94.07001953125001 18.893408203125006
94.03896484375002 19.14619140625001
94.04492187499994 19.28740234374999
94.02246093750011 19.26879882812503
94.0015625000002 19.181787109374966
93.9410156250002 19.146093749999977
93.96806640625005 18.995068359374955
93.96132812499997 18.958398437500023
93.92919921875011 18.89965820312497
93.80009765624999 18.960595703125023
93.70546875000002 19.026904296875045
93.59814453125 19.1884765625
93.49306640624997 19.369482421875006
93.53056640625016 19.397558593749977
93.57861328125011 19.40117187499999
93.72802734375 19.266503906249994
93.82490234375018 19.238476562499983
93.88613281250014 19.271923828124955
93.96201171875003 19.329345703125
93.9981445312502 19.440869140624983
93.96074218750016 19.48168945312497
93.88789062500007 19.50390624999997
93.83955078125007 19.534130859374983
93.76992187499997 19.609570312499983
93.76103515625016 19.648046875
93.73955078125005 19.697265625
93.66875000000016 19.731982421875074
93.61171875000002 19.776074218749983
93.65986328125001 19.854150390624994
93.70703124999994 19.91215820312499
93.58183593750005 19.909570312499994
93.43906250000009 20.009423828124994
93.40957031250014 20.03833007812503
93.3623046875 20.05830078125001
93.25000000000011 20.070117187500017
93.15664062500002 20.040771484375
93.19902343750005 19.898339843750023
93.19062500000018 19.851220703125023
93.12949218750009 19.858007812499977
93.00195312500011 20.074853515625023
93.04033203125005 20.129785156250023
93.09550781249999 20.181347656249955
93.06835937499994 20.18867187500001
93.01513671874994 20.185253906249955
93.06679687500002 20.377636718749983
93.03535156250018 20.406152343749994
93.01875000000018 20.346044921875006
92.99072265624994 20.287988281249994
92.88212890625016 20.152148437500045
92.82832031250018 20.177587890624977
92.79121093750018 20.21142578125003
92.84355468749999 20.282617187499966
92.87167968750003 20.30175781249997
92.89111328125011 20.34033203125
92.8506835937502 20.41484374999999
92.78691406249999 20.469042968750017
92.73564453125016 20.56269531250001
92.70898437500011 20.56396484375
92.73261718750007 20.45336914062503
92.72285156250018 20.295605468749955
92.60800781250009 20.469873046875023
92.37832031249997 20.717578125000045
92.32412109375014 20.791845703124977
92.31191406250014 20.86445312500004
92.28623046875003 20.93159179687504
92.26845703124997 21.00468749999999
92.26445312500016 21.06147460937501
92.21474609374997 21.112695312499966
92.19199218750003 21.202246093750006
92.17958984375002 21.293115234374966
92.20820312500007 21.35786132812501
92.27968750000014 21.427587890625006
92.33056640625011 21.439794921875006
92.37265625000009 21.409033203125034
92.471875 21.362988281249983
92.53916015625009 21.31982421874997
92.56855468750001 21.263330078125023
92.59980468750018 21.270166015624994
92.63164062499999 21.306201171875045
92.62529296875005 21.350732421874966
92.59345703125001 21.467333984375017
92.58427734375005 21.609033203125023
92.58281249999999 21.940332031250023
92.57490234375007 21.978076171875074
92.63037109375011 22.011328125
92.65263671874999 22.049316406250085
92.67470703125014 22.106005859375102
92.68896484375011 22.130957031250034
92.72099609375027 22.132421874999977
92.77138671875014 22.104785156250017
92.85429687500016 22.010156250000108
92.9094726562501 21.98891601562505
92.96455078125013 22.003759765625063
93.02197265625023 22.14570312500001
93.04296875000011 22.18398437499999
93.07060546875016 22.20942382812504
93.12148437500025 22.205175781250063
93.15117187500016 22.23061523437508
93.1624023437501 22.29189453125005
93.16201171875014 22.360205078125006
93.10507812500015 22.547119140625085
93.08818359375022 22.63325195312504
93.07871093750032 22.71821289062504
93.11425781250006 22.805712890625017
93.16250000000025 22.907958984375057
93.1509765625002 22.99731445312497
93.16416015625032 23.032031250000102
93.20390625000016 23.03701171875005
93.2535156250002 23.01547851562512
93.30800781250014 23.030371093750034
93.34941406250005 23.084960937500057
93.36601562500005 23.132519531249983
93.39130859375001 23.339160156250074
93.40810546875008 23.528027343750068
93.41494140625014 23.68208007812501
93.37255859375011 23.774169921875142
93.30732421875018 24.021875
93.3262695312502 24.064208984375057
93.35556640625003 24.07412109375005
93.45214843750011 23.987402343750063
93.4937500000002 23.972851562500097
93.56406250000003 23.98608398437497
93.63330078125011 24.00537109374997
93.68339843750005 24.00654296875004
93.75585937500017 23.976904296875034
93.85546875000011 23.943896484375074
94.0108398437502 23.902929687500063
94.0748046875002 23.8720703125
94.12763671875024 23.87646484375
94.17031250000014 23.972656250000057
94.21972656250017 24.113183593750108
94.29306640625009 24.321875
94.37724609374999 24.473730468750006
94.39941406250006 24.51406250000005
94.4931640625 24.63764648437501
94.5840820312502 24.767236328125108
94.66328125000018 24.93100585937509
94.70761718750015 25.04873046875008
94.70371093750009 25.097851562499983
94.67529296874994 25.138574218750108
94.61562500000014 25.164599609375074
94.5665039062502 25.191503906250034
94.55302734375022 25.215722656249994
94.55439453125001 25.243457031250074
94.57988281250016 25.319824218750085
94.6228515625001 25.410009765624977
94.66777343750005 25.458886718749994
94.78583984375018 25.519335937500045
94.86113281250016 25.597216796875102
94.94570312499997 25.700244140625045
94.99199218749999 25.77045898437504
95.0152343750002 25.912939453125034
95.04072265625018 25.941308593750023
95.09296875000013 25.9873046875
95.1324218750002 26.04125976562497
95.12929687500008 26.070410156250034
95.10839843750011 26.091406250000063
95.06894531250003 26.19111328125004
95.0508789062502 26.347265625000063
95.05976562500013 26.473974609375006
95.0894531250002 26.525488281250034
95.12871093750016 26.59726562500009
95.20146484375016 26.641406250000017
95.30507812500002 26.67226562500008
95.46386718750011 26.756054687500097
95.7383789062502 26.950439453125085
95.83730468750008 27.01381835937505
95.90527343750006 27.04663085937497
95.97089843750024 27.12807617187505
96.06142578125008 27.217089843750074
96.19082031249997 27.261279296875017
96.27421875000022 27.27836914062513
96.66572265625018 27.33925781250008
96.73164062500001 27.331494140625097
96.79785156250011 27.296191406250017
96.88027343750014 27.177832031250063
96.95341796875016 27.133300781250057
97.03808593750023 27.102050781250085
97.10205078125011 27.11542968750004
97.10371093750018 27.163330078125142
96.9019531250002 27.439599609375108
96.88359375000016 27.514843750000068
96.87685546875014 27.586718750000045
96.89970703125016 27.64384765624996
96.96279296875014 27.698291015625045
97.04970703124997 27.760009765625
97.15781250000015 27.83686523437504
97.22607421875011 27.890039062500023
97.30615234375011 27.907080078125034
97.33515625000007 27.93774414062497
97.34355468749999 27.982324218749994
97.33916015625016 28.03085937500012
97.30273437500011 28.08598632812499
97.31025390625013 28.155224609375068
97.32246093750007 28.217968749999955
97.35644531249994 28.254492187500034
97.43144531250016 28.353906250000023
97.47773437500007 28.425634765624977
97.50214843750007 28.456347656250017
97.53789062500016 28.510205078124983
97.5992187500002 28.517041015624955
97.65888671875001 28.5
97.69462890625005 28.469335937500006
97.73007812500003 28.40712890625005

