23.59492187500001 -17.59941406249996
23.79921875000008 -17.560156249999963
24.03691406249999 -17.52089843750005
24.227148437500034 -17.48955078124996
24.27490234375 -17.481054687500006
24.73291015625003 -17.517773437500026
24.932421875000017 -17.54345703125003
25.001757812500017 -17.568554687499983
25.09218750000005 -17.634375
25.258789062500057 -17.79355468749999
25.21601562500004 -17.78759765625003
24.90908203125005 -17.821386718749977
24.79218750000004 -17.864648437499994
24.530566406250017 -18.052734374999943
24.474902343750045 -18.028515624999983
24.412207031249977 -17.989453125000026
24.358984375000063 -17.97822265625004
24.243945312500074 -18.023437500000014
24.12929687500008 -18.077539062500023
24.00263671875004 -18.15410156249999
23.898339843750023 -18.22919921875001
23.8642578125 -18.26953124999997
23.700488281250017 -18.42431640624997
23.64716796875001 -18.449414062500026
23.599707031250006 -18.459960937499957
23.58056640625003 -18.45292968750003
23.560156250000034 -18.386425781249983
23.459765625000017 -18.231054687500034
23.298632812500045 -18.027343750000014
23.251562500000063 -18.00751953124997
23.219335937500063 -17.999707031249983
23.099902343750074 -18.00957031250003
22.752734375000045 -18.0671875
22.460058593750006 -18.115722656249986
22.01142578125001 -18.19863281250001
21.52968750000008 -18.265625
21.232519531250034 -18.306835937500026
20.974121093750057 -18.318847656249986
20.97431640625001 -18.52050781250003
20.975 -18.928515625000017
20.9755859375 -19.336425781249986
20.976171875000034 -19.74433593749997
20.976855468750074 -20.152343749999957
20.977441406250023 -20.56025390625001
20.978125 -20.96816406249998
20.97871093750001 -21.376074218750034
20.979296875000045 -21.784082031250023
20.9794921875 -21.961914062500014
20.970996093750045 -22.000195312499997
20.82275390625003 -22.000195312499997
20.4875 -22.000195312499997
20.205371093750017 -22.000195312499997
19.977343750000017 -22.000195312499997
19.977636718750006 -22.24257812499999
19.97792968750005 -22.52929687499997
19.97822265625004 -22.81591796875
19.978515625 -23.102539062499957
19.97890625000008 -23.38916015625
19.979296875000074 -23.67578125000003
19.979589843750034 -23.962402343749986
19.979882812500023 -24.24902343750003
19.980175781250068 -24.53574218749999
19.98046875000003 -24.751953124999986
19.98046875000003 -24.77675781249998
19.98046875000003 -25.196777343750014
19.98046875000003 -25.641601562499957
19.98046875000003 -26.086328124999966
19.98046875000003 -26.531152343749994
19.98046875000003 -26.975976562500023
19.98046875000003 -27.42070312500003
19.98046875000003 -27.865527343749974
19.98046875000003 -28.310351562500003
19.98046875000003 -28.45126953125002
19.877832031249994 -28.449414062499997
19.671484375000063 -28.50390625
19.539843750000074 -28.574609375
19.48291015625003 -28.66162109374997
19.407226562500057 -28.71445312499999
19.312695312500068 -28.73330078125001
19.27099609375 -28.777734375
19.2822265625 -28.847949218750003
19.24580078125004 -28.90166015625003
19.161718750000034 -28.93876953125003
19.02607421875004 -28.927929687500054
18.83876953125005 -28.86914062499997
18.600390625000074 -28.85527343749999
18.310839843750074 -28.886230468749986
18.10273437500004 -28.871679687499963
17.97607421875 -28.811328125
17.841601562500045 -28.77695312500002
17.699316406250006 -28.76835937499996
17.616796875000063 -28.74306640625005
17.44794921875004 -28.698144531250037
17.41572265625004 -28.62109374999997
17.395898437499994 -28.562695312499983
17.347851562500068 -28.50117187499997
17.342578125000074 -28.451660156250014
17.380273437500023 -28.413964843749966
17.38574218749997 -28.353222656250026
17.358691406250074 -28.26943359375001
17.312011718750057 -28.22861328125005
17.245800781250068 -28.230859374999966
17.20458984375003 -28.19882812500002
17.18847656250003 -28.13251953125001
17.149414062500057 -28.08222656249997
17.05625 -28.03105468750003
16.93330078125001 -28.06962890624999
16.875292968750074 -28.127929687499957
16.84121093750008 -28.218945312500026
16.810156250000034 -28.264550781249994
16.794531250000063 -28.340820312499986
16.7875 -28.39472656250004
16.75576171875008 -28.452148437500014
16.72304687500005 -28.47548828124998
16.689453125000057 -28.464941406249963
16.62617187500004 -28.48789062500002
16.487109375000045 -28.572851562500006
16.447558593750074 -28.617578124999966
16.335058593750063 -28.53652343749998
16.007128906250045 -28.231738281249974
15.890917968749989 -28.152539062499997
15.719042968750074 -27.96582031249997
15.341503906250068 -27.38652343749999
15.28759765625 -27.275
15.215722656250023 -26.995117187500014
15.1328125 -26.787597656250014
15.123730468750011 -26.66787109375005
15.163281250000011 -26.60019531250002
15.139062500000051 -26.508007812499983
15.09658203125008 -26.425781250000014
14.967773437500057 -26.31806640625001
14.93125 -25.95820312499997
14.845214843750028 -25.725683593750034
14.86367187500008 -25.53359375
14.822558593750045 -25.358593750000026
14.818554687500011 -25.246386718750003
14.837109375000068 -25.033203125
14.767968750000023 -24.78798828125005
14.6279296875 -24.54804687500001
14.5015625 -24.20195312500003
14.483398437500057 -24.050390624999963
14.496875 -23.64287109374999
14.472460937500045 -23.476660156249963
14.47382812500004 -23.281152343750023
14.423828125 -23.07861328124997
14.403320312499972 -22.968066406250003
14.438476562500028 -22.880566406250026
14.459277343750017 -22.90820312499997
14.495703125000063 -22.92138671875
14.519921875000023 -22.805175781250043
14.525976562500006 -22.702539062499994
14.462792968750023 -22.44912109374998
14.321875 -22.189941406250014
13.973242187500034 -21.767578125000043
13.88808593750008 -21.606640625000026
13.839355468750028 -21.47324218750002
13.450585937500051 -20.91669921874997
13.284375 -20.523925781249986
13.168359375000023 -20.184667968749963
13.042089843750034 -20.02822265624998
12.458203125000011 -18.926757812500014
12.328710937500006 -18.75107421875002
12.095703125000057 -18.540917968750023
12.041210937500068 -18.470703125000014
11.951367187500068 -18.2705078125
11.77587890625 -18.00175781249996
11.733496093749977 -17.75097656250003
11.721679687499972 -17.466796875000043
11.74306640625008 -17.249218750000026
11.902539062500068 -17.22656250000003
12.013964843750017 -17.168554687500034
12.114355468750034 -17.164550781250014
12.213378906250057 -17.20996093750003
12.318457031250063 -17.213378906250014
12.359277343750023 -17.20585937499999
12.548144531250045 -17.21269531249996
12.656542968750017 -17.16054687499999
12.78515625 -17.10820312499999
12.859277343750023 -17.06259765625002
12.963183593750045 -17.015429687500003
13.101171875 -16.967675781249966
13.179492187500045 -16.97167968749997
13.275683593750017 -16.989550781249974
13.40371093750008 -17.00781249999997
13.475976562500051 -17.040039062499957
13.56171875000004 -17.141210937499963
13.694335937500057 -17.23349609375002
13.791992187500057 -17.288378906250017
13.90419921875008 -17.36074218750001
13.937988281250028 -17.388769531250034
13.987402343750063 -17.40419921874998
14.01748046875008 -17.40888671874997
14.225878906250074 -17.397753906250003
14.414746093750011 -17.3876953125
14.617968750000017 -17.387988281249974
15.000585937500063 -17.388574218749994
15.383203125000051 -17.38916015625003
15.765820312500011 -17.389648437499957
16.148437500000057 -17.390234374999977
16.531054687500017 -17.39082031250001
16.913671875 -17.39140625
17.29628906250005 -17.39199218749998
17.678808593750006 -17.392578125000014
17.835351562499994 -17.39277343749997
18.108789062500023 -17.39599609375
18.39638671875008 -17.399414062499986
18.42822265625 -17.40517578125001
18.46035156250005 -17.424609374999974
18.486621093750074 -17.442773437500023
18.588183593750074 -17.57001953125001
18.718066406250074 -17.703222656249977
18.825976562500017 -17.76630859375004
18.955273437499983 -17.803515624999974
19.076464843750074 -17.817675781250017
19.189453125 -17.808496093750023
19.37714843750004 -17.825488281250017
19.63935546875001 -17.868652343750014
19.91181640625001 -17.88134765625003
20.1943359375 -17.86367187499998
20.39296875000005 -17.88740234375001
20.507617187500045 -17.952539062499966
20.625097656250006 -17.99667968749999
20.745507812500023 -18.01972656249997
20.908300781250063 -18.006054687500026
21.11347656250004 -17.955761718749997
21.287890625000045 -17.962988281249963
21.36875 -17.99951171875003
21.416894531250023 -18.000683593749997
21.71845703125001 -17.94775390624997
21.96083984375008 -17.905175781249994
22.32421875000003 -17.8375
22.6240234375 -17.781640624999966
23.068261718750023 -17.698828124999963
23.380664062500074 -17.640625

