88.15029296875014 27.843310546875102
88.15429687500011 27.798681640625063
88.14697265625011 27.749218750000125
88.10556640625009 27.642431640625034
88.06787109375006 27.56738281250003
88.02412109375024 27.408886718750068
87.98437500000011 27.133935546874994
87.99316406250011 27.086083984375023
88.11103515625018 26.928466796875057
88.15722656250006 26.807324218750068
88.16152343750014 26.72480468750004
88.11152343750018 26.58642578125
88.05488281250007 26.430029296875034
88.02695312500015 26.395019531250085
87.99511718750006 26.382373046875017
87.84921875000009 26.436914062500108
87.74882812499999 26.429296874999977
87.63339843750009 26.39912109375004
87.51308593750008 26.404980468749983
87.41357421875006 26.42294921875009
87.28740234375005 26.36030273437504
87.16679687500016 26.394238281250125
87.08955078125007 26.433203125000063
87.0378906250001 26.541601562500034
87.01640624999999 26.555419921875085
86.7625 26.441943359375074
86.70136718750018 26.435058593750085
86.54365234375013 26.49599609375005
86.41445312500008 26.55629882812508
86.36611328125014 26.57441406250004
86.24160156250014 26.597998046875063
86.12939453125011 26.611718750000023
86.00732421875011 26.64936523437504
85.85566406250013 26.600195312499977
85.79453125000009 26.60415039062508
85.73730468750011 26.639746093750034
85.70742187500014 26.71264648437497
85.69990234375001 26.78164062499999
85.64843750000011 26.82900390625005
85.56845703125003 26.839843750000114
85.45644531250014 26.797216796875063
85.29296875000006 26.741015625000074
85.240234375 26.750341796875006
85.19179687500014 26.766552734375125
85.17412109374999 26.78154296874996
85.15156250000001 26.846630859375097
85.12539062500014 26.860986328124994
85.08730468750008 26.862939453125023
85.02011718750009 26.878515625
84.93720703125018 26.926904296875108
84.68535156250016 27.041015625000085
84.65380859375006 27.091699218750108
84.65478515625006 27.20366210937499
84.64072265625003 27.249853515625006
84.61015625000016 27.298681640625006
84.48085937500008 27.34819335937513
84.22978515624999 27.427832031250006
84.09101562500007 27.49135742187508
84.02480468750008 27.46166992187497
83.89716796875018 27.435107421875074
83.82880859375001 27.377832031250136
83.74697265625014 27.395947265625097
83.55166015625014 27.45634765624996
83.44716796875008 27.46533203125003
83.38398437500007 27.444824218750114
83.36943359375005 27.410253906249977
83.28974609375018 27.37099609375008
83.2138671875 27.40229492187504
83.06406250000009 27.44453125000004
82.93281250000018 27.467675781250136
82.73339843750006 27.518994140625125
82.71083984375008 27.596679687500142
82.67734375000009 27.673437500000034
82.62988281250011 27.687060546875074
82.45136718750018 27.671826171874983
82.2876953125002 27.75654296875001
82.11191406250009 27.864941406250068
82.03701171875014 27.90058593750004
81.98769531250014 27.913769531250068
81.94521484375008 27.899267578125034
81.896875 27.874462890625068
81.8526367187502 27.86708984375005
81.75722656250014 27.913818359375085
81.63554687500005 27.98046874999997
81.48603515625007 28.062207031250125
81.31083984375005 28.17636718750009
81.23896484375018 28.240869140625108
81.20625000000018 28.289404296875034
81.16894531250011 28.335009765625102
81.0166015625 28.409570312499994
80.8960937500002 28.46855468750013
80.75078124999999 28.53969726562505
80.72617187500026 28.553906250000097
80.67128906250014 28.596240234375017
80.58701171875003 28.649609375000068
80.5178710937501 28.665185546875023
80.49580078125018 28.635791015625074
80.47910156250009 28.604882812499994
80.41855468750009 28.61201171875004
80.3248046875002 28.666406250000108
80.22656250000006 28.723339843750068
80.14960937500018 28.776074218750068
80.07070312500002 28.830175781250063
80.05166015625014 28.870312500000068
80.08457031250009 28.994189453125102
80.13046875000009 29.100390625000045
80.16953125000009 29.12431640625013
80.23300781250003 29.194628906250074
80.2559570312502 29.31801757812508
80.25488281250017 29.423339843750114
80.31689453125006 29.572070312500045
80.40185546875006 29.73027343750013
80.54902343750018 29.899804687500023
80.61289062500015 29.955859375000074
80.68408203125011 29.994335937500097
80.81992187500003 30.119335937499983
80.84814453125011 30.139746093750063
80.90761718750008 30.171923828125045
80.96611328124999 30.18002929687509
81.01025390625011 30.16450195312504
81.05556640625002 30.098974609375006
81.1103515625 30.036816406249955
81.17714843750002 30.039892578125063
81.25507812500018 30.093310546875017
81.41718750000007 30.337597656249955
81.64189453124999 30.3875
81.85488281250014 30.362402343750034
82.04335937500008 30.326757812500063
82.09892578125005 30.24506835937501
82.13535156250009 30.15898437499999
82.15898437499999 30.11518554687504
82.22070312500006 30.063867187499966
82.48652343750007 29.941503906250006
82.64082031250001 29.831201171874994
82.85429687499999 29.68339843749999
83.01396484375005 29.618066406249994
83.15546875000018 29.612646484375063
83.23515625000005 29.55458984375005
83.35517578125007 29.439160156249983
83.45664062500003 29.30634765625001
83.58349609375006 29.18359375000003
83.67109375000007 29.187597656250063
83.79042968750014 29.227441406249994
83.93593750000002 29.27949218750004
84.02197265625006 29.253857421874955
84.10136718750016 29.219970703125
84.12783203125014 29.15629882812499
84.17558593750005 29.03637695312497
84.22871093750007 28.911767578124994
84.31210937500009 28.868115234374983
84.41074218750009 28.803906249999955
84.46542968750003 28.752929687500057
84.65058593750001 28.65957031250005
84.67675781250011 28.62153320312501
84.71425781250014 28.595556640625063
84.759375 28.579248046875023
84.796875 28.56020507812505
84.85507812500015 28.55361328125005
85.06914062500005 28.60966796874999
85.12636718750014 28.602636718749977
85.15908203125008 28.59223632812501
85.16015625000011 28.571875
85.12148437500014 28.484277343750023
85.08857421875007 28.372265624999955
85.12246093750008 28.315966796875017
85.21210937500001 28.292626953124994
85.41064453125006 28.276025390624966
85.67832031250003 28.277441406250006
85.75947265625018 28.220654296874983
85.84023437500002 28.135351562500006
85.9216796875001 27.989697265624983
85.95410156250011 27.92822265625
85.99453125000008 27.910400390625
86.06416015625007 27.934716796874994
86.07548828125005 27.99458007812501
86.0787109375002 28.083593750000034
86.13701171875005 28.114355468749977
86.17421875000002 28.091699218749994
86.21796875000007 28.022070312500006
86.32861328125011 27.95952148437499
86.40869140625011 27.928662109374983
86.48496093750009 27.939550781250006
86.51689453124999 27.963525390624994
86.55449218750005 28.085205078125
86.61445312500007 28.10302734375
86.69052734375003 28.09492187500004
86.71962890625002 28.070654296875063
86.75039062500008 28.022070312500006
86.84238281250009 27.999169921874966
86.93378906250001 27.96845703125001
87.02011718750003 27.928662109374983
87.14140625000005 27.838330078124983
87.29072265625013 27.821923828125023
87.46416015624999 27.823828125000034
87.55527343750009 27.82182617187499
87.62255859375011 27.81518554687497
87.68271484375009 27.821386718749977
87.86074218750014 27.886083984375034
87.93339843750005 27.89082031250001
88.02333984375014 27.883398437500006
88.10976562499997 27.87060546874997

