167.5126953125001 -22.6611328125
167.4734375 -22.653320312500014
167.44375 -22.63916015624997
167.4220703125 -22.618554687500037
167.44345703125003 -22.541406250000037
167.52949218750018 -22.579199218750006
167.5444335937501 -22.62324218750001

168.05791015625016 -21.44843750000004
168.13906250000002 -21.445214843749994
168.1207031250001 -21.615820312500034
168.0064453125001 -21.643164062500006
167.966796875 -21.641601562500043
167.94130859375014 -21.605761718750017
167.87587890625014 -21.582128906250006
167.87910156250007 -21.523632812499983
167.81542968749994 -21.39267578125005
167.9259765625 -21.372851562500003
167.98847656250007 -21.337890624999986
167.98496093750003 -21.36972656249999
167.99462890624994 -21.40693359375001
168.01093750000018 -21.429980468750003

167.3461914062501 -21.16875
167.2732421875 -21.096777343749977
167.1338867187502 -21.06064453124999
167.07265624999997 -20.99726562500004
167.0327148437501 -20.92255859375001
167.11171875000014 -20.90410156249999
167.189453125 -20.803515625
167.13642578125 -20.76611328125003
167.04501953125003 -20.75947265625001
167.0557617187502 -20.72021484375
167.20400390625002 -20.673535156249997
167.26894531250002 -20.700585937499994
167.29794921875003 -20.73251953125002
167.2934570312501 -20.891503906249994
167.36083984375 -20.942089843749997
167.43056640624997 -21.05527343750005
167.4302734375002 -21.087011718750034
167.40087890625 -21.16064453125003

166.49355468750014 -20.708593750000034
166.55781250000018 -20.617089843750037
166.5596679687502 -20.561132812500006
166.5854492187501 -20.45048828125003
166.58251953124994 -20.413378906250017
166.62470703125 -20.41826171875003
166.67080078125002 -20.45019531249997
166.61787109375007 -20.47753906250003
166.60029296875 -20.525390625000014
166.60214843750003 -20.585351562499966
166.62255859374994 -20.596289062499977
166.5888671875001 -20.66191406250003
166.54677734374997 -20.69873046874997

164.31513671875018 -20.308886718750045
164.43593749999997 -20.28222656250003
164.58808593750018 -20.38115234375003
164.9756835937501 -20.681054687500023
165.11191406250003 -20.74453125
165.19179687499997 -20.76884765624996
165.25234375000014 -20.81796875000002
165.3066406250001 -20.88701171874996
165.38056640625007 -20.93583984374996
165.4125 -20.981347656249994
165.4205078125002 -21.04277343749999
165.44716796875014 -21.080566406249957
165.58242187499997 -21.17998046874996
165.66279296875018 -21.267187499999963
165.77460937500007 -21.311718749999983
165.8228515625002 -21.363769531250014
165.88535156250003 -21.389160156250043
165.94951171875016 -21.442382812500043
166.05781250000018 -21.48388671874997
166.3033203125002 -21.63720703125003
166.49296875000005 -21.782812500000034
166.5875000000002 -21.87285156249999
166.6896484375 -21.95302734374998
166.82011718750016 -22.01699218750005
166.9423828125001 -22.09013671875003
167.00429687500002 -22.26152343750003
166.9703125000002 -22.322851562500006
166.9 -22.353320312500003
166.83496093749994 -22.355468749999986
166.77412109375018 -22.37617187500004
166.57060546875005 -22.26552734375005
166.52216796875 -22.24921875000001
166.46796875000018 -22.256054687499983
166.4376953125 -22.231542968749963
166.41640625000014 -22.19619140625005
166.29228515625 -22.155078125000017
166.17666015624997 -22.089160156250003
166.1431640625001 -22.044433593750043
166.12373046875 -21.988769531249986
166.09609374999997 -21.956640625
165.93300781249997 -21.908007812500045
165.82343750000007 -21.853808593750017
165.74384765625018 -21.777343749999986
165.6202148437502 -21.72421875
165.42763671875014 -21.615039062500045
165.32861328124994 -21.58007812500003
165.24199218750016 -21.525488281250006
165.01015625000002 -21.32685546875004
164.92744140625 -21.28984375
164.85527343750016 -21.2015625
164.65566406249997 -20.992089843749966
164.55947265625014 -20.90585937499999
164.4546875000001 -20.829101562499986
164.3745117187501 -20.73925781249997
164.31289062499997 -20.632714843750023
164.16972656250005 -20.48017578125004
164.1521484375 -20.41494140624998
164.15810546875014 -20.347949218750017
164.12363281250003 -20.304882812500026
164.0650390625002 -20.278613281250003
164.03730468750007 -20.233593749999983
164.04052734375 -20.172851562500043
164.0596679687501 -20.14150390625005
164.20234375000018 -20.246093750000043

159.93642578125002 -19.33310546875002
159.9282226562501 -19.17431640625
159.95986328124997 -19.114648437500023
159.97509765625 -19.238281249999986
159.9517578125002 -19.311718750000026

