169.2334960937502 -52.548242187499994
169.1275390625002 -52.57031249999996
169.0759765625 -52.55185546875002
169.03984375 -52.52851562499997
169.02177734375016 -52.495410156249974
169.0791015625001 -52.49882812500005
169.12861328125018 -52.48515625000002
169.17822265624994 -52.497265625

166.24287109375007 -50.84570312499997
166.18789062500014 -50.846093749999966
166.07324218749994 -50.82265624999999
166.0376953125001 -50.786718750000034
166.0132812500001 -50.77792968750002
165.97138671875018 -50.81953124999997
165.90410156250016 -50.82148437500001
165.8891601562501 -50.80771484375005
165.915625 -50.763085937500016
166.0738281250001 -50.67900390625003
166.1031250000002 -50.573046875000024
166.1013671875 -50.53896484375001
166.22509765625 -50.530957031249976
166.25429687499997 -50.54394531249996
166.26748046875002 -50.558593750000014
166.259375 -50.57724609374999
166.2095703125002 -50.61201171874997
166.20761718750003 -50.652441406250034
166.22041015625018 -50.69433593750004
166.1794921875 -50.71464843750001
166.2007812500002 -50.750878906250016
166.22109375000014 -50.76152343750005

168.14531250000005 -46.90214843750002
168.0410156250001 -46.88779296875002
168.04316406250018 -46.9326171875
168.12548828125 -46.956152343750006
168.15595703125007 -46.98828124999997
168.24140625000007 -46.97900390625004
168.26064453124997 -47.027050781250054
168.24091796875007 -47.07001953125001
168.18388671875016 -47.10156249999996
168.01503906250014 -47.11748046875
167.90556640625005 -47.17988281250001
167.81074218750018 -47.17041015625004
167.78496093750016 -47.176074218750045
167.67636718750003 -47.24296874999999
167.55488281250018 -47.26367187500003
167.52197265624994 -47.258691406249994
167.53876953125018 -47.1990234375
167.6290039062502 -47.14228515625
167.63095703125003 -47.087792968749994
167.65410156250016 -47.04423828125
167.74091796875007 -47.01357421874998
167.7419921875 -46.956835937500045
167.8007812500001 -46.90654296875002
167.76523437500003 -46.797656250000045
167.78398437500016 -46.699804687500006
167.95576171875007 -46.69443359374998
168.14492187500014 -46.86220703124995

166.741015625 -45.70498046875001
166.72919921875018 -45.72968749999998
166.69453125000007 -45.72988281250002
166.64248046875002 -45.72441406250006
166.59169921874997 -45.70175781249998
166.5591796875002 -45.70820312500004
166.53203125000016 -45.69980468750002
166.56708984375 -45.64443359375002
166.6856445312502 -45.61503906249999
166.7314453125001 -45.638671875
166.7462890625 -45.655859375000034

167.02265625 -45.29980468749997
166.9311523437501 -45.276855468750014
166.8926757812502 -45.240527343749974
166.96269531250016 -45.18037109374998
166.9794921875001 -45.179687500000014

-176.22080078125003 -44.33056640624996
-176.21459960937503 -44.27353515624998
-176.229296875 -44.23671875000002
-176.1546875 -44.22451171875002
-176.12255859375 -44.26845703125001
-176.17646484374998 -44.32167968750001

-176.21352539062497 -43.766308593750026
-176.27485351562504 -43.76484375
-176.38173828124997 -43.86679687499998
-176.37524414062497 -43.790625
-176.40737304687497 -43.7609375
-176.49912109374998 -43.76806640625003
-176.51655273437498 -43.78476562499996
-176.45493164062503 -43.80488281249998
-176.441259765625 -43.81611328125004
-176.50014648437502 -43.860156250000045
-176.43911132812502 -43.954687500000034
-176.38544921875 -43.95146484375
-176.33359375000003 -44.02529296875002
-176.33383789062498 -44.048437500000034
-176.45278320312497 -44.076855468750054
-176.51552734374997 -44.11660156249998
-176.571533203125 -44.11494140625
-176.59799804687498 -44.10722656250002
-176.62934570312507 -44.036132812500014
-176.63154296874995 -44.00625
-176.562744140625 -43.9541015625
-176.52377929687503 -43.90097656250002
-176.55512695312504 -43.85195312499998
-176.63457031249996 -43.820214843749994
-176.80795898437503 -43.83457031249999
-176.84765625000003 -43.82392578125004
-176.76108398437498 -43.757910156250006
-176.66723632812494 -43.76513671874996
-176.56611328125004 -43.717578125000045
-176.17763671874997 -43.74033203124998

173.78085937500026 -40.921777343749966
173.7862304687501 -40.881445312500006
173.81240234375014 -40.79365234374997
173.8733398437501 -40.74931640625
173.90332031250017 -40.7462890625
173.9644531250002 -40.71298828124996
173.9580078125001 -40.78681640625
173.91464843750015 -40.86367187500002

173.23085937500014 -41.284179687499986
173.33779296875008 -41.210937499999986
173.44726562500017 -41.151367187500014
173.56250000000017 -41.10205078125
173.7378906250002 -40.98896484374997
173.78378906250015 -40.972363281250054
173.8975585937502 -40.95078125
173.9471679687502 -40.92412109374999
174.0024414062501 -40.91777343750003
173.95283203125013 -40.98486328125003
173.88984375000024 -41.007226562499966
173.87988281250017 -41.03144531250001
173.91513671875026 -41.07011718749999
173.8603515625001 -41.12441406250004
173.86240234374998 -41.192089843750054
173.79785156250017 -41.271972656249986
173.89707031250015 -41.239355468750006
173.93339843750005 -41.18730468750006
173.91464843750015 -41.15800781250003
173.9576171875002 -41.09990234375002
174.02402343750026 -41.07226562499997
173.99755859375017 -41.028125
173.9994140625002 -40.99326171875005
174.08056640625006 -41.00615234375
174.12119140625015 -41.004687499999974
174.15322265625008 -40.99091796875001
174.21181640625014 -40.98544921874996
174.22382812500007 -41.0244140625
174.30253906250016 -41.019531249999986
174.27392578125017 -41.06875
174.21367187500016 -41.125585937500006
174.1995117187501 -41.16015625000003
174.1031250000002 -41.21738281249996
174.03857421875017 -41.24189453124998
174.1380859375002 -41.24824218750004
174.2835937500002 -41.171582031250054
174.37011718750006 -41.10371093749998
174.36757812500008 -41.18837890625001
174.29726562500014 -41.264257812500006
174.23710937499993 -41.31220703125001
174.1695312500002 -41.32705078125001
174.10205078125017 -41.365917968750026
174.06933593750006 -41.42949218750002
174.07294921875024 -41.471679687499986
174.09238281250015 -41.505175781249974
174.1611328125001 -41.56181640625006
174.08369140625013 -41.670800781249966
174.1699218750001 -41.65722656249996
174.21708984375016 -41.67773437499996
174.28310546875008 -41.740625
174.24335937500018 -41.813085937500006
174.21542968750015 -41.850195312500006
174.0472656250002 -42.00302734374998
173.97392578125016 -42.08056640624996
173.88798828125022 -42.13017578125003
173.8891601562501 -42.21162109375001
173.83984375 -42.27089843750001
173.58925781250014 -42.47392578124999
173.54511718750018 -42.51796875
173.34755859375008 -42.84082031250004
173.2211914062501 -42.976562499999986
173.14882812500002 -43.022753906249974
173.0723632812501 -43.06025390624998
172.88886718750018 -43.12421875000004
172.80800781250014 -43.197753906250014
172.71855468750005 -43.258789062500014
172.62402343749994 -43.27246093750004
172.6269531250001 -43.299511718750054
172.6875000000001 -43.314648437500026
172.73476562500014 -43.35478515625003
172.6997070312501 -43.39970703125003
172.63222656250014 -43.42792968750001
172.56220703125007 -43.43603515624997
172.52666015625 -43.464746093749966
172.69345703125003 -43.44433593749997
172.7404296875 -43.46787109374998
172.74921875000007 -43.51728515625001
172.76660156249994 -43.56191406250004
172.80703125000002 -43.620996093749994
172.947265625 -43.65859375000002
173.0732421875 -43.67617187499995
173.09804687499997 -43.70351562500002
173.11689453125018 -43.79785156249997
173.0939453125 -43.84414062499998
173.065625 -43.87460937499998
173.02333984375014 -43.885449218750054
172.92060546875007 -43.89140625000002
172.81767578125016 -43.87011718750003
172.74931640625016 -43.81308593750005
172.5546875000001 -43.831347656250045
172.50273437500005 -43.843652343749966
172.47597656249997 -43.83339843750001
172.5837890625 -43.77353515624999
172.52724609375014 -43.73945312499997
172.48037109374997 -43.726660156250034
172.42968749999994 -43.74648437499998
172.39560546875003 -43.77783203124997
172.38525390625 -43.82958984375004
172.35039062500016 -43.859375
172.29658203125 -43.867871093750026
172.2207031250001 -43.825
172.14580078125016 -43.763574218749994
172.03554687500014 -43.70175781250002
172.05224609375 -43.7400390625
172.13720703125 -43.8337890625
172.17978515625003 -43.89599609374997
172.08076171875 -43.945605468750045
171.9776367187501 -43.98427734375002
171.8906250000001 -44.00693359375002
171.80839843750016 -44.04228515625003
171.71201171875003 -44.09746093749999
171.65898437500016 -44.117187500000014
171.51777343750018 -44.11835937499998
171.44257812500007 -44.13583984374999
171.41748046875 -44.20869140625
171.36455078125016 -44.25498046875002
171.24072265624994 -44.264160156250014
171.28535156250018 -44.278710937499966
171.3129882812501 -44.30185546874998
171.2310546875002 -44.52119140624998
171.21308593750018 -44.612207031249966
171.1978515625002 -44.76787109375006
171.14628906250016 -44.9123046875
170.9990234375001 -44.91142578124999
171.02285156249997 -44.93701171874996
171.13417968750002 -44.977734375
171.1132812500001 -45.03925781250001
170.9907226562501 -45.15146484375005
170.93964843750018 -45.216406250000034
170.88994140625016 -45.37392578124998
170.81523437500016 -45.51914062499999
170.70058593750014 -45.684277343750054
170.69970703124994 -45.71396484374998
170.73984375000003 -45.756054687500026
170.78847656250002 -45.792480468749986
170.7912109375 -45.84384765624996
170.77626953125002 -45.87089843750006
170.7217773437502 -45.878027343750006
170.67421875000002 -45.895703125000054
170.41914062500018 -45.94101562500005
170.3354492187501 -45.991796875
170.26679687500007 -46.082617187500034
170.18613281250003 -46.16083984374998
169.91826171875 -46.334375
169.7607421875 -46.47978515625003
169.7291015625002 -46.52138671874998
169.6866210937501 -46.55166015625002
169.34228515625 -46.62050781250001
169.0986328125001 -46.63066406250003
168.9658203125001 -46.61298828124998
168.83779296874997 -46.578222656250006
168.76679687500018 -46.56630859374998
168.6314453125002 -46.587597656250054
168.57226562499994 -46.61103515625004
168.4664062500001 -46.58789062500003
168.38212890625016 -46.60537109375004
168.35722656250005 -46.58837890625004
168.3256835937501 -46.545703125000045
168.34306640625 -46.48906250000006
168.31972656250014 -46.44716796874995
168.26621093750003 -46.41875
168.2302734375 -46.38574218749997
168.18916015625018 -46.362207031249966
168.07734375 -46.35292968750004
167.90039062499994 -46.367773437500034
167.84199218750007 -46.366210937499986
167.72207031250014 -46.22714843749999
167.6822265625002 -46.192968750000034
167.53945312500014 -46.14853515625005
167.49062500000014 -46.154687499999966
167.4142578125 -46.22890625
167.36894531250016 -46.241503906249974
167.10029296875 -46.249414062499994
166.83076171875018 -46.22548828125001
166.73154296875003 -46.19785156249996
166.71210937500018 -46.13369140624995
166.91669921875 -45.95722656249997
166.8564453125 -45.98085937499999
166.73027343750016 -46.052734374999986
166.6499023437501 -46.04169921875004
166.72695312499997 -45.963281249999966
166.73378906250014 -45.928320312500034
166.71796875 -45.88935546875
166.61269531249997 -45.955371093750045
166.49316406249994 -45.9638671875
166.4776367187502 -45.90273437499998
166.48828124999994 -45.8318359375
166.51289062500018 -45.81171875
166.8360351562502 -45.77451171874996
166.95253906250014 -45.75019531249998
167.00332031249997 -45.71210937500004
166.80996093750014 -45.699023437500045
166.79765625 -45.64560546874999
166.82558593750002 -45.60283203124999
166.9908203125002 -45.53173828124997
166.86904296874997 -45.549902343750034
166.7339843750002 -45.54355468749999
166.74306640624997 -45.468457031250054
166.7783203125 -45.40966796874997
166.91992187499994 -45.40791015624997
166.8755859375001 -45.36757812500002
166.8692382812502 -45.31123046875
166.90859375000014 -45.30742187500002
167.05214843749997 -45.383203125
167.15566406250014 -45.41093750000006
167.11210937500005 -45.35390625
167.1177734375002 -45.317968750000034
167.14531250000016 -45.301855468750034
167.2300781250001 -45.29033203125
167.20683593750016 -45.2802734375
167.12734375000014 -45.26582031249998
167.03281250000003 -45.22246093750003
167.02265625 -45.17666015625002
167.02587890624994 -45.12363281249996
167.12792968749994 -45.05078124999996
167.18818359375018 -45.09414062499999
167.25947265625 -45.08222656249997
167.20507812499994 -45.048144531250045
167.171875 -44.99707031250003
167.19453125 -44.96347656250002
167.4107421875002 -44.82792968750003
167.46621093750014 -44.95830078125003
167.47919921875 -44.915039062500014
167.48212890625018 -44.873925781249994
167.45625000000018 -44.83828125
167.4599609375001 -44.80234374999998
167.48496093750003 -44.771386718749966
167.5776367187501 -44.74082031250005
167.69814453125014 -44.641308593750026
167.78701171875014 -44.59501953125002
167.859375 -44.624707031250026
167.90898437500005 -44.66474609375001
167.9015625 -44.625
167.86640625000007 -44.59208984375003
167.8565429687501 -44.50068359374998
168.018359375 -44.35878906250002
168.19619140625002 -44.22363281250003
168.36660156249997 -44.08203125000004
168.45742187500002 -44.03056640625003
168.6509765625002 -43.97216796875004
168.77480468750002 -43.99648437500002
168.80644531250016 -43.99199218749999
168.99042968750018 -43.88994140624999
169.0665039062502 -43.86347656250001
169.13593750000007 -43.89990234374997
169.17890625000018 -43.9130859375
169.1357421875001 -43.81982421875
169.16953125000003 -43.77705078125
169.32314453125002 -43.7015625
169.51523437500003 -43.623632812500006
169.66152343750002 -43.591210937499966
169.76923828125 -43.538476562499966
169.83388671875014 -43.53701171875002
169.82402343750016 -43.49716796874999
169.8350585937502 -43.45898437500003
169.89082031250018 -43.46162109375004
169.90800781250016 -43.44658203124999
169.8589843750002 -43.425976562500054
170.017578125 -43.3494140625
170.1037109375 -43.26503906249995
170.14882812499997 -43.24755859375003
170.18964843750007 -43.222070312499994
170.24023437499994 -43.16386718750003
170.3 -43.14462890625002
170.35576171875016 -43.15361328124999
170.3960937500002 -43.18222656250005
170.37431640625 -43.13466796875004
170.3028320312502 -43.10761718750004
170.3794921875002 -43.06621093750003
170.45869140625007 -43.037695312500006
170.53583984375007 -43.05849609374998
170.61181640625 -43.091796875000014
170.53583984375007 -43.04072265625
170.52363281250007 -43.00898437500001
170.61552734375005 -42.97246093750003
170.66542968749997 -42.96123046875006
170.73525390625002 -43.029785156249986
170.72529296875 -42.97548828125002
170.74160156250014 -42.92734375
170.8403320312501 -42.84863281250003
170.969921875 -42.71835937500005
171.01142578125007 -42.76367187500004
171.01777343750018 -42.81875
171.0117187500001 -42.88505859374999
171.03837890625005 -42.86210937500002
171.04755859375 -42.801855468750006
171.02773437499997 -42.69609375000003
171.1895507812502 -42.50048828124997
171.2212890625001 -42.47861328124996
171.25703125000018 -42.465332031250014
171.31337890625002 -42.460156250000026
171.29609375000007 -42.43056640625004
171.25224609375016 -42.40195312499998
171.2964843750002 -42.302539062499974
171.32265625000014 -42.189062500000034
171.36025390625014 -42.07998046875002
171.42060546875018 -41.97304687499999
171.48623046875014 -41.79472656249999
171.53632812500007 -41.757519531250054
171.67216796875 -41.74472656250002
171.73164062500007 -41.719628906249966
171.83066406250003 -41.65517578124998
171.94804687500016 -41.53867187499996
172.0107421875 -41.44472656250001
172.0933593750002 -41.20156250000002
172.139453125 -40.947265625
172.27275390625016 -40.75869140624995
172.46816406249997 -40.622167968750034
172.640625 -40.51826171875
172.7111328125 -40.49667968750005
172.8301757812502 -40.49003906250002
172.94365234375016 -40.51875
172.73261718750007 -40.54375
172.7111328125 -40.60537109374998
172.70439453125016 -40.66777343749999
172.72890625000002 -40.7236328125
172.76679687500018 -40.77343750000003
172.86914062499994 -40.820312499999986
172.98867187499997 -40.84824218749999
173.04228515625016 -40.95361328124996
173.05214843750014 -41.07861328125003
173.06865234375005 -41.18583984375002
173.1153320312502 -41.27929687499997

175.55117187500014 -36.33388671875001
175.47460937500017 -36.31445312500004
175.4446289062501 -36.27324218749999
175.3587890625002 -36.230664062500026
175.3461914062501 -36.21777343749997
175.33662109375013 -36.13476562500003
175.38164062500005 -36.09482421874998
175.38955078125008 -36.07773437500005
175.40937500000018 -36.07089843749998
175.44433593750006 -36.11464843750001
175.51259765625008 -36.17695312500001
175.54316406250013 -36.279296874999986

173.28457031250002 -34.98056640624999
173.33994140625015 -34.94794921875
173.3812500000002 -34.896484375
173.44785156250026 -34.844335937500034
173.43867187500018 -34.928515625000045
173.47265625000017 -34.94697265624998
173.69375 -35.00566406250003
173.7392578125001 -35.054589843749966
173.7862304687501 -35.06855468749997
173.81279296875022 -35.0412109375
173.84394531250013 -35.026269531249966
173.92382812500006 -35.05712890625004
174.10400390625017 -35.14287109375002
174.11894531250022 -35.172363281249986
174.10976562500014 -35.21640624999998
174.11875 -35.26289062500004
174.14316406249998 -35.3
174.20322265625015 -35.30859375000003
174.28291015625024 -35.25351562499999
174.3203125 -35.24667968750002
174.37333984375016 -35.324511718749974
174.39316406250015 -35.36855468749998
174.38496093750024 -35.36708984375004
174.41914062500007 -35.41074218750005
174.46474609375014 -35.4541015625
174.54345703125017 -35.58203125000004
174.5317382812501 -35.62695312500004
174.50859375000022 -35.66738281250002
174.58066406250015 -35.78554687500002
174.5334960937501 -35.79375
174.39101562500002 -35.77373046875002
174.39580078124993 -35.79736328125003
174.47871093750013 -35.88408203125003
174.5487304687502 -36.00664062500003
174.60488281250008 -36.08056640625
174.80214843750014 -36.30947265625001
174.7724609375001 -36.39091796874999
174.77705078125018 -36.44462890625
174.75175781250016 -36.490820312500006
174.81923828125008 -36.61210937500002
174.77714843750022 -36.649804687499966
174.74921875000018 -36.77402343749996
174.7186523437502 -36.79580078125005
174.72246093750005 -36.84121093749998
174.80195312500007 -36.853222656250026
174.8499023437501 -36.87255859374997
174.89140625000022 -36.909375
174.91718750000013 -36.86503906250003
174.95205078125014 -36.85292968750005
175.04707031250013 -36.91220703125005
175.2451171875001 -36.971289062500006
175.29951171875018 -36.99326171875005
175.32646484375022 -37.04091796874998
175.34667968750006 -37.15615234375001
175.3853515625001 -37.20693359375005
175.46093750000006 -37.216699218749994
175.54248046875017 -37.20136718749998
175.56816406250022 -37.159375
175.55195312500013 -37.04648437500005
175.49316406250006 -36.86572265625
175.49287109375018 -36.80693359375
175.5012695312501 -36.748046875
175.4874023437501 -36.68955078124999
175.45800781250017 -36.63427734375
175.4263671875001 -36.59189453124999
175.38554687500016 -36.556347656250026
175.3998046875002 -36.50078124999999
175.4608398437502 -36.47568359375002
175.49765625000026 -36.52265625
175.52802734375024 -36.579296875
175.68144531250022 -36.74697265625005
175.77216796875024 -36.735156250000045
175.7806640625002 -36.80458984374998
175.84218750000008 -36.875097656250034
175.87617187500007 -36.95771484375
175.92109375000018 -37.204589843750014
175.99013671875002 -37.43701171875003
176.11455078125016 -37.538281250000054
176.12900390625026 -37.586718749999974
176.05332031250015 -37.56171875000004
176.02988281250015 -37.57626953124998
176.03789062500016 -37.60068359374998
176.10839843750017 -37.64511718749998
176.19111328125013 -37.666992187499986
176.24316406250006 -37.663867187499974
176.29169921875018 -37.68007812499999
176.6147460937501 -37.830957031249994
176.7700195312501 -37.88964843749996
177.16181640625018 -37.985742187499994
177.27402343750015 -37.993457031249974
177.3359375000001 -37.99082031249996
177.45332031250024 -37.957421875
177.55830078125013 -37.89746093750004
177.6489257812501 -37.80781249999998
177.7273437500001 -37.70556640625003
177.81269531250007 -37.655957031250054
177.9094726562501 -37.61689453125
177.9580078125 -37.58066406249999
178.00917968750014 -37.55488281249997
178.27216796875024 -37.56689453125003
178.3607421875002 -37.618457031250045
178.4759765625002 -37.65976562500002
178.5362304687502 -37.69208984375004
178.5160156250002 -37.757617187499974
178.44707031250016 -37.85439453124998
178.3939453125002 -37.960253906250045
178.34726562500026 -38.20087890625004
178.31542968750017 -38.444042968750026
178.2676757812502 -38.55117187499999
178.1806640625001 -38.63369140625002
178.08486328125014 -38.693945312500034
177.97617187499998 -38.722265625000034
177.9321289062499 -38.860253906249994
177.91035156250007 -39.02177734375003
177.9166015625001 -39.062402343749966
177.95136718750007 -39.09453125000003
177.96562500000016 -39.14248046875002
177.90878906250015 -39.23955078124999
177.8754882812501 -39.225488281249966
177.82871093750015 -39.14472656250004
177.78613281250017 -39.1109375
177.6558593750001 -39.08574218750002
177.52294921875006 -39.07382812499998
177.40751953125016 -39.08115234374996
177.29658203125013 -39.115820312500006
177.12871093750016 -39.186132812500034
177.07675781250026 -39.22177734375002
177.03125 -39.26689453125006
176.9541015625001 -39.367578124999966
176.93574218750013 -39.49072265625
176.93925781250016 -39.555273437500006
176.96660156250022 -39.605175781250054
177.10986328125006 -39.673144531250045
176.96796875000013 -39.91074218750005
176.84218750000008 -40.15781250000002
176.77070312500024 -40.22841796875001
176.6887695312501 -40.29345703125003
176.61152343750018 -40.441992187500006
176.4764648437502 -40.57001953124997
176.38515625000002 -40.66767578124997
176.31386718750008 -40.768945312499994
176.25175781250022 -40.87685546874995
176.1186523437501 -41.029101562499974
176.05996093750008 -41.129687500000045
175.98291015625017 -41.21328125000002
175.8396484375001 -41.32011718750002
175.68730468750016 -41.411718750000034
175.44707031250005 -41.53828124999997
175.38027343750014 -41.58007812499996
175.30976562500018 -41.61064453125006
175.2221679687499 -41.574414062500054
175.2044921875002 -41.5349609375
175.18466796875026 -41.44902343749999
175.165625 -41.41738281250004
175.05390625000007 -41.391210937500034
174.90605468750016 -41.43291015625
174.8813476562501 -41.424023437500054
174.87519531250007 -41.40429687500003
174.875 -41.27822265625001
174.90019531250022 -41.24267578124997
174.865625 -41.223046874999966
174.8315429687499 -41.23076171875003
174.81972656250014 -41.262890625
174.84121093750008 -41.29072265624998
174.75703125000018 -41.325292968750006
174.6695312500001 -41.326269531250034
174.6429687500002 -41.312695312500026
174.63535156250026 -41.28945312499999
174.65654296875016 -41.25126953125003
174.68486328125022 -41.21767578125002
174.8477539062502 -41.05878906249998
175.01679687500018 -40.84765624999996
175.1625000000002 -40.62158203125
175.2004882812501 -40.50537109375004
175.25410156250018 -40.28935546874999
175.21015625000013 -40.199414062500054
175.15595703125007 -40.11494140624998
175.00927734375006 -39.95214843750004
174.81376953125022 -39.860156250000045
174.68730468750016 -39.84716796874997
174.5674804687501 -39.81298828125003
174.4546875000002 -39.735156249999974
174.3520507812501 -39.64335937500002
174.14863281250024 -39.56816406250006
173.9343750000001 -39.50908203125002
173.8121093750002 -39.425781250000014
173.78300781250016 -39.376171875000026
173.7636718750001 -39.31875
173.76640625000016 -39.26533203125001
173.78164062500008 -39.21123046875
173.80605468750008 -39.169531250000034
173.8443359375002 -39.13935546875001
174.0713867187501 -39.03125
174.31171875000024 -38.97109375
174.3560546875002 -38.97216796874997
174.3984375000001 -38.96259765624997
174.4584960937501 -38.925781250000014
174.56621093750022 -38.84160156250002
174.59736328125018 -38.78505859375004
174.6185546875002 -38.6052734375
174.65302734375013 -38.42832031250002
174.71533203125006 -38.225585937500014
174.80927734375018 -38.099804687500054
174.84003906250024 -38.02265624999997
174.8016601562502 -37.8955078125
174.83681640625008 -37.84892578125002
174.87958984375013 -37.82080078124997
174.92802734375022 -37.80449218750002
174.84599609375016 -37.68515625000005
174.74941406250002 -37.5046875
174.72919921875018 -37.448730468750014
174.74394531250016 -37.39345703125004
174.7676757812502 -37.33906249999997
174.7074218750002 -37.325292968750006
174.67255859375018 -37.27314453125004
174.58583984375014 -37.09775390625002
174.60966796875016 -37.069921875000034
174.65966796875006 -37.08876953125005
174.73427734375014 -37.215234374999966
174.74638671875016 -37.150097656250026
174.80361328125008 -37.11005859375004
174.86386718750026 -37.089257812499966
174.92890625000018 -37.08476562500003
174.7820312500001 -36.94375
174.73291015625006 -36.9494140625
174.66796875000017 -36.971875
174.6014648437499 -36.98574218750002
174.5365234375002 -36.97333984374998
174.47558593750006 -36.94189453124997
174.44453125000013 -36.88251953125004
174.4060546875001 -36.76826171875004
174.38193359375015 -36.72597656250004
174.18886718750008 -36.492285156250034
174.24570312500026 -36.48496093750005
174.40156250000024 -36.60195312499999
174.43173828125015 -36.564550781250006
174.45429687500013 -36.51074218749997
174.4468750000002 -36.45087890625004
174.40957031250008 -36.405566406250045
174.35410156250015 -36.37597656249996
174.35312500000015 -36.32285156249998
174.39541015625002 -36.27412109375
174.39277343750024 -36.240039062499974
174.30351562500016 -36.17050781250002
174.26787109375016 -36.16308593750003
174.25205078125015 -36.19560546874999
174.27753906250018 -36.24375
174.25371093750016 -36.24912109374996
174.0364257812501 -36.12246093750001
173.9693359375001 -36.020605468750034
173.91445312500014 -35.90869140624997
173.90888671875024 -35.954199218750006
173.91728515625016 -36.01816406249999
174.00312500000024 -36.146289062499974
174.14238281250022 -36.289453125
174.16640625000014 -36.32763671874997
174.14580078125016 -36.376953124999986
174.0974609375001 -36.391015625
174.0546875000001 -36.35976562500004
173.9910156250001 -36.23720703125002
173.94511718750016 -36.17587890624996
173.4122070312501 -35.54257812499999
173.48027343749993 -35.458984375000014
173.58583984375014 -35.38857421874998
173.61035156250017 -35.35722656249999
173.62617187500018 -35.319140625000045
173.58164062499998 -35.312597656250034
173.54169921875018 -35.3298828125
173.49609375000017 -35.36230468750004
173.45429687500018 -35.39921875000002
173.4016601562501 -35.48115234375001
173.37636718750008 -35.50009765625005
173.31396484375017 -35.44335937500003
173.29023437500013 -35.40830078124999
173.29121093750018 -35.36630859374996
173.27451171875015 -35.339648437500045
173.22812500000026 -35.33125
173.1601562500001 -35.24775390624997
173.11669921874994 -35.205273437500026
173.18876953125016 -35.123730468750026
173.19062500000018 -35.01621093749996
173.1172851562501 -34.90332031249997
173.02958984375016 -34.799902343750034
172.86074218750014 -34.63232421875
172.70595703125014 -34.45517578124998
172.87373046875 -34.432910156249974
173.04394531249994 -34.429101562499994
172.96376953124997 -34.535156250000014
172.99980468750005 -34.59648437499999
173.05439453125007 -34.64824218749996
173.17109375 -34.80693359374996
173.18125 -34.852734375000054
173.24052734375016 -34.89902343749998
173.26943359375014 -34.93476562499998

-171.188623046875 -9.358300781250037
-171.193017578125 -9.352441406250009
-171.200048828125 -9.344726562500028
-171.204443359375 -9.333300781250017
-171.20166015624997 -9.332617187499963
-171.19443359375003 -9.338769531249966
-171.18930664062503 -9.346582031249966
-171.18642578125 -9.35546875

-172.48369140624996 -8.582910156249994
-172.48823242187498 -8.571582031249989
-172.49404296875002 -8.559179687500048
-172.498681640625 -8.547949218749977
-172.497021484375 -8.546484375000034
-172.48725585937495 -8.556152343749957
-172.48110351562497 -8.567480468749963
-172.479150390625 -8.580761718749997

