-83.18535156249993 14.956396484374963
-83.21591796874995 14.932373046875043
-83.27988281249992 14.812792968750017
-83.302001953125 14.802099609374977
-83.30634765624998 14.890527343750051
-83.34438476562502 14.902099609375014
-83.38901367187495 14.870654296875003
-83.41372070312502 14.825341796875009
-83.374853515625 14.766113281250014
-83.34072265624997 14.765283203125023
-83.29921874999997 14.7490234375
-83.18774414062497 14.340087890625
-83.21171874999999 14.26713867187506
-83.28081054687493 14.153613281250017
-83.34658203125002 14.056982421874963
-83.41230468749998 13.99648437499998
-83.49375 13.738818359374989
-83.56733398437495 13.320312499999986
-83.51445312500002 12.943945312499963
-83.54121093749995 12.596289062500006
-83.51796875000002 12.514111328124969
-83.51093750000001 12.411816406249997
-83.56523437499996 12.393408203124977
-83.59589843750001 12.396484374999986
-83.62719726562497 12.459326171874991
-83.62368164062497 12.514550781249966
-83.59121093750002 12.579345703125028
-83.57807617187501 12.667138671874966
-83.59335937499992 12.713085937499997
-83.62534179687495 12.61289062500002
-83.68164062499997 12.568115234375043
-83.718359375 12.552636718749994
-83.75424804687492 12.501953124999972
-83.7162109375 12.406738281250028
-83.66733398437498 12.337060546875051
-83.65126953125 12.287060546874983
-83.66923828124993 12.227539062500028
-83.680419921875 12.024316406250009
-83.69770507812495 12.029980468750011
-83.71557617187497 12.057421875
-83.7671875 12.059277343750026
-83.77333984375 11.977392578125048
-83.76933593749999 11.931640625000057
-83.81318359375004 11.89638671874998
-83.82890625 11.861035156249969
-83.79296875 11.836181640625057
-83.75336914062501 11.821289062500043
-83.70458984375003 11.824560546874991
-83.664306640625 11.723876953125
-83.65175781250002 11.642041015625026
-83.744970703125 11.566503906250006
-83.77661132812497 11.50395507812496
-83.82939453124996 11.428173828124983
-83.85908203124998 11.35366210937498
-83.86787109374998 11.300048828124986
-83.83183593750002 11.130517578124994
-83.76791992187498 11.010253906250014
-83.71406250000001 10.933837890624986
-83.64199218749997 10.917236328124986
-83.65893554687497 10.83686523437504
-83.71293945312496 10.785888671875043
-83.811181640625 10.743261718749977
-83.91928710937498 10.735351562500057
-84.09619140624997 10.775683593750003
-84.16835937500002 10.780371093749991
-84.19658203124999 10.801708984374983
-84.20498046875002 10.841308593750057
-84.25556640625001 10.900732421874991
-84.348291015625 10.979882812500037
-84.40185546874997 10.974462890625006
-84.48916015625 10.99165039062504
-84.63417968749997 11.045605468750026
-84.70117187500003 11.052197265625026
-84.79736328125 11.005908203125017
-84.90917968749994 10.945312500000014
-85.17895507812503 11.039941406250023
-85.36835937499995 11.106445312499986
-85.53872070312494 11.166308593750003
-85.58417968749998 11.189453125000014
-85.62138671874999 11.18447265624998
-85.653662109375 11.153076171874972
-85.69052734374998 11.097460937500017
-85.70263671874994 11.081542968749972
-85.72226562499995 11.066259765624963
-85.74433593750001 11.062109375
-85.74521484375 11.088574218749983
-85.82851562500002 11.198730468750043
-85.96113281250004 11.331347656249974
-86.468896484375 11.73828125
-86.655517578125 11.981542968750006
-86.75561523437497 12.156640624999966
-86.85097656249994 12.247753906249969
-87.12519531250004 12.434130859375017
-87.18842773437504 12.508349609375031
-87.46015624999998 12.757568359375
-87.66752929687496 12.903564453125
-87.67016601562494 12.965673828125034
-87.58505859374992 13.043310546875048
-87.54331054687495 13.039697265625023
-87.49794921874994 12.984179687499989
-87.42436523437496 12.921142578125028
-87.3896484375 12.920654296875014
-87.33857421874998 12.949951171875028
-87.33725585937498 12.979248046875043
-87.0591796875 12.991455078125043
-87.00932617187496 13.0078125
-86.95888671875 13.053710937500028
-86.93315429687499 13.117529296874977
-86.92880859375 13.179394531249969
-86.91821289062497 13.223583984374997
-86.87353515625 13.266503906250037
-86.79213867187494 13.279785156249986
-86.72929687499993 13.284375
-86.71069335937497 13.313378906249994
-86.72958984375 13.407226562500014
-86.76352539062498 13.635253906250028
-86.77060546875 13.698730468749986
-86.75898437499995 13.74614257812506
-86.73364257812503 13.763476562500031
-86.61025390625002 13.77485351562504
-86.376953125 13.755664062500045
-86.33173828124995 13.770068359375045
-86.23823242187498 13.899462890625031
-86.15122070312495 13.99458007812504
-86.08925781250002 14.03720703125002
-86.040380859375 14.050146484374991
-85.98378906250002 13.96567382812502
-85.7867187499999 13.844433593750011
-85.75341796875 13.852050781250043
-85.73393554687502 13.858691406249974
-85.72773437499998 13.876074218749963
-85.731201171875 13.931835937500054
-85.68193359374999 13.982568359374994
-85.57978515624995 14.028222656249966
-85.47705078125 14.108691406250017
-85.373779296875 14.223876953125043
-85.28417968749997 14.291650390624994
-85.20834960937498 14.311816406250017
-85.17949218749996 14.343310546875031
-85.19755859374999 14.385986328125028
-85.19150390625 14.446630859375034
-85.16132812499998 14.525146484375043
-85.11728515624998 14.570605468749974
-85.059375 14.582958984375011
-85.03652343749997 14.607666015624972
-85.04863281249993 14.644726562499983
-85.03735351562494 14.685546875000028
-84.98515625 14.752441406249986
-84.86044921874998 14.809765625000026
-84.78916015625 14.790380859374991
-84.72978515624999 14.713378906250014
-84.64594726562495 14.661083984375026
-84.53764648437502 14.633398437499977
-84.45356445312493 14.643701171875037
-84.39365234374998 14.691748046874963
-84.33979492187495 14.706347656250003
-84.29194335937495 14.687353515625048
-84.26665039062496 14.698144531250023
-84.26396484374996 14.738525390624986
-84.23920898437495 14.747851562500031
-84.19238281250003 14.726025390625026
-84.15078125 14.720410156250026
-84.11440429687494 14.73100585937506
-84.10029296875001 14.750634765624966
-84.09296875000001 14.770898437500009
-84.0658203125 14.786083984374997
-83.97226562499995 14.771093749999963
-83.86728515624995 14.794482421875017
-83.75092773437495 14.85625
-83.67363281249993 14.883544921875043
-83.635498046875 14.876416015625011
-83.58974609375 14.907568359374963
-83.5365234375 14.977001953124997
-83.41503906250003 15.008056640625014
-83.15751953124996 14.99306640624998

