15.088964843750034 22.418359374999966
15.172265625000051 21.92207031250001
15.177832031250034 21.605810546874977
15.18183593750004 21.523388671874983
15.215820312500057 21.467431640625023
15.293652343750011 21.411523437500023
15.607324218750051 20.954394531250045
15.540332031250074 20.874902343750023
15.587109375000011 20.73330078125005
15.668457031250057 20.67236328124997
15.929296875 20.399853515624955
15.963183593750074 20.346191406250057
15.948828124999977 20.303173828124983
15.766210937500006 19.98256835937505
15.73505859375004 19.90405273437503
15.69863281250008 19.495214843750063
15.672949218750006 19.206787109375
15.63759765625008 18.81083984374999
15.595507812500045 18.337060546874994
15.561523437500028 17.937255859375
15.516699218750063 17.408496093750017
15.47431640625004 16.90839843750001
15.212109375000011 16.633886718750034
14.746679687500034 16.146630859374966
14.367968750000074 15.750146484375023
14.178222656250057 15.484765624999966
13.807128906250028 14.966113281249989
13.642382812500045 14.63076171874998
13.513671875000028 14.455517578124983
13.4482421875 14.380664062500003
13.505761718749994 14.134423828125023
13.60634765625008 13.704589843750028
13.426953125000011 13.701757812499977
13.323828125000063 13.670849609374997
13.193847656250057 13.573046875000045
13.0484375 13.53452148437502
12.871679687500063 13.449023437500003
12.75996093750004 13.380371093750057
12.65478515625 13.326562500000023
12.510156250000023 13.194335937499986
12.463183593750045 13.09375
12.319042968750011 13.073681640625011
12.117968750000074 13.090429687499963
11.990039062500017 13.191796875
11.693359374999972 13.297705078125006
11.501074218750063 13.340527343750026
11.411914062500017 13.35361328125002
10.958886718750023 13.371533203125026
10.475878906250017 13.330224609374966
10.229589843750034 13.281005859374972
10.184667968750034 13.270117187499977
10.045117187500011 13.206152343750006
9.929296875000034 13.135253906250028
9.615917968750068 12.810644531249977
9.201562500000023 12.821484374999969
8.957617187500063 12.857470703125017
8.750585937500063 12.90815429687504
8.456054687500028 13.059667968750006
8.095019531250017 13.291162109374994
7.955761718750068 13.322753906250043
7.830468750000023 13.340917968750006
7.788671875000034 13.337890625000014
7.357812500000023 13.107177734375
7.274707031250045 13.112255859374969
7.17304687500004 13.086328125
7.106054687500063 13.029101562499989
7.056738281250034 13.000195312500054
7.005078125000011 12.995556640624997
6.93720703125004 13.00820312499999
6.870605468750057 13.043261718750031
6.804296875000034 13.107666015625014
6.626562500000063 13.364257812499972
6.589941406250063 13.409130859375054
6.51406250000008 13.485400390625045
6.386328125000063 13.603613281249977
6.299804687500028 13.65878906250002
6.247167968750063 13.67299804687498
6.18427734375004 13.663671875000034
5.838183593750045 13.765380859374972
5.491992187500017 13.872851562500017
5.415820312500045 13.859179687499989
5.361621093750017 13.836865234374969
5.241894531250068 13.757226562500009
5.100878906250017 13.742724609374974
4.921679687500017 13.749121093750034
4.823339843750063 13.759765624999986
4.664843750000017 13.733203124999989
4.559472656250023 13.701806640624994
4.421386718750057 13.647509765625031
4.242187500000057 13.501074218750048
4.19082031250008 13.482128906249997
4.147558593750034 13.457714843749997
4.087402343750057 13.055468750000031
4.038769531250011 12.93466796875002
3.947851562500034 12.775048828125009
3.769238281250068 12.622167968750048
3.646679687500068 12.529980468749997
3.643847656250017 12.4052734375
3.63417968750008 12.201611328124983
3.632519531250011 12.06157226562496
3.640625 11.970361328125037
3.620117187500057 11.926953124999983
3.611816406250057 11.887304687499991
3.618457031250074 11.82773437500002
3.647363281250023 11.799658203124991
3.664746093750011 11.762451171875043
3.653125 11.731835937500023
3.595410156250011 11.696289062499972
3.53173828125 11.787451171874991
3.449804687500006 11.85195312499998
3.359960937500006 11.88046875000002
3.299121093750045 11.927148437500023
3.267382812500045 11.991894531249983
3.14960937500004 12.118066406250023
2.878125 12.367724609374989
2.850195312500063 12.373681640625051
2.805273437500063 12.383837890624989
2.728515625000057 12.353613281250048
2.68134765625004 12.312792968749989
2.6484375 12.296777343750009
2.598437500000017 12.294335937500051
2.469335937500006 12.26279296875002
2.366015625000017 12.221923828125043
2.363281249999972 12.188427734375054
2.412695312500006 11.999316406249989
2.389160156250028 11.89707031250002
2.343359375 11.94599609375004
2.194433593750034 12.136474609375043
2.09140625 12.277978515624994
2.072949218749983 12.309375
2.058398437500045 12.357958984375045
2.068554687500068 12.379150390625
2.109375 12.393847656249974
2.203808593750011 12.412597656249986
2.22138671875004 12.427246093750028
2.22626953125004 12.466064453125043
2.211523437500063 12.538427734375034
2.159765625 12.636425781250011
2.104589843750034 12.701269531249991
2.073828124999977 12.713964843750006
2.017382812500045 12.716210937500023
1.956152343750006 12.707421875
1.840917968750063 12.627880859375054
1.789843750000045 12.613281250000014
1.671093750000011 12.619824218750011
1.564941406250057 12.63540039062498
1.500488281249972 12.676464843749997
1.308691406249977 12.834277343750003
1.096777343750063 13.00112304687498
1.007910156250006 13.024804687500009
0.987304687500057 13.041894531250023
0.97304687500008 13.170361328124997
0.97675781250004 13.324511718750045
0.98847656250004 13.36484375
1.076855468750011 13.340771484374983
1.170898437499972 13.329589843750014
1.201171875000028 13.35751953125002
1.125976562499972 13.412353515625
1.017871093750074 13.467871093750034
0.977734375000068 13.551953125000011
0.946582031250017 13.58115234375002
0.897949218750057 13.610937500000048
0.84228515625 13.626416015624997
0.786035156249994 13.650048828125023
0.747753906250011 13.674511718750026
0.684570312500028 13.68540039062502
0.6181640625 13.70341796875006
0.522363281250023 13.839746093750023
0.429199218750057 13.972119140624997
0.3740234375 14.076367187500011
0.354882812499994 14.139013671874977
0.38251953125004 14.245800781249969
0.354589843750034 14.288037109375054
0.250585937499977 14.396435546875026
0.163867187500074 14.497216796875037
0.185058593750057 14.652929687499963
0.202734375 14.782812500000048
0.20380859375004 14.865039062500003
0.217480468749983 14.911474609374963
0.228710937500068 14.963671875000031
0.286230468750063 14.980175781250011
0.433007812500023 14.979003906250043
0.718652343750051 14.954882812500017
0.947460937500011 14.982128906249969
0.960058593750006 14.986914062499963
1.121289062500011 15.126123046874994
1.300195312500023 15.272265625000017
1.569140625000017 15.286474609374977
1.859375 15.301708984374969
2.088183593750074 15.309375
2.42080078125008 15.320410156249963
2.68964843750004 15.329882812500031
3.001074218750063 15.34096679687498
3.010546875000045 15.40830078125002
3.029394531250063 15.424853515625017
3.060156250000034 15.427197265625054
3.289062500000028 15.391113281249986
3.50429687499999 15.356347656250009
3.520507812500028 15.483105468749983
3.709570312499977 15.641699218750063
3.816503906250006 15.674023437499983
3.842968749999983 15.701708984375017
3.876953124999972 15.755273437499994
3.89794921875 15.837988281249977
3.907226562500028 15.896826171874977
3.947070312500045 15.945654296874977
3.976171875000034 16.03554687499999
4.014843750000011 16.192724609375034
4.121289062500011 16.35771484374999
4.182128906249972 16.581787109375
4.191210937500045 16.798193359375034
4.202929687500045 16.962695312500045
4.234667968750017 16.99638671874999
4.233691406250017 17.288427734374977
4.232714843750074 17.58217773437505
4.23193359375 17.83051757812501
4.230859375000051 18.139453125000074
4.229980468750057 18.410595703124983
4.229003906250028 18.704345703125057
4.22822265625004 18.968066406250045
4.227636718750006 19.14277343750001
4.445703125000023 19.184521484374983
4.67128906250008 19.22778320312503
5.00136718750008 19.291064453125017
5.358691406250045 19.359521484375023
5.748339843750017 19.434228515624966
5.836621093750068 19.479150390624966
6.130664062500017 19.731982421875074
6.263378906250068 19.846142578124955
6.52705078125004 20.072949218749983
6.73066406250004 20.24804687500003
6.989355468750006 20.470507812500074
7.26337890625004 20.69448242187505
7.481738281250045 20.873095703125017
7.825195312500028 21.075585937499966
8.343066406250017 21.38085937499997
8.8609375 21.686132812500006
9.378710937500045 21.99140625000001
9.896484375000028 22.296728515625063
10.414355468750017 22.602001953124983
10.932226562500006 22.907275390625017
11.45 23.21259765625004
11.967871093750034 23.517871093750045
12.488769531250028 23.401660156250017
12.98359375000004 23.29125976562497
13.48125 23.18017578125
13.5986328125 23.11953125
13.86269531250008 22.90209960937503
14.20068359375 22.623730468749983
14.215527343750011 22.619677734375045
14.230761718749989 22.618457031250045
14.555664062500028 22.78251953124999
14.97890625 22.99628906250001
14.979003906250028 22.996191406250006

