7.203906250000017 4.38764648437504
7.140429687500045 4.395117187499963
7.227343750000074 4.527343749999986
7.27138671875008 4.49892578124998
7.327929687500045 4.48720703124998
7.300781250000028 4.41816406250004

6.18427734375004 13.663671875000034
6.247167968750063 13.67299804687498
6.299804687500028 13.65878906250002
6.386328125000063 13.603613281249977
6.51406250000008 13.485400390625045
6.589941406250063 13.409130859375054
6.626562500000063 13.364257812499972
6.804296875000034 13.107666015625014
6.870605468750057 13.043261718750031
6.93720703125004 13.00820312499999
7.005078125000011 12.995556640624997
7.056738281250034 13.000195312500054
7.106054687500063 13.029101562499989
7.17304687500004 13.086328125
7.274707031250045 13.112255859374969
7.357812500000023 13.107177734375
7.788671875000034 13.337890625000014
7.830468750000023 13.340917968750006
7.955761718750068 13.322753906250043
8.095019531250017 13.291162109374994
8.456054687500028 13.059667968750006
8.750585937500063 12.90815429687504
8.957617187500063 12.857470703125017
9.201562500000023 12.821484374999969
9.615917968750068 12.810644531249977
9.929296875000034 13.135253906250028
10.045117187500011 13.206152343750006
10.184667968750034 13.270117187499977
10.229589843750034 13.281005859374972
10.475878906250017 13.330224609374966
10.958886718750023 13.371533203125026
11.411914062500017 13.35361328125002
11.501074218750063 13.340527343750026
11.693359374999972 13.297705078125006
11.990039062500017 13.191796875
12.117968750000074 13.090429687499963
12.319042968750011 13.073681640625011
12.463183593750045 13.09375
12.510156250000023 13.194335937499986
12.65478515625 13.326562500000023
12.75996093750004 13.380371093750057
12.871679687500063 13.449023437500003
13.0484375 13.53452148437502
13.193847656250057 13.573046875000045
13.323828125000063 13.670849609374997
13.426953125000011 13.701757812499977
13.60634765625008 13.704589843750028
13.763476562500017 13.489550781250003
13.93232421875004 13.258496093750011
14.063964843750028 13.078515625000023
14.16005859375008 12.61279296875
14.170312500000023 12.524072265625037
14.177636718750023 12.484082031249983
14.184863281250074 12.447216796875011
14.197460937500068 12.383789062499972
14.272851562500051 12.356494140625003
14.415429687500051 12.34414062499998
14.518945312499994 12.298242187500037
14.580957031250023 12.22207031249998
14.587011718750006 12.209423828124983
14.619726562500006 12.150976562499977
14.627148437500011 12.108691406249974
14.618164062500057 11.986621093749974
14.597363281249983 11.829833984375
14.561816406250045 11.728710937500011
14.581640624999977 11.591162109374963
14.57539062500004 11.532421874999983
14.559765625000068 11.492285156249977
14.496093750000057 11.446142578124991
14.409472656250074 11.401171874999989
14.202343750000068 11.268164062499977
14.14326171875004 11.248535156249972
14.056738281249977 11.245019531249966
13.9814453125 11.211865234375054
13.892089843750028 11.140087890624997
13.69990234375004 10.873144531249963
13.535351562499983 10.605078124999977
13.478515625000057 10.383251953124997
13.414550781249972 10.171435546875003
13.26992187499999 10.036181640624989
13.249804687500074 9.96005859375002
13.24375 9.915917968749994
13.238769531250057 9.814013671875017
13.221191406250028 9.645166015624994
13.198730468749972 9.563769531250017
13.17548828125004 9.539648437499991
13.019433593750051 9.488330078125017
12.929492187500017 9.426269531249986
12.875683593750068 9.303515625000031
12.855957031250057 9.170751953124977
12.824414062500011 9.019433593749966
12.806542968750023 8.886621093750009
12.782226562500028 8.817871093750028
12.731152343750011 8.745654296874974
12.651562500000068 8.667773437500003
12.582714843750068 8.624121093749991
12.403515625000068 8.595556640625034
12.311328125000017 8.419726562500003
12.233398437500057 8.282324218749991
12.23115234375004 8.227392578124991
12.155957031249983 7.942480468750034
12.025195312499989 7.727783203125
12.016601562500028 7.652001953125009
12.01601562500008 7.589746093750023
11.852441406250051 7.400732421874977
11.809179687500034 7.345068359375006
11.767382812500045 7.272265625
11.80859375 7.201953124999989
11.854785156250017 7.137988281250003
11.861425781250034 7.116406250000054
11.787011718750051 7.056201171875045
11.657519531250045 6.951562500000037
11.580078125 6.888867187499969
11.562988281249972 6.854638671875009
11.55166015625008 6.697265625000014
11.529101562500017 6.655029296875028
11.477539062499972 6.597412109375014
11.40175781250008 6.533935546875043
11.32460937500008 6.48466796874996
11.237304687500057 6.45053710937502
11.1533203125 6.437939453125026
11.106445312500057 6.457714843749969
11.0796875 6.505517578125037
11.032519531249989 6.697900390624966
11.008691406250023 6.73911132812502
10.954199218750034 6.776562500000011
10.846484375000017 6.88178710937504
10.737597656250045 6.988281249999972
10.60625 7.06308593750002
10.578125 7.057714843749991
10.556347656250068 7.037451171875048
10.519042968750028 6.93046875
10.48232421875008 6.891259765625009
10.413183593750034 6.877734375000017
10.293066406249977 6.876757812499989
10.20546875000008 6.8916015625
10.185546875000028 6.912792968750054
10.167773437500045 6.959179687499997
10.1435546875 6.996435546875034
10.038867187500074 6.921386718750028
9.874218750000011 6.803271484375031
9.820703125000023 6.783935546875
9.779882812500063 6.760156250000037
9.725585937500028 6.65
9.659960937500074 6.531982421875
9.574023437500045 6.470410156249983
9.490234375000028 6.418652343750011
9.442187500000017 6.37338867187502
9.373339843750017 6.319628906250003
9.238769531250057 6.186132812499977
9.060156249999977 6.009082031249974
8.997167968750034 5.917724609375014
8.93505859375 5.781005859375043
8.89882812500008 5.629687500000031
8.859179687500074 5.46376953124998
8.80097656250004 5.197460937499997
8.715625 5.046875
8.640527343750023 4.927001953125057
8.58515625000004 4.8328125
8.555859375000011 4.755224609374963
8.54375 4.757812500000043
8.514843750000011 4.724707031249963
8.43134765625004 4.746240234374994
8.393652343750006 4.813769531249989
8.342089843750074 4.824755859375003
8.252734375000074 4.923974609374966
8.233789062500023 4.907470703124986
8.328027343750051 4.65610351562502
8.293066406250034 4.557617187500028
8.02851562500004 4.555371093750011
7.800781250000028 4.522265625000017
7.644238281250011 4.525341796875026
7.565625 4.5609375
7.530761718749972 4.655175781250009
7.517382812500017 4.645458984374983
7.509472656250011 4.594921875
7.459863281250023 4.555224609374989
7.284375 4.54765625
7.20673828125004 4.612060546875014
7.143847656250017 4.684082031250043
7.0765625 4.716162109375006
7.086914062499972 4.685839843749946
7.164160156250006 4.61557617187502
7.154687500000023 4.514404296875014
7.013378906250011 4.397314453124963
6.923242187500023 4.390673828125031
6.86787109375004 4.441113281250011
6.839160156250045 4.523486328125003
6.824707031250028 4.645263671875028
6.787597656250028 4.724707031249963
6.767675781250034 4.724707031249963
6.786035156250051 4.65200195312498
6.792187500000068 4.592626953124963
6.793066406250063 4.469140625000037
6.8603515625 4.373339843749974
6.757031250000011 4.343554687500031
6.715136718749989 4.34243164062498
6.63300781250004 4.34023437499998
6.617285156250034 4.375781250000017
6.601562500000028 4.455175781250034
6.57998046875008 4.475976562500009
6.554589843750051 4.341406250000034
6.5 4.331933593749966
6.46210937500004 4.333154296875037
6.299804687500028 4.303857421875023
6.263671875000028 4.309423828125006
6.255957031250063 4.334472656250043
6.275292968749994 4.371679687499991
6.270996093750028 4.432128906250043
6.214648437499989 4.385498046875043
6.20556640625 4.292285156249974
6.173339843750028 4.27739257812496
6.076562500000023 4.290625
5.970703125000028 4.338574218749997
5.906445312500011 4.387744140624974
5.798632812500074 4.455957031250009
5.587792968749994 4.647216796874986
5.553613281250051 4.733203125
5.493261718750034 4.838769531250023
5.44814453125008 4.945849609374989
5.38330078125 5.129003906249991
5.403222656250051 5.14228515625004
5.4521484375 5.126562500000034
5.475976562500051 5.153857421875003
5.388281250000034 5.173779296874969
5.370019531250051 5.19501953125004
5.364160156250023 5.259277343749986
5.367968750000074 5.337744140624977
5.439257812500045 5.365332031250006
5.500878906250051 5.37861328125004
5.531835937500063 5.426367187500006
5.549707031250051 5.474218749999977
5.385839843749977 5.401757812499966
5.232421875 5.48378906249998
5.199218749999972 5.533544921874991
5.2158203125 5.571679687500037
5.2890625 5.577490234374977
5.393847656250017 5.574511718749989
5.456640625000034 5.611718750000023
5.418066406249977 5.624707031249997
5.35029296875004 5.623291015624972
5.325292968750006 5.647949218750028
5.327343750000068 5.70751953125
5.305371093750011 5.694335937499972
5.276269531250051 5.641552734374969
5.172851562500028 5.602734374999969
5.112402343750063 5.641552734374969
5.10625 5.728125
5.093066406250017 5.767089843749957
5.042089843750034 5.797509765625037
4.861035156250011 6.026318359375011
4.633593750000045 6.2171875
4.43134765625004 6.34858398437504
4.12587890625008 6.411376953125043
3.486621093750045 6.408935546874986
3.450781250000034 6.427050781250031
3.489941406250011 6.457275390624972
3.546093749999983 6.477441406249994
3.75166015625004 6.583837890625006
3.716992187499983 6.597949218750031
3.50332031250008 6.531347656249963
3.43017578125 6.525
3.335546875 6.396923828125026
2.772460937500028 6.375732421874972
2.70644531250008 6.369238281249977
2.708007812500057 6.427685546874983
2.735644531249989 6.595703125000014
2.753710937500045 6.66176757812498
2.77460937500004 6.711718750000031
2.752929687500057 6.77163085937498
2.731738281249989 6.852832031250003
2.721386718750011 6.980273437500031
2.747753906250068 7.019824218750003
2.756738281250023 7.067919921875031
2.750585937500006 7.143212890625009
2.75048828125 7.395068359374974
2.765820312500011 7.42250976562498
2.783984375000074 7.443408203124974
2.785156250000057 7.476855468750031
2.7509765625 7.541894531250051
2.719335937500034 7.616259765625017
2.720410156250011 7.723095703125011
2.707714843749983 7.826611328124969
2.68603515625 7.873730468749969
2.70234375000004 8.049804687500057
2.711523437500063 8.27299804687496
2.703125 8.371826171875014
2.723632812500028 8.44189453125
2.734667968750074 8.614013671874972
2.732910156250057 8.782519531250017
2.77480468750008 9.04853515625004
2.898046875000034 9.061376953124991
3.044921875000028 9.083837890625034
3.110449218750063 9.18828125
3.148046874999977 9.320605468750045
3.136132812500051 9.451611328124997
3.164648437500006 9.494677734374974
3.223437500000074 9.565625
3.329492187499994 9.667041015625017
3.325195312500028 9.77846679687498
3.354492187500028 9.812792968750045
3.404785156249972 9.838623046874972
3.476757812499983 9.85190429687502
3.557226562500034 9.90732421875002
3.602050781250028 10.004541015625023
3.64589843750008 10.160156250000014
3.57656250000008 10.268359375000031
3.577929687499989 10.292480468749972
3.604101562500006 10.35068359375002
3.646582031250034 10.408984375
3.680273437500063 10.427783203125003
3.758496093750011 10.412695312500048
3.771777343750045 10.41762695312498
3.783789062500006 10.435888671874977
3.834472656250028 10.607421875000014
3.829687500000034 10.65375976562504
3.756835937500028 10.76875
3.744921874999989 10.850439453124963
3.734179687500017 10.971923828125014
3.716406250000063 11.079589843750014
3.695312500000028 11.120312500000054
3.65625 11.154589843750017
3.638867187500068 11.17685546875002
3.487792968750028 11.395410156249966
3.490527343750045 11.499218749999969
3.553906250000068 11.631884765625003
3.595410156250011 11.696289062499972
3.653125 11.731835937500023
3.664746093750011 11.762451171875043
3.647363281250023 11.799658203124991
3.618457031250074 11.82773437500002
3.611816406250057 11.887304687499991
3.620117187500057 11.926953124999983
3.640625 11.970361328125037
3.632519531250011 12.06157226562496
3.63417968750008 12.201611328124983
3.643847656250017 12.4052734375
3.646679687500068 12.529980468749997
3.769238281250068 12.622167968750048
3.947851562500034 12.775048828125009
4.038769531250011 12.93466796875002
4.087402343750057 13.055468750000031
4.147558593750034 13.457714843749997
4.19082031250008 13.482128906249997
4.242187500000057 13.501074218750048
4.421386718750057 13.647509765625031
4.559472656250023 13.701806640624994
4.664843750000017 13.733203124999989
4.823339843750063 13.759765624999986
4.921679687500017 13.749121093750034
5.100878906250017 13.742724609374974
5.241894531250068 13.757226562500009
5.361621093750017 13.836865234374969
5.415820312500045 13.859179687499989
5.491992187500017 13.872851562500017
5.838183593750045 13.765380859374972

