167.95976562500005 -29.028320312499986
167.978125 -29.03427734375005
167.9904296875 -29.042089843750034
167.98867187500002 -29.058984375
167.97900390625 -29.075683593749957
167.96767578125008 -29.08281249999999
167.96416015625005 -29.085351562499966
167.96191406250006 -29.088476562499977
167.96064453125007 -29.092187500000023
167.9607421875001 -29.096289062499977
167.9546875000001 -29.08212890625002
167.94443359375003 -29.07294921875001
167.9337890625 -29.072167968750037
167.92656250000005 -29.08281249999999
167.92041015625006 -29.08281249999999
167.91826171875005 -29.071875
167.9142578125 -29.061914062499994
167.9124023437501 -29.052832031250006
167.91640625000002 -29.045117187500026
167.92402343750007 -29.03583984375001
167.9246093750001 -29.028515625000026
167.91855468750003 -29.02509765625004
167.90615234375008 -29.028125
167.92060546875 -29.01396484374999
167.939453125 -29.017675781250034

