145.21533203124994 14.111328125000028
145.17958984375014 14.120996093750037
145.15742187500007 14.136914062499997
145.15214843750005 14.163623046875017
145.23242187499994 14.189453125000043
145.26542968750005 14.180224609375031
145.26484375000018 14.158105468749966

145.62099609374997 14.91953125
145.59160156250016 14.998828125
145.58671875000005 15.030810546875031
145.62480468750016 15.060156249999963
145.64736328125014 15.059472656250009
145.66230468750007 14.970507812500003

145.74921875000018 15.10722656249996
145.6982421875001 15.113525390625
145.68427734375018 15.125097656249963
145.71318359375005 15.21528320312504
145.78632812500018 15.256884765624989
145.821875 15.265380859375028
145.7885742187501 15.222656250000028
145.7823242187501 15.174609375000017
145.7519531250001 15.133154296875006

145.69023437500016 16.332128906250034
145.65830078125003 16.335791015624977
145.63603515625005 16.351513671874983
145.63105468750018 16.377978515625045
145.69550781250018 16.37963867187503
145.71953125 16.359765624999966
145.71210937500018 16.33911132812503

145.7291015625001 18.056933593750045
145.78925781250018 18.15541992187505
145.80742187500016 18.17265624999999
145.83544921875 18.136767578125045
145.77753906250018 18.078955078125006

145.678125 18.725244140624966
145.6525390625 18.75263671875004
145.6455078125001 18.806787109374966
145.69013671875007 18.801611328124977
145.7066406250002 18.79047851562501
145.70839843750014 18.7625

