33.96572265625002 35.05678710937502
33.9033203125 35.08544921875
33.86640625000007 35.09360351562506
33.83203125000006 35.06718749999999
33.792285156250045 35.048193359375034
33.756933593750034 35.03974609375001
33.72578125000001 35.037304687499955
33.675390625000034 35.01787109374999
33.61445312500007 35.02275390625002
33.52568359374999 35.03867187500006
33.47578125000007 35.00034179687506
33.4638671875 35.00493164062502
33.45595703125002 35.101416015625034
33.42421875000002 35.14091796875002
33.38378906250006 35.162695312500006
33.32558593750008 35.15361328125002
33.24833984374999 35.15693359374998
33.191015625000034 35.17314453125002
33.07753906250002 35.14619140625001
32.98593750000009 35.11640624999998
32.919531250000034 35.08784179687504
32.86943359374999 35.08940429687499
32.78408203125008 35.115771484375045
32.72021484375006 35.145361328125034
32.71269531249999 35.17104492187502
32.77236328125002 35.159570312499994
32.87988281250006 35.180566406249994
32.926367187500034 35.27807617187497
32.94160156250001 35.390429687500045
33.12343750000002 35.35820312499996
33.30781250000001 35.34150390625001
33.458789062500045 35.33588867187504
33.60761718750001 35.35415039062502
34.06347656250006 35.473974609375006
34.192480468750034 35.54570312499996
34.27236328125008 35.56997070312502
34.4111328125 35.62929687500002
34.55605468750002 35.662060546874955
34.463183593750045 35.59350585937503
33.94199218750009 35.29204101562499
33.90791015625007 35.202392578125
33.93125 35.140380859375
34.004492187500034 35.06523437499996

