124.84892578125016 39.50756835937503
124.84609375000014 39.55888671874999
124.88955078124997 39.60209960937499
124.93457031250011 39.60781250000002
124.90527343750011 39.536279296874994

130.022265625 42.96259765625001
130.08261718750003 42.97416992187499
130.12480468750005 42.95600585937501
130.15126953125002 42.91796874999997
130.2403320312502 42.89179687499998
130.24882812500016 42.87260742187499
130.2466796875001 42.74482421874998
130.29560546875018 42.68496093750002
130.36074218750014 42.63085937500003
130.4502929687501 42.581689453124966
130.49824218750018 42.57050781249998
130.5269531250001 42.53540039062503
130.55410156250002 42.474707031250006
130.61796875000016 42.415625
130.65156250000007 42.37250976562498
130.65800781250005 42.327783203124994
130.68730468750016 42.30253906250002
130.6365234375 42.27485351562498
130.56923828124997 42.29169921875004
130.45751953124994 42.30170898437501
130.31474609375 42.21411132812503
130.23574218749997 42.183203125000034
130.17988281250007 42.09697265624996
130.06826171875014 42.045751953125006
130.00732421875 41.99116210937498
129.92822265624994 41.89672851562503
129.87636718750014 41.805517578125006
129.7563476562501 41.712255859375006
129.68632812500016 41.59497070312503
129.68242187500016 41.49433593750004
129.758984375 41.39150390625005
129.76582031250018 41.30385742187505
129.71210937500007 41.12368164062502
129.74199218750005 40.93227539062502
129.70869140625018 40.85732421875002
129.34111328125016 40.72631835937497
129.24511718749994 40.661035156249994
129.10976562500002 40.491064453125006
128.94521484375014 40.42788085937502
128.84296875000018 40.358496093750006
128.7013671875 40.317529296874994
128.61074218750014 40.197900390624966
128.5112304687501 40.130224609375034
128.39296874999997 40.08896484374998
128.3044921875 40.03593750000002
128.10634765625014 40.032568359375034
127.96660156249999 39.99560546874997
127.86708984374997 39.89594726562501
127.56816406249999 39.78198242187497
127.52744140625003 39.695703124999966
127.54726562500002 39.56279296874999
127.54892578125009 39.461083984374966
127.52285156250002 39.377392578124955
127.45742187500002 39.40097656249998
127.42226562500014 39.37358398437499
127.38349609375001 39.29614257812503
127.39453125 39.207910156249994
127.49697265624997 39.17949218749996
127.58095703125014 39.143261718749955
127.69892578125018 39.12504882812499
127.78613281250011 39.084130859374994
127.97167968749994 38.89799804687499
128.123046875 38.81640624999997
128.16250000000014 38.78613281250003
128.24941406250014 38.745214843750034
128.32949218750014 38.680908203125
128.3746093750001 38.62343750000002
128.3394531250002 38.607861328124955
128.2792968750001 38.52377929687506
128.2231445312501 38.41699218749997
128.16865234375 38.359326171874955
128.10625 38.32734375000001
128.03896484374997 38.30854492187498
127.90527343750011 38.30043945312502
127.78466796874994 38.307714843750006
127.74550781249997 38.31923828125005
127.57949218750002 38.3125
127.53271484375 38.30498046874999
127.2940429687502 38.31328124999999
127.16953125000003 38.30454101562498
127.09033203125011 38.28388671875004
127.00966796875002 38.24052734374999
126.9400390625002 38.17558593749999
126.87890625000011 38.106054687500034
126.75429687500002 37.97895507812498
126.66679687500016 37.91718750000001
126.66650390625 37.82792968749996
126.66455078125011 37.80073242187501
126.6338867187502 37.78183593749998
126.62324218750007 37.790185546874994
126.57275390625 37.79682617187501
126.36992187500016 37.87836914062501
126.203125 37.82851562499999
126.16103515625014 37.76372070312502
126.11669921875 37.74291992187506
126.05029296875011 37.869824218749955
125.94169921875005 37.87368164062505
125.76914062500003 37.98535156249997
125.69501953125007 37.96269531249996
125.67617187500014 37.91772460937503
125.58154296875011 37.815039062500006
125.44931640625009 37.73022460937503
125.40664062500002 37.71904296874999
125.35781250000002 37.72480468749998
125.3648437500002 37.74824218749998
125.31074218750018 37.84350585937503
125.10195312500002 37.88208007812497
125.02675781250014 37.92260742187497
124.98876953124994 37.93144531249999
125.19316406250005 38.03779296874998
125.2466796875002 38.056835937499955
125.20673828125007 38.08154296875003
125.16259765625011 38.093652343749994
124.99501953124997 38.07783203124998
124.90703124999999 38.11264648437506
124.77949218750007 38.10151367187501
124.69091796875011 38.12919921874996
124.87451171874994 38.23339843750006
124.88271484375014 38.29497070312499
124.88056640625001 38.34165039062498
124.9737304687502 38.48012695312505
125.0673828125 38.556738281250006
125.30966796875003 38.665380859375034
125.41533203124999 38.680419921875
125.4917968750002 38.676123046875006
125.55449218749999 38.68623046875001
125.48867187500002 38.72778320312506
125.42421875000014 38.746875
125.29892578125009 38.742968750000045
125.16884765625014 38.80551757812498
125.1573242187502 38.87153320312501
125.40966796875 39.288378906250045
125.4131835937502 39.326269531250034
125.3736328125002 39.427636718749994
125.36083984375 39.526611328125
125.18007812500014 39.58349609375003
125.10009765625 39.59033203125
124.86787109375001 39.701806640624966
124.77529296874997 39.75805664062497
124.7388671875002 39.74150390624999
124.73222656249999 39.652197265625006
124.69921875000011 39.63237304687496
124.63828125000003 39.61508789062498
124.60761718750001 39.71694335937505
124.55742187499999 39.79057617187502
124.40380859375 39.86552734375002
124.34863281250011 39.90688476562502
124.37509765625009 39.99614257812499
124.36210937499999 40.004052734374994
124.38662109375014 40.10424804687497
124.48105468750009 40.18164062500003
124.71240234374994 40.319238281249994
124.77197265625011 40.38374023437498
124.88935546875007 40.459814453125034
124.94228515624997 40.458154296874966
124.996875 40.464746093749966
125.01337890625018 40.49785156249996
125.02597656250009 40.52387695312504
125.07294921875007 40.547460937500034
125.18593749999997 40.58940429687496
125.31445312499994 40.644628906250034
125.41689453125014 40.65991210937503
125.54257812500009 40.74257812499999
125.5938476562502 40.77895507812505
125.6451171875002 40.77895507812505
125.65917968750011 40.79589843750003
125.68828124999999 40.838671875000045
125.72832031250016 40.86669921874997
125.78398437500016 40.87202148437498
125.87490234375002 40.89223632812502
125.98906249999999 40.90463867187498
126.06679687500014 40.97407226562501
126.09316406249997 41.02368164062497
126.14453124999994 41.078271484374994
126.25361328125018 41.137792968750034
126.3287109375002 41.225683593750006
126.41181640625007 41.32133789062496
126.45146484375016 41.35185546874996
126.49042968750018 41.358056640624966
126.51357421875002 41.39399414062501
126.54013671875009 41.49555664062501
126.57832031250007 41.59433593749998
126.60126953125001 41.64096679687498
126.69697265625007 41.69189453125006
126.72158203125002 41.716552734375
126.74306640625014 41.724853515625
126.78769531250009 41.71821289062498
126.84726562500003 41.74799804687501
126.90351562500007 41.78105468749999
126.95478515625018 41.769482421874955
127.00693359375003 41.742041015625034
127.06132812500005 41.687353515625006
127.08535156250014 41.64379882812503
127.12841796875011 41.60742187499997
127.13671875000011 41.554541015625034
127.1796875 41.531347656250034
127.27080078124999 41.51982421874999
127.42031249999997 41.48378906250002
127.51699218750014 41.48173828124996
127.57216796875002 41.454736328124966
127.68769531250001 41.43999023437496
127.91865234375018 41.46113281250001
128.01308593750014 41.448681640624955
128.05273437499994 41.415625
128.11123046874997 41.389257812500034
128.1494140625001 41.38774414062499
128.2002929687501 41.433007812499966
128.2548828125001 41.50654296875004
128.29091796874997 41.562792968750045
128.28925781250018 41.60742187499997
128.2578125 41.65537109374998
128.1817382812502 41.700048828125006
128.1319335937502 41.76914062499998
128.08417968750007 41.84057617187497
128.05605468750002 41.86376953124997
128.03291015625018 41.898486328125045
128.02871093750014 41.95161132812501
128.04521484375005 41.9875
128.16015625 42.011621093749994
128.30781250000007 42.025634765625
128.42724609374994 42.0107421875
128.6267578125 42.020849609375006
128.74902343749994 42.040673828124966
128.83984375 42.037841796875
128.92343750000003 42.038232421874994
128.96064453125018 42.06879882812501
129.07724609375003 42.14238281249999
129.13369140625002 42.16850585937499
129.19550781250018 42.21845703125004
129.20537109375005 42.27055664062499
129.2177734375 42.312695312499955
129.25253906250003 42.35786132812501
129.31367187500018 42.41357421875
129.3658203125002 42.43920898437497
129.4236328125 42.435888671875006
129.48486328124994 42.41030273437502
129.52373046875016 42.384667968749966
129.567578125 42.39208984374997
129.60390625000014 42.435888671875006
129.62792968749994 42.44428710937504
129.6978515625002 42.44814453125002
129.7197265625001 42.475
129.74648437500014 42.60380859375002
129.7734375000001 42.70546875000002
129.77919921875014 42.776562499999955
129.84150390625007 42.894238281249955
129.86103515625 42.965087890625
129.89824218750016 42.99814453124998
129.94121093750005 42.99565429687499
129.97695312500002 42.97485351562503

