5.089062500000011 60.18876953124999
4.99697265625008 60.19775390625006
4.95556640625 60.243310546874994
4.94355468750004 60.27241210937498
4.95078125 60.341162109375034
4.930078125000051 60.41206054687501
4.957226562500068 60.447265625
4.990625 60.452050781249994
5.050195312499994 60.38896484375002
5.085839843750051 60.307568359374955

4.8701171875 61.071923828124966
4.799023437499983 61.082714843749955
4.824414062500011 61.17822265625006
4.861621093750045 61.19384765625003
4.91542968750008 61.199365234374994
4.973242187500034 61.148242187500074
4.958691406250011 61.08457031249998

8.004687500000074 63.3369140625
7.888281249999977 63.352343750000045
7.815332031250051 63.385058593750045
7.804003906250045 63.41391601562498
7.93837890625008 63.449804687500006
8.073535156250074 63.470800781250006
8.136132812500023 63.431347656249955
8.140917968750045 63.36640624999998
8.102734375000068 63.337597656249955

8.356152343750011 63.664794921875
8.287109375000057 63.68715820312502
8.451269531250034 63.731835937499994
8.708886718750023 63.77431640625002
8.733398437500028 63.80131835937502
8.7646484375 63.80463867187498
8.809179687500006 63.77143554687498
8.814843750000023 63.72597656250005
8.786523437500023 63.70346679687498
8.470800781250006 63.66713867187505

11.179003906249989 64.83803710937502
11.0625 64.86040039062505
10.832519531250028 64.84311523437498
10.739843750000063 64.87031250000001
10.813476562500057 64.92324218749997
11.020996093750057 64.97871093749998
11.132617187500045 64.976171875
11.246191406250006 64.90791015624995
11.231445312500028 64.865869140625

11.90185546875 65.595703125
11.778320312500057 65.60454101562505
11.765136718750028 65.63095703125
11.800390625000034 65.68388671875005
11.875390625000023 65.705908203125
11.972363281250068 65.7015625
12.003222656250045 65.67944335937503
11.967968750000068 65.62651367187499

12.429492187500017 65.899072265625
12.43017578125 65.93994140624997
12.476074218750028 65.97709960937499
12.548828125 66.00190429687498
12.642382812500045 66.008544921875
12.747070312499972 66.01137695312497
12.778808593750057 65.99169921875003
12.718652343750051 65.96386718749997
12.509570312499989 65.90195312499998

12.327343750000011 66.03662109375006
12.342773437500028 66.08076171874998
12.417675781250011 66.12265624999998
12.446386718750006 66.15131835937495
12.461328125000023 66.18500976562498
12.527441406250006 66.21054687500003
12.620800781250011 66.17792968749995
12.622656250000034 66.12246093750002
12.576367187500011 66.07192382812497
12.419921875000028 66.04326171874999

12.824023437500017 67.82124023437501
12.8779296875 67.91777343750005
12.957714843749983 68.01547851562503
13.068066406250011 68.07133789062505
13.122851562500074 68.04941406250003
13.097753906250006 68.00268554687503
13.098242187500034 67.95644531250002
13.07460937499999 67.9345703125
12.971777343750006 67.87412109375003

13.93232421875004 68.24824218749995
14.087695312500074 68.25322265624999
14.11884765625004 68.24682617187503
14.096777343750063 68.21860351562503
14.029296875 68.18754882812502
13.8876953125 68.16850585937505
13.824023437500017 68.12109374999997
13.778417968750034 68.10498046874997
13.656152343749994 68.10478515625005
13.583984375000028 68.09384765625003
13.495214843749977 68.05166015624997
13.42421875 68.082763671875
13.404394531250034 68.06069335937502
13.39150390625008 68.02124023437497
13.352050781250028 68.00966796875002
13.229394531250023 67.99536132812503
13.199511718750045 68.087255859375
13.255957031250006 68.12060546874997
13.300195312500051 68.16044921875002
13.367968749999989 68.16655273437502
13.428710937500028 68.16323242187505
13.53798828125008 68.24902343750003
13.68769531250004 68.27338867187501
13.784082031250051 68.27612304687503
13.872851562500017 68.26533203124995

15.337207031249989 68.84243164062502
15.396582031250006 68.78359375000002
15.348437500000074 68.67241210937505
15.22207031250008 68.61630859374998
15.02705078125004 68.60634765625
14.890234375000063 68.61098632812497
14.804003906250074 68.63798828125005
14.793261718750017 68.66826171874999
14.743457031249989 68.67719726562495
14.612109375000074 68.63833007812502
14.520800781250017 68.633056640625
14.40468750000008 68.66323242187502
14.373437500000023 68.71142578125
14.496679687500006 68.771875
14.553710937499972 68.81884765625003
14.690429687500028 68.81469726562497
14.724609374999972 68.80009765625002
14.801855468750006 68.79096679687504
14.848828125000068 68.84755859375002
14.837988281249977 68.88666992187498
14.872363281250074 68.91386718750002
15.0375 68.89428710937503
15.037792968750011 69.00053710937499
15.101855468750017 69.00800781250001
15.128125 69.00395507812499
15.175585937500017 68.98154296875003
15.207128906250063 68.94311523437503

15.772363281249994 68.55419921875003
15.908593750000051 68.65048828125
16.0595703125 68.680517578125
16.068945312500034 68.714013671875
16.127441406250057 68.746435546875
16.12080078125004 68.79936523437505
16.150585937500068 68.84238281250003
16.2275390625 68.85375976562503
16.27558593750004 68.86831054687497
16.328906250000045 68.876318359375
16.42519531250005 68.84155273437503
16.47968750000004 68.80292968749998
16.54736328124997 68.71655273437497
16.51923828125001 68.63300781250001
16.337988281250034 68.56787109374997
16.193945312500006 68.53847656250002
16.048437500000034 68.46367187500005
15.97529296875004 68.40249023437502
15.9125 68.38925781249998
15.87275390625004 68.39423828125004
15.837402343750028 68.40903320312503
15.763671875 68.40908203125002
15.682519531249994 68.35600585937505
15.4375 68.31284179687498
15.341406250000063 68.32529296875
15.337011718750034 68.37822265625005
15.2796875 68.37382812500005
15.187890625000051 68.310400390625
15.098046875000023 68.28920898437502
15.037695312500006 68.28271484375006
14.926855468750063 68.30659179687501
14.628906250000028 68.19848632812503
14.349511718750023 68.17827148437499
14.25751953125004 68.19077148437498
14.257226562500051 68.25693359375003
14.437792968750074 68.34155273437503
14.585839843750051 68.40034179687504
15.0953125 68.44140625000006
15.41259765625 68.61582031250006
15.489257812500057 68.80532226562502
15.564257812500074 68.87373046875001
15.529003906249983 68.91240234374999
15.443652343750017 68.91918945312503
15.438476562500028 68.97856445312505
15.483007812500034 69.04345703125003
15.649511718750034 69.132568359375
15.741992187500045 69.17050781249998
15.892675781250006 69.27788085937502
15.965332031250057 69.30205078125005
16.04804687500004 69.30205078125005
16.129492187500034 69.27392578125
16.114843750000063 69.21640625
15.992675781250028 69.112646484375
15.81171875000004 69.02421875000002
15.833789062499989 68.96074218749999
15.905859375000034 68.90849609374999
15.923535156250068 68.819189453125
15.927929687499983 68.73320312499999
15.790722656250011 68.61704101562503
15.760351562500034 68.56123046874995

17.62324218750004 69.53906250000003
17.677343750000063 69.55654296875002
17.783691406250057 69.56303710937502
17.86279296875 69.54296875000003
17.92744140625004 69.50664062499999
18.00410156250001 69.50498046875
18.052246093750057 69.45751953125003
18.076757812499977 69.39575195312497
18.02109375 69.34960937499997
17.942089843749983 69.32871093749998
17.920703125000074 69.27431640625
17.950683593750057 69.19814453125002
17.773535156250034 69.17202148437502
17.568164062500017 69.16040039062497
17.487890625 69.19682617187502
17.323632812500023 69.130029296875
17.160937500000017 69.02592773437502
17.08251953125003 69.013671875
17.07705078125005 69.04663085937497
16.96015625000004 69.06938476562499
16.810449218750023 69.070703125
16.815429687500057 69.0951171875
16.842578125000074 69.11235351562505
16.971777343750034 69.13789062500001
16.99755859375003 69.190625
16.974121093750057 69.28471679687499
16.996875 69.33037109375005
17.00175781249999 69.3619140625
17.08300781250003 69.39882812499997
17.360839843750057 69.381494140625
17.39453125 69.41669921874995
17.37343750000005 69.43886718750005
17.229882812500023 69.47768554687497
17.251953125 69.50380859375002
17.355566406250063 69.52714843749999
17.45361328125003 69.53017578125
17.48310546875001 69.56967773437503
17.48818359375008 69.58686523437498
17.503027343749977 69.59624023437505

29.766210937500034 69.76752929687504
29.744238281250034 69.79160156250003
29.78593750000016 69.82905273437495
29.835839843750136 69.90556640624999
29.913964843750136 69.90244140624998
29.99296875000016 69.87324218749998
30.055175781249943 69.83837890624997
29.956152343750034 69.79677734375002

20.725292968749983 70.06650390625
20.64257812500003 70.05703125000002
20.59804687499999 70.07143554687502
20.534667968750057 70.080908203125
20.464257812500023 70.07656250000002
20.405078125000045 70.11914062499997
20.411718750000063 70.15488281249998
20.492773437500063 70.20332031249998
20.654882812500034 70.230859375
20.786035156250023 70.21953125000002
20.819433593749977 70.20546875
20.77919921875005 70.08974609375002

19.34375 70.011962890625
19.42226562499999 70.0171875
19.445898437500034 70.03774414062502
19.49951171875003 70.04790039062505
19.60781250000005 70.01914062500003
19.59228515625 69.97016601562501
19.44238281250003 69.90839843749995
19.334765625000045 69.82026367187501
19.197070312500045 69.79980468750003
19.130859375000057 69.81044921874997
19.00781250000003 69.75957031250002
18.90917968750003 69.70668945312497
18.806933593750045 69.63984374999995
18.800683593750023 69.60537109375002
18.784765624999977 69.57900390625
18.410253906250063 69.55283203124998
18.27412109375004 69.535498046875
18.129882812500057 69.55786132812503
18.0615234375 69.60209960937499
18.08349609375003 69.626123046875
18.22744140625005 69.6357421875
18.23203125 69.6767578125
18.26845703125005 69.70180664062497
18.315039062500034 69.715478515625
18.34931640625001 69.76787109375002
18.40625 69.78154296875005
18.51240234375001 69.76865234374998
18.58398437500003 69.80659179687498
18.624316406250074 69.81303710937507
18.674023437500068 69.78164062499997
18.697949218750068 69.824853515625
18.674023437500068 69.86430664062502
18.68652343750003 69.89091796875002
18.823828125000034 69.960107421875
18.88320312500005 70.01054687499999
18.96865234375005 70.04301757812502
19.05097656250004 70.03784179687503
19.07490234375004 70.085693359375
19.05097656250004 70.13466796875005
19.06005859375003 70.16660156249998
19.13271484375008 70.24414062499997
19.212695312500045 70.24746093750002
19.24941406250005 70.178564453125
19.25507812500004 70.06640625

19.818359375000057 70.20498046874997
19.86865234375 70.21225585937503
19.910449218750074 70.20190429687497
19.99414062499997 70.149267578125
20.084277343750045 70.12856445312505
20.088476562500006 70.10205078124997
20.005957031250006 70.07622070312505
19.897265625000045 70.06845703125006
19.780859375000063 70.07744140625002
19.746679687500006 70.110498046875
19.710839843749994 70.16533203124999
19.613476562500068 70.219091796875
19.59902343750005 70.26616210937502
19.683789062499983 70.273583984375
19.76748046875008 70.21669921874997

23.633984375000068 70.50253906250003
23.64101562500008 70.46396484374998
23.547753906249994 70.40815429687498
23.33281249999999 70.3349609375
23.345117187500023 70.31528320312498
23.27070312500004 70.29648437499998
23.159179687500057 70.2826171875
23.10029296875004 70.29609374999998
23.10839843750003 70.35883789062495
23.090625 70.37763671874998
23.005957031250006 70.35278320312497
22.917871093750023 70.38466796875
22.91777343749999 70.41674804687503
22.941015625000034 70.44458007812503
23.0224609375 70.48691406250003
23.158398437499983 70.51606445312501
23.248046875000057 70.50512695312503
23.546679687500045 70.61708984375
23.578906250000045 70.59365234375002
23.615332031250006 70.54931640624997

23.82714843749997 70.52749023437497
23.716601562500017 70.56186523437503
23.670117187500068 70.5970703125
23.663281249999983 70.67524414062495
23.68916015625004 70.72280273437497
23.778417968750006 70.74736328124999
23.836523437500034 70.72939453124997
23.85205078125 70.71435546875
23.956445312500023 70.69960937500002
24.078320312499983 70.65058593749998
24.017578125000057 70.5673828125

23.4208984375 70.78442382812497
23.38710937500005 70.75390624999997
23.305175781250057 70.7216796875
23.068164062500074 70.59409179687503
22.92890625000004 70.57353515625002
22.88476562500003 70.55351562500002
22.829101562500057 70.54155273437499
22.656054687500045 70.55903320312498
22.605371093750023 70.53315429687495
22.55751953125005 70.51586914062497
22.432226562500006 70.50917968749997
22.358691406250045 70.51479492187502
22.16875 70.56210937499998
22.055761718750063 70.61333007812505
21.994531250000023 70.65712890625
22.170019531250063 70.65629882812499
22.23261718750004 70.66689453125002
22.35029296875001 70.65766601562501
22.420996093750034 70.70258789062501
22.57070312500008 70.69716796874997
22.85810546875001 70.72841796875002
22.96357421875001 70.71098632812505
23.2046875 70.81547851562502
23.280175781250023 70.81274414062497
23.395605468750006 70.84257812500002
23.440527343750006 70.81577148437498

27.998828125000045 70.66425781250001
28.215625 70.704345703125
28.271777343750074 70.66796874999997
28.202734375000034 70.57690429687497
28.191015625000034 70.44018554687503
28.166015625 70.36040039062502
28.166015625 70.28764648437502
28.19296875 70.24858398437499
28.280078125000074 70.40341796874998
28.309863281250017 70.44306640624998
28.437304687500045 70.50136718749997
28.484765625000023 70.618798828125
28.609375 70.75966796875
28.749804687500017 70.84150390624998
28.83154296874997 70.86396484375001
29.102343750000074 70.8607421875
29.218554687500045 70.829931640625
29.32109375000016 70.76147460937503
29.39765625000001 70.73413085937503
29.639062500000023 70.70502929687498
29.72197265624999 70.6685546875
29.737500000000182 70.646826171875
29.79648437500009 70.64252929687495
29.959375 70.69438476562502
30.06513671875001 70.702978515625
30.237695312500023 70.62216796874998
30.203027343750136 70.56230468750002
30.21318359375016 70.54331054687498
30.422070312500182 70.54716796875005
30.595898437500182 70.52368164062497
30.92636718750009 70.40112304687497
30.96064453125001 70.34384765625003
30.94414062500016 70.2744140625
30.468945312500068 70.19785156250003
30.26298828124999 70.12470703124995
29.92587890625009 70.09648437499999
28.781152343750023 70.14541015625
28.804296875 70.09252929687497
29.60136718750016 69.97675781250001
29.646875 69.94370117187503
29.621386718750045 69.87407226562507
29.620996093750136 69.81821289062506
29.635937500000182 69.780126953125
29.694628906250045 69.74458007812498
29.79208984375009 69.72788085937503
29.99033203125009 69.73666992187503
30.088281250000136 69.71757812499999
30.155175781249966 69.74594726562498
30.180078125000023 69.841162109375
30.23759765625016 69.86220703124997
30.348828125000182 69.8345703125
30.39726562499999 69.73281249999997
30.428320312500034 69.72226562500003
30.484375 69.79487304687501
30.59453125000016 69.7896484375
30.714453125000034 69.79570312499999
30.86972656250009 69.78344726562497
30.92412109375016 69.65175781249997
30.92246093750009 69.60581054687503
30.896679687500068 69.56123046875001
30.860742187500136 69.53842773437498
30.788867187500045 69.52851562500001
30.615429687500068 69.53256835937503
30.37968750000016 69.584716796875
30.2275390625 69.63378906249997
30.180175781250114 69.63583984375003
30.159765625000034 69.62988281249997
30.196484375000068 69.58056640625003
30.18671875000001 69.54277343749999
30.163769531250068 69.50161132812502
30.131835937500114 69.46425781249997
30.087304687500023 69.43286132812497
29.994042968750136 69.39248046875
29.83271484375001 69.36044921875006
29.38828125000009 69.29814453125005
29.35302734375 69.27060546875003
29.2099609375 69.09702148437503
29.1708984375 69.071533203125
29.118554687499994 69.04995117187502
28.96582031249997 69.02197265625003
28.891894531250017 69.06059570312499
28.832617187500006 69.11899414062498
28.846289062500034 69.17690429687497
29.02490234375003 69.28798828125002
29.19179687499999 69.36669921875
29.23886718750009 69.39394531250002
29.333398437499966 69.47299804687498
29.1416015625 69.67143554687499
28.800390625000034 69.73149414062505
28.411718750000063 69.82275390625
28.269140625000063 69.87143554687498
28.04726562500008 69.97167968749997
27.88994140624999 70.061669921875
27.74785156249999 70.06484375000002
27.59169921875008 70.04223632812503
27.34804687500008 69.96005859375
27.205664062500034 69.918701171875
27.127539062500006 69.906494140625
27.10869140624999 69.9046875
26.934277343749983 69.928125
26.74023437499997 69.93305664062501
26.58427734374999 69.92631835937505
26.525390625 69.91503906249997
26.308203124999977 69.78193359374995
26.156152343749994 69.714697265625
26.07246093750001 69.691552734375
26.011523437500017 69.65263671874999
25.961523437500063 69.588623046875
25.850195312500006 69.36650390625005
25.767187499999977 69.28266601562501
25.748632812500034 69.23144531249997
25.768164062500006 69.07612304687495
25.748339843750045 68.99013671875002
25.64667968750004 68.91914062500004
25.575292968750063 68.88715820312498
25.48085937499999 68.880615234375
25.35712890625001 68.86245117187502
25.249121093750034 68.82133789062499
25.172851562500057 68.76528320312502
25.08691406250003 68.63959960937501
24.941406250000057 68.59326171874997
24.802441406249983 68.60649414062502
24.703222656250034 68.65283203125003
24.490527343750045 68.68867187499998
24.33203125 68.7115234375
24.154101562500074 68.76088867187502
23.997363281250017 68.79843750000003
23.85400390625003 68.80590820312497
23.772558593750063 68.75839843749998
23.70703125000003 68.71386718750003
23.4625 68.67763671875002
23.324023437500074 68.64897460937505
23.144335937500045 68.642578125
23.07167968750008 68.67436523437499
22.81103515625 68.6953125
22.50068359375001 68.72021484375
22.410937500000045 68.71987304687502
22.382910156250006 68.77661132812503
22.300390624999977 68.85585937500002
22.079687500000063 68.9927734375
21.98945312500004 69.04111328125
21.819726562500023 69.15449218750001
21.62177734375001 69.27070312499998
21.59375 69.27358398437502
21.46123046874999 69.27749023437502
21.26679687500001 69.27368164062497
21.14375 69.24726562499998
21.066113281250068 69.214111328125
21.05263671875008 69.18657226562499
21.127832031250023 69.080810546875
21.104492187500057 69.05444335937497
21.065722656250074 69.04174804687497
20.889257812500006 69.07143554687497
20.675878906250063 69.06948242187502
20.622167968750034 69.03686523437503
20.491992187500074 69.03330078125
20.11669921875 69.02089843749997
20.282324218749977 68.934326171875
20.33710937500004 68.89965820312497
20.34804687500005 68.84873046874998
20.319433593750006 68.75405273437497
20.240039062500074 68.67314453125002
20.147460937500057 68.60732421875
19.968847656249977 68.54204101562502
20.240039062500074 68.47753906250003
20.055957031250045 68.39038085937503
19.969824218750006 68.35639648437495
19.870019531250023 68.36225585937498
19.69121093749999 68.392431640625
19.25898437500004 68.46533203125003
19.052636718750023 68.49272460937502
18.868261718750034 68.50112304687497
18.769824218750045 68.50004882812499
18.37861328125001 68.56240234375
18.303027343750074 68.555419921875
18.162597656250057 68.52841796875
18.147070312500006 68.4677734375
18.15595703125004 68.31684570312498
18.17666015625008 68.20063476562501
18.125 68.13344726562502
18.07324218749997 68.08784179687495
17.916699218750068 67.96489257812505
17.564746093750045 68.0484375
17.32460937500005 68.10380859375002
17.170507812500006 68.030126953125
16.78359375000005 67.89501953125003
16.585546875000034 67.62832031249997
16.574121093750023 67.61958007812495
16.457128906250063 67.5517578125
16.307128906250057 67.52060546875003
16.19355468750001 67.50517578124999
16.127441406250057 67.42583007812499
16.28154296874999 67.31206054687502
16.360644531250045 67.25200195312502
16.43427734375004 67.15507812499999
16.420703125000017 67.09335937500003
16.403515625000068 67.05498046875005
16.23769531250005 66.976416015625
15.884179687500051 66.76884765625002
15.557031250000023 66.55209960937498
15.422949218750063 66.48984375
15.483789062500023 66.30595703125002
15.374902343750023 66.25205078124998
15.1533203125 66.19106445312497
15.040039062500028 66.16752929687499
14.917968750000028 66.1537109375
14.543261718750074 66.12934570312501
14.609960937499977 65.93227539062502
14.635156250000051 65.84501953124999
14.634570312500017 65.79326171875002
14.595800781250034 65.74287109374998
14.549511718750011 65.64638671875002
14.479687500000011 65.30146484375001
14.426269531250028 65.26435546875001
14.352441406250023 65.17084960937495
14.11513671875008 64.946142578125
13.924804687500028 64.79677734374997
13.650292968750051 64.58154296875
13.873535156250057 64.51357421875
14.077636718749972 64.46401367187502
14.119921875000074 64.38774414062505
14.148046875000034 64.26030273437502
14.141210937500063 64.17353515625001
14.063281250000074 64.09550781250002
14.002734374999989 64.04072265624995
13.960546875 64.014013671875
13.670703125000045 64.040625
13.299609375000017 64.07480468750006
13.20351562500008 64.07509765625002
12.987597656250045 64.05048828124998
12.792773437500045 64
12.690039062500006 63.95742187500002
12.6625 63.940478515625045
12.53271484375 63.84355468750002
12.301953125000068 63.67119140624999
12.175195312499994 63.59594726562503
12.212109375000068 63.49223632812502
11.99990234375008 63.29169921875004
12.138671875000028 63.089160156250074
12.144628906250006 63.08251953125006
12.218164062500051 63.000634765624966
12.141015625000051 62.94785156250006
12.108593750000011 62.919482421875045
12.119628906250057 62.825927734375
12.139843749999983 62.721337890624994
12.121875 62.660009765625034
12.114550781249989 62.591894531250006
12.303515625000045 62.285595703124955
12.301367187500034 62.213769531249994
12.2919921875 62.167431640624955
12.233691406250017 61.976855468750045
12.155371093750063 61.72075195312499
12.292089843750006 61.653466796874966
12.486816406249972 61.572998046875
12.596093750000051 61.54130859375002
12.757519531250068 61.44570312499999
12.880761718750051 61.35229492187497
12.863671875000023 61.29028320312506
12.828222656250006 61.221826171874966
12.7763671875 61.173974609374966
12.727832031250045 61.108251953125006
12.706054687500057 61.05986328124999
12.68300781250008 61.04682617187501
12.467578125000074 61.04150390625
12.35371093750004 61.023193359375
12.294140624999983 61.002685546875
12.314648437499983 60.89213867187502
12.445312500000057 60.68964843749998
12.553808593750034 60.54565429687506
12.588671875000045 60.45073242187499
12.552832031250034 60.3544921875
12.51582031250004 60.30522460937502
12.514648437500057 60.23886718749998
12.486132812500017 60.10678710937498
12.40205078125004 60.04003906249997
12.2919921875 59.96723632812498
12.169238281250045 59.91289062500002
12.071875 59.897607421874994
11.988281250000028 59.891308593749955
11.932128906250057 59.86367187500002
11.88125 59.782470703125
11.834277343750017 59.69716796875002
11.680761718750006 59.59228515624997
11.684863281250017 59.555761718750006
11.74335937500004 59.43144531249999
11.798144531250017 59.289892578125006
11.751855468749994 59.15756835937506
11.712207031250017 59.018652343750006
11.642773437500068 58.926074218750045
11.543554687500006 58.89301757812498
11.470703125 58.90952148437498
11.38828125 59.036523437499994
11.386425781250068 59.06572265624999
11.365917968750068 59.10454101562499
11.132128906250045 59.143212890624966
11.090820312499972 59.141796874999955
10.99892578125008 59.16445312500002
10.94501953125004 59.17084960937501
10.834472656249972 59.183935546875006
10.74257812500008 59.295996093750006
10.64492187500008 59.38920898437499
10.631054687500011 59.42817382812504
10.634375 59.60249023437501
10.604492187500028 59.680029296875006
10.5953125 59.764550781249994
10.533886718750011 59.69580078125003
10.569531250000011 59.58710937499998
10.49375 59.54150390625003
10.398144531249983 59.519335937500045
10.407128906250051 59.455664062500034
10.446386718750063 59.44360351562497
10.454589843750028 59.37749023437502
10.431347656250011 59.27963867187506
10.243164062500028 59.062060546875045
10.205175781250034 59.03867187499998
10.179394531250011 59.00927734375003
10.083105468750034 59.02880859375003
9.959570312500006 58.96821289062501
9.842578125000045 58.95849609375
9.800195312500023 59.02705078125001
9.63515625000008 59.117773437500034
9.557226562500006 59.112695312499966
9.62714843750004 59.06791992187499
9.696093750000045 59.009716796874955
9.656933593750068 58.97119140625
9.618457031250045 58.94604492187503
9.551074218749989 58.933007812499966
9.30996093750008 58.856835937499994
9.395800781250074 58.80566406250003
9.322949218750068 58.74755859375
9.238671875000023 58.73901367187506
9.19375 58.71186523437501
9.178125 58.675
8.928417968750068 58.569970703124994
8.521386718749994 58.30058593749999
8.312207031250011 58.224462890625034
8.166113281250006 58.145312500000074
8.037402343749989 58.14726562500002
7.875585937500063 58.079980468749994
7.465917968750006 58.020947265624955
7.194140625000074 58.047656250000074
7.004882812500057 58.02421874999999
6.903417968749977 58.07050781250001
6.890234375000063 58.102294921875
6.895312500000017 58.12075195312502
6.912304687500011 58.14287109375002
6.877050781250034 58.150732421875006
6.802832031250006 58.154541015625
6.771093750000034 58.132226562499966
6.76679687500004 58.08154296875003
6.731445312500028 58.06831054687501
6.590527343750011 58.097314453124966
6.55507812500008 58.123437499999966
6.605761718750017 58.176367187500006
6.692480468750006 58.22402343750002
6.6767578125 58.233789062499966
6.659863281250011 58.26274414062502
6.617578125000023 58.266406250000045
6.491503906249989 58.25942382812505
6.3890625 58.26796875
6.0546875 58.375146484374994
5.9765625 58.43232421875001
5.706835937500017 58.523632812499955
5.585937499999972 58.620410156250045
5.51728515625004 58.72651367187498
5.522460937500028 58.82265625000002
5.555566406250023 58.975195312500034
5.612207031249994 59.01289062499998
5.854296875000045 58.95947265625003
6.09902343750008 58.870263671874966
6.137304687500063 58.874658203124966
6.214160156250074 58.944677734375034
6.36328125 59.00092773437504
6.321093750000017 59.016455078125006
6.099414062500045 58.95195312499999
6.016992187500051 58.987695312499994
5.889160156250028 59.06049804687498
5.889160156250028 59.09794921874999
5.94873046875 59.13544921874998
5.968554687500045 59.186132812500006
5.937304687500074 59.23398437499998
5.951855468750011 59.29907226562503
6.05068359375008 59.36816406249997
6.198925781249983 59.438085937500006
6.305664062499972 59.50556640624998
6.415332031250017 59.547119140625
6.40390625 59.56098632812498
6.27851562500004 59.534521484375034
6.158593750000023 59.48964843750002
6.017382812500045 59.41445312499999
5.845214843750057 59.35346679687498
5.717968750000068 59.32983398437497
5.657324218750063 59.31025390624998
5.564062500000063 59.29121093750001
5.467578125000017 59.20380859374998
5.3623046875 59.16635742187498
5.173242187500023 59.16254882812501
5.131640625000074 59.226464843749966
5.185058593750028 59.45366210937499
5.242187500000028 59.56430664062506
5.304882812500011 59.642578125
5.40351562500004 59.65576171875003
5.472460937500045 59.71308593749998
5.52968750000008 59.71308593749998
5.579492187499994 59.686621093750006
5.772167968750011 59.66093750000002
5.867285156250006 59.73398437499998
5.991015624999989 59.74467773437502
6.216601562500045 59.81835937500003
6.211914062500057 59.831787109375
6.05927734375004 59.815576171874994
5.966699218750023 59.813183593749955
5.833984374999972 59.794677734375
5.763476562500017 59.80791015625002
5.730468750000028 59.86308593749999
5.783593750000023 59.91279296874998
5.996484375000051 60.03149414062503
6.069921875 60.08349609375003
6.11181640625 60.132080078125
6.105175781249983 60.16513671874998
6.14052734375008 60.233496093750034
6.348730468750034 60.352978515624955
6.51806640625 60.40756835937498
6.573632812500023 60.360595703125
6.5263671875 60.213623046875
6.52685546875 60.15292968749998
6.660937500000045 60.36723632812502
6.719921874999983 60.41816406250001
6.787109375 60.45410156250006
6.94970703125 60.47822265624998
6.995703125000034 60.51196289062503
6.806347656250011 60.500781250000045
6.346972656250045 60.41909179687502
6.153320312500028 60.34624023437502
6.101757812500011 60.290136718750034
5.967382812499977 60.20556640625003
5.904394531250034 60.15063476562503
5.876562500000034 60.070019531249955
5.800878906249977 60.026220703125006
5.698828124999977 60.010009765625
5.557031250000051 59.907763671875045
5.494531250000023 59.825585937499994
5.353417968750051 59.76010742187498
5.263867187500011 59.70976562500002
5.234472656250063 59.69179687499999
5.186035156250057 59.642285156249955
5.145800781250017 59.63881835937505
5.11074218750008 59.667822265625006
5.104882812500023 59.73168945312506
5.119238281250034 59.833691406249955
5.187109375 59.90708007812498
5.219531250000045 59.97875976562503
5.174414062499977 60.04570312499999
5.205664062500063 60.087939453125045
5.265429687500045 60.08647460937502
5.376464843750028 60.067236328125006
5.494531250000023 60.07031250000003
5.688574218750034 60.123193359374966
5.657617187500023 60.154101562500045
5.573828125 60.158496093750045
5.417382812500023 60.154101562500045
5.28583984375004 60.205712890624994
5.18359375 60.30839843750002
5.137109375000023 60.44560546875002
5.16816406250004 60.48481445312501
5.546484375000034 60.624560546875045
5.648339843749994 60.68798828125
5.589355468750057 60.694287109374955
5.447363281250006 60.617333984374994
5.244042968750051 60.56958007812503
5.115820312500034 60.63598632812497
5.049121093750045 60.70751953124997
5.010742187500028 60.85854492187502
5.024609375000011 60.936132812500006
5.008593750000045 61.038183593750034
5.095410156250068 61.07133789062502
5.192480468750034 61.0537109375
5.288183593749977 61.04716796874999
5.50527343750008 61.056103515624955
5.983984374999977 61.117333984374994
6.292578125000063 61.08095703125002
6.417968750000028 61.08427734374999
6.609863281250057 61.13701171874999
6.777832031249972 61.142431640625034
6.903417968749977 61.102148437500006
6.972070312500023 61.05595703125002
6.980566406249977 60.99414062500003
7.038671875 60.952929687500074
7.077929687500017 60.96630859375003
7.046679687500045 61.015283203124966
7.040136718750034 61.09116210937498
7.545019531250034 61.177148437499994
7.6044921875 61.21054687499998
7.403906249999977 61.22216796875003
7.346582031250023 61.30058593750002
7.452539062500023 61.41923828125002
7.44257812500004 61.434619140625045
7.331152343750006 61.37202148437501
7.276269531249994 61.283935546875
7.298046875000011 61.21362304687497
7.275976562500034 61.18095703124999
7.17353515625004 61.165966796874955
6.942578125000068 61.16054687499999
6.794335937500051 61.190380859374955
6.657031250000074 61.206591796875045
6.610253906250023 61.229101562500006
6.625878906250023 61.27929687500003
6.599902343750045 61.289648437500006
6.543066406250034 61.244531249999966
6.492578125000051 61.15458984375002
6.383496093750011 61.13388671874998
6.08251953125 61.167285156250045
5.646777343750045 61.14760742187502
5.451269531250006 61.102343750000045
5.324609375000023 61.108251953125006
5.106738281250045 61.18754882812499
5.02167968750004 61.250585937500034
4.989941406250068 61.377685546875
5.002734375000017 61.43359375000003
5.172460937500034 61.457128906250034
5.258300781250028 61.45546875000005
5.338671875000045 61.48549804687502
5.267578125000057 61.50502929687502
5.167578125 61.54335937499999
5.099414062500074 61.62016601562502
4.996679687500006 61.64521484374998
4.927832031250034 61.710693359375
4.910351562500011 61.80957031249997
4.930078125000051 61.87832031250002
4.98505859375004 61.90043945312502
5.116992187500017 61.885400390624966
5.465332031250028 61.89692382812501
5.793261718750045 61.82709960937498
6.015820312499983 61.7875
6.466699218750023 61.807421875000074
6.730761718750074 61.869775390624966
6.682324218750068 61.88701171875002
6.395898437500051 61.850976562499966
6.131152343750045 61.852441406249994
5.66445312500008 61.922900390625045
5.47304687500008 61.945605468750074
5.266894531249989 61.935595703125074
5.15957031250008 61.95698242187498
5.096484375000017 62.026660156250045
5.143164062500006 62.15991210937503
5.24091796875004 62.18867187500001
5.29384765625008 62.153906250000034
5.357714843750017 62.151708984375034
5.422363281250057 62.207373046875006
5.484277343750051 62.239111328125006
5.533300781250006 62.31088867187506
5.718164062500023 62.37890624999997
5.796289062500023 62.384667968749994
5.908300781250034 62.41601562499997
5.979785156250017 62.40712890625002
6.02558593750004 62.37568359375001
6.08349609375 62.34960937500003
6.208984375 62.35278320312497
6.580078125000028 62.407275390625045
6.62001953125008 62.423291015624955
6.692382812499972 62.46806640625002
6.457128906250006 62.448095703125034
6.26171875 62.416308593750045
6.13613281250008 62.407470703125
6.118457031250017 62.44716796875002
6.16474609375004 62.482421875
6.2375 62.51992187499999
6.272851562500051 62.58383789062498
6.352929687500023 62.61113281250002
6.439453125000057 62.60966796874999
6.618359375000011 62.621289062499955
6.744628906250057 62.637890624999955
6.961132812500011 62.62675781250002
7.283789062500034 62.602294921875
7.491796875000034 62.54282226562506
7.570117187500017 62.54819335937498
7.653125 62.56401367187502
7.690722656250074 62.585595703124966
7.527441406250006 62.61030273437504
7.518164062500006 62.6455078125
7.538378906250017 62.67207031250001
7.8046875 62.72099609375002
8.095507812500017 62.73183593750002
8.045507812500034 62.77124023437506
7.408398437500011 62.711767578125006
7.242089843750051 62.75234375000002
7.110839843750057 62.752001953125045
7.024902343750057 62.72880859375002
6.779980468750068 62.70073242187499
6.734960937500034 62.72070312499997
6.781542968750017 62.78964843749998
6.928222656249972 62.90273437500002
6.940429687499972 62.930468750000074
7.008496093749983 62.95766601562502
7.38906250000008 63.02329101562498
7.571875 63.09951171875005
7.654296875000028 63.109179687500045
7.736035156250068 63.103857421875034
7.860351562499972 63.11279296875
8.1005859375 63.090966796874994
8.21113281250004 62.995507812499994
8.310546875000028 62.96552734375001
8.623144531250034 62.846240234375045
8.609179687500045 62.88056640625001
8.338574218750068 63.04218750000001
8.235156250000045 63.082177734374966
8.158007812500045 63.161523437499966
8.184472656250023 63.23652343749998
8.271484375 63.286572265624955
8.580175781250006 63.313378906249994
8.635546874999989 63.342333984375045
8.641015625000051 63.39208984374997
8.59375 63.42612304687498
8.48017578125004 63.424169921875006
8.386523437500074 63.445263671874955
8.360742187500051 63.498876953125034
8.39814453125004 63.535107421874955
8.576171874999972 63.601171875
8.673632812500017 63.62260742187502
8.842382812500034 63.645898437499966
9.135839843750034 63.593652343749994
9.158105468750051 63.566259765625006
9.075878906249983 63.50039062499999
9.084179687500011 63.46342773437502
9.156054687500074 63.45932617187498
9.323632812500023 63.570361328125045
9.520703125000011 63.58569335937497
9.60224609375004 63.609570312499955
9.696875 63.62456054687499
9.832226562500068 63.52416992187506
9.89150390625008 63.49204101562498
9.93603515625 63.47885742187506
9.979199218749983 63.395263671875
10.020996093749972 63.39082031249998
10.080566406250028 63.43271484374998
10.188574218750006 63.454785156249955
10.340039062500068 63.46933593749998
10.590917968750006 63.44721679687501
10.704492187500051 63.463574218749955
10.760156250000023 63.461279296875034
10.706738281250068 63.536328124999955
10.673632812500074 63.55800781250002
10.72529296875004 63.625
10.77919921875008 63.65117187499999
10.952539062500051 63.69819335937498
11.117871093750068 63.71918945312498
11.22578125000004 63.76381835937502
11.370703125000063 63.80483398437502
11.347949218750045 63.837695312500074
11.3076171875 63.875732421875
11.2138671875 63.878125
11.175585937500017 63.89887695312501
11.294628906250011 63.94819335937501
11.457617187500006 64.00297851562499
11.42919921875 64.02451171875
11.306640624999972 64.04887695312502
11.21357421875004 64.030517578125
11.0751953125 63.98813476562498
10.914257812500068 63.92109375000001
10.966699218749994 63.90156250000001
11.04726562500008 63.84521484375
10.934863281249989 63.77021484374998
10.339160156250045 63.571044921875
10.05507812499999 63.51269531250003
9.92402343750004 63.52177734375002
9.892773437500068 63.57622070312499
9.832324218750017 63.61650390625002
9.767480468750023 63.699511718750074
9.657226562500028 63.697314453125074
9.59462890625008 63.67895507812497
9.567285156250023 63.706152343750006
9.61474609375 63.79482421875002
9.7080078125 63.864892578124994
9.864453125000068 63.917822265625034
9.939453124999972 63.98173828125002
10.00996093750004 64.08315429687497
10.236230468750051 64.17963867187501
10.565625 64.41831054687503
10.833984375000057 64.494482421875
10.932324218750011 64.577734375
11.090429687499977 64.61455078125005
11.225390625000045 64.67949218750005
11.331347656250045 64.68593750000002
11.52382812500008 64.74438476562503
11.632910156250006 64.81391601562498
11.561718749999983 64.81826171875
11.392480468750051 64.77299804687502
11.296777343750023 64.75478515625002
11.303515625000045 64.82939453125005
11.349902343749989 64.905908203125
11.489355468749977 64.97583007812503
12.159667968750028 65.17895507812503
12.2265625 65.145361328125
12.306542968750023 65.08598632812499
12.508398437500034 65.09941406249999
12.738378906249977 65.21440429687505
12.915527343750028 65.3392578125
12.819824218750057 65.31748046875
12.71533203125 65.26635742187497
12.51171875 65.19531249999997
12.417578125 65.18408203125
12.363867187499977 65.19331054687501
12.333984375000028 65.24072265625
12.26337890625004 65.25610351562503
12.19960937499999 65.24545898437498
12.133886718750034 65.279150390625
12.122167968750034 65.36235351562499
12.20625 65.48623046875
12.272851562499994 65.56816406249999
12.344824218750006 65.63017578125002
12.627734375000017 65.80615234375
12.688867187500023 65.902197265625
12.816796875000051 65.95288085937503
12.983007812500006 65.94160156249995
13.03310546875008 65.95625
12.97607421875 66.01918945312497
12.794921875000057 66.069091796875
12.783789062500006 66.10043945312498
13.38710937500008 66.18276367187497
13.674414062499977 66.17998046875002
13.759667968750051 66.22104492187503
13.915820312500045 66.24736328124999
14.0341796875 66.29755859375001
13.97314453125 66.3197265625
13.681347656250068 66.273583984375
13.498925781250023 66.25190429687504
13.41640625 66.252587890625
13.352050781250028 66.23671874999997
13.11884765625004 66.23066406249995
13.068164062500017 66.43081054687497
13.104687500000011 66.53940429687498
13.19160156250004 66.53715820312505
13.21142578125 66.64082031249995
13.311816406250017 66.70185546874995
13.450390625000011 66.71552734374998
13.520214843750011 66.74165039062498
13.621093750000057 66.79482421874997
13.787988281250023 66.78247070312503
13.959472656249972 66.79433593749997
13.916992187500028 66.81938476562499
13.7041015625 66.85166015625
13.65156250000004 66.907080078125
13.726660156250063 66.93803710937502
13.808398437500017 66.96079101562503
13.880175781250074 66.96489257812499
14.022363281249994 67.073095703125
14.108789062500023 67.11923828124998
14.205566406250028 67.11123046875002
14.340332031250028 67.15893554687497
14.47265625 67.14267578125003
14.600683593750034 67.17387695312502
14.775585937500068 67.19448242187502
15.415722656250011 67.20244140625005
15.434765625000068 67.2466796875
15.300097656250074 67.25693359374998
14.824414062500068 67.26831054687497
14.581542968750057 67.26743164062498
14.479296875000017 67.25595703125003
14.441699218750074 67.27138671874997
14.448339843750006 67.29785156250003
14.536621093750057 67.33974609374997
14.578515625000051 67.38603515624999
14.754980468750034 67.4990234375
14.9619140625 67.57426757812505
15.12050781250008 67.55502929687503
15.289160156250063 67.48315429687506
15.409375 67.47416992187499
15.465332031249972 67.45092773437497
15.552929687500068 67.35175781250001
15.594433593749983 67.34853515624997
15.57568359375 67.44384765625003
15.691503906250063 67.52138671875002
15.66132812500004 67.54282226562503
15.487304687500028 67.514794921875
15.354003906250028 67.5439453125
15.248730468750011 67.60214843750003
15.218652343749994 67.65537109375003
15.284082031249994 67.70795898437501
15.345800781250063 67.73442382812499
15.30390625000004 67.76528320312497
15.040820312500017 67.68256835937498
14.854687500000011 67.66333007812497
14.781347656250006 67.67490234375003
14.821093750000017 67.74985351562503
14.798925781250034 67.80932617187497
15.048437500000063 67.95576171874995
15.134277343750028 67.97270507812505
15.2744140625 67.96093750000003
15.40087890625 67.91962890624998
15.506640625000045 67.92622070312498
15.621386718750074 67.94829101562505
15.605761718749989 67.98789062500003
15.356933593750028 68.00361328125004
15.292871093750023 68.03647460937498
15.316015625000034 68.06875
15.48681640625 68.10283203124999
15.656640625000051 68.16435546874999
15.851269531250011 68.18217773437499
16.007910156250034 68.22871093749995
16.038085937500057 68.21816406250005
16.064550781250034 68.19990234374995
16.12080078125004 68.02734374999997
16.26074218750003 67.88657226562498
16.312304687500045 67.8814453125
16.258593750000045 68.00122070312497
16.308691406250034 68.03564453124997
16.372167968749977 68.06181640624999
16.391992187500023 68.09160156250002
16.31923828125005 68.10175781249995
16.259765625 68.14453124999997
16.17480468750003 68.28125
16.203808593750068 68.31674804687506
16.387890624999983 68.38955078124997
16.618847656250068 68.40629882812499
16.86494140625001 68.35527343749999
16.95136718750004 68.35468749999995
17.094042968750074 68.368408203125
17.33613281250001 68.41035156250001
17.478515625000057 68.42631835937499
17.552832031250006 68.42626953124997
17.571191406250023 68.44746093749995
17.502343750000023 68.46108398437497
17.48017578125004 68.47431640625001
17.42617187500005 68.48193359375003
17.20234375000001 68.45927734375005
16.58486328125008 68.466455078125
16.525292968750023 68.49067382812495
16.51435546875001 68.53256835937498
16.579882812500017 68.59267578124997
16.65185546875003 68.62578125000005
16.88466796875005 68.685400390625
17.131152343750074 68.69345703124998
17.39082031250004 68.79936523437505
17.49003906249999 68.87875976562498
17.546289062499994 69.00112304687502
17.70458984375 69.10004882812501
18.10146484375005 69.15629882812502
18.117480468750017 69.18120117187505
18.075390625000068 69.23261718749995
18.078710937500034 69.32524414062499
18.1875 69.43310546875003
18.259765625000057 69.47060546875002
18.29316406250001 69.47509765624997
18.378710937500045 69.43984374999997
18.482617187500068 69.36484374999998
18.64550781250003 69.321875
18.858984375 69.314453125
18.91591796875005 69.33559570312497
18.75 69.37841796874997
18.624414062499994 69.434375
18.61445312500001 69.490576171875
18.674023437500068 69.52036132812503
18.7666015625 69.51704101562498
18.882812500000057 69.52333984375002
18.991113281250023 69.56113281249998
19.00683593750003 69.58769531249999
19.011328125000034 69.62373046874995
19.038378906250045 69.66040039062497
19.197265625 69.74785156250002
19.68701171875003 69.80473632812505
19.722460937500045 69.78164062499997
19.695996093749983 69.61293945312497
19.639746093750006 69.50380859375002
19.64150390625008 69.42402343749995
19.736816406250057 69.50380859375002
19.86464843750008 69.72211914062501
19.960546875000063 69.82460937500002
20.068945312500034 69.88344726562502
20.146386718749994 69.89672851562497
20.22304687500008 69.92719726562495
20.32421875 69.9453125
20.355175781249983 69.92192382812505
20.38720703125003 69.86762695312498
20.33271484375004 69.67695312499995
20.33818359374999 69.61665039062501
20.27714843749999 69.53583984374998
20.04375 69.35566406249995
20.054492187500017 69.332666015625
20.107226562500017 69.34121093750005
20.19765625000005 69.37094726562498
20.48671875000005 69.54208984375
20.73945312500004 69.52050781249997
20.74257812500005 69.53452148437498
20.66152343750005 69.584716796875
20.5625 69.63281250000003
20.53271484375003 69.69233398437498
20.545996093750063 69.85107421875
20.6220703125 69.913916015625
20.84033203124997 69.90732421875
20.97109375000005 69.916015625
21.03212890625005 69.88745117187503
21.1630859375 69.889501953125
21.25371093749999 70.00322265624999
21.43291015624999 70.01318359374997
21.59023437500008 69.93803710937505
21.779589843750017 69.88745117187503
21.931738281250006 69.81469726562506
21.974707031250063 69.8345703125
21.89257812500003 70.00424804687503
21.80273437500003 70.066064453125
21.607812500000023 70.09819335937499
21.40039062500003 70.17446289062497
21.346289062500034 70.20825195312503
21.355761718750017 70.2333984375
21.538769531250068 70.25766601562506
21.78027343749997 70.2298828125
21.99550781250005 70.29335937500005
22.05439453125004 70.27597656250006
22.21943359375001 70.30917968749998
22.32197265625004 70.26450195312503
22.38476562500003 70.27773437499997
22.421191406250074 70.33759765624998
22.6845703125 70.374755859375
22.851660156250034 70.34047851562497
22.941210937500074 70.30498046875002
22.982812500000023 70.23676757812495
23.046484375 70.10185546875002
23.17695312500004 70.02905273437503
23.257910156250006 69.99331054687502
23.353906250000023 69.98339843750003
23.400195312500045 70.019775390625
23.31025390625001 70.06357421875003
23.28603515625005 70.104833984375
23.32910156250003 70.20722656249998
23.37939453124997 70.24746093750002
23.661230468750034 70.39975585937503
23.89716796875004 70.47875976562497
24.03847656250005 70.48535156249997
24.285546875000023 70.66240234374999
24.355566406249977 70.69458007812497
24.420019531250063 70.70200195312498
24.403515624999983 70.74531250000001
24.268164062500034 70.772705078125
24.263476562500045 70.826318359375
24.44179687500005 70.89155273437495
24.658007812500045 71.00102539062505
24.764746093750034 71.00844726562497
24.831640624999977 70.97802734375
25.042187499999983 70.92861328124997
25.171191406250074 70.87202148437498
25.2646484375 70.84350585937503
25.32539062500004 70.84941406249999
25.375585937500063 70.89194335937503
25.4359375 70.911865234375
25.56982421875 70.90068359375005
25.649707031250017 70.87333984374999
25.7119140625 70.86972656250003
25.768164062500006 70.85317382812497
25.78144531250004 70.816796875
25.665625 70.77714843750002
25.46826171875 70.67197265624998
25.273535156250034 70.55239257812497
25.209277343750017 70.48940429687502
25.14638671875008 70.32402343749999
24.994238281249977 70.21821289062501
24.982714843750045 70.14399414062498
25.04384765625005 70.10903320312497
25.21181640625008 70.13647460937497
25.41884765625008 70.23549804687497
25.470507812500017 70.34057617187497
25.988085937500045 70.625390625
26.230859375000023 70.78261718749997
26.506933593750063 70.91279296875001
26.661328125000068 70.93974609375002
26.733984375000034 70.85356445312505
26.67548828125001 70.740966796875
26.558203125 70.66914062499995
26.644628906250034 70.63623046875
26.628125 70.55087890625
26.601171874999977 70.50346679687505
26.58398437500003 70.45380859374995
26.585058593749977 70.410009765625
26.666113281250063 70.42167968749999
26.989355468750006 70.51137695312497
27.0712890625 70.60844726562502
27.147265625000045 70.68120117187502
27.183691406250006 70.74404296875002
27.309375 70.80356445312498
27.546484375 70.80400390624999
27.5556640625 70.82739257812503
27.26904296874997 70.91000976562498
27.235253906250023 70.94721679687501
27.331640625000034 70.996728515625
27.597070312500023 71.09130859374997
27.733496093750006 71.08085937499999
27.815039062500006 71.059375
28.141699218750034 71.04301757812499
28.39228515625001 70.97529296874995
28.382714843750023 70.86943359374999
28.32685546875001 70.82519531250003
28.271875 70.79794921874998
27.95097656249999 70.71757812500005
27.898046875000034 70.67792968749995

25.85351562499997 71.10385742187503
25.945019531250068 71.10463867187502
26.07763671875 71.03315429687495
26.146875 71.03950195312498
26.13378906249997 70.99580078124998
25.99970703125001 70.97509765625003
25.791308593750017 70.9625
25.76015625000005 70.95380859374995
25.58203125 70.96079101562503
25.482031250000063 71.01958007812502
25.31494140625003 71.03413085937495
25.315234375000017 71.05297851562497
25.423437500000034 71.09741210937497
25.58632812499999 71.14208984375003

-9.045800781249994 70.83266601562497
-9.098876953124972 70.85488281250005
-8.964648437499989 70.91591796875005
-8.52080078124996 71.03066406249997
-8.343701171874955 71.14013671874997
-8.001367187500023 71.17768554687498
-7.97880859374996 71.11689453124995
-8.002099609374994 71.041259765625
-8.302343749999949 70.98115234375001
-8.635351562499949 70.94042968749997
-8.953564453124926 70.83916015625005

19.09853515625005 74.35214843750003
18.917578125000034 74.41064453125006
18.797460937500006 74.48569335937498
18.861230468750023 74.51416015625
19.182910156250017 74.51791992187506
19.261523437500045 74.47895507812501
19.274707031250045 74.45673828125001
19.219335937500063 74.39101562499997

21.74560546875003 78.57202148437497
22.043164062500068 78.57695312500002
22.207324218750017 78.40766601562498
22.299511718750068 78.228173828125
22.449316406250034 78.21523437500002
22.734570312500068 78.23994140625001
22.988867187500006 78.25195312499997
23.119238281250006 78.238623046875
23.351660156250006 78.186279296875
23.451953125000017 78.14946289062505
23.36464843750008 78.1205078125
23.151953125 78.08808593749998
23.11669921875003 77.99150390625002
23.33056640624997 77.957861328125
23.68398437500005 77.87543945312498
23.883007812499983 77.86474609375003
24.23828125 77.89853515625
24.57148437500001 77.83442382812498
24.90185546875 77.75659179687503
24.129785156249994 77.65825195312499
24.061914062500023 77.63061523437503
23.954980468749994 77.55771484375
23.841210937499994 77.49775390624995
23.736132812500017 77.46235351562495
23.505175781250017 77.40141601562505
23.380859375 77.38032226562501
23.101367187500017 77.38505859375002
22.996679687500006 77.36079101562495
22.899511718750006 77.311376953125
22.80175781249997 77.27578125000005
22.5537109375 77.26665039062505
22.42695312500001 77.31591796875006
22.468847656250006 77.33110351562505
22.48662109374999 77.360107421875
22.442480468750063 77.42934570312497
22.67890625000001 77.50014648437502
22.73261718750001 77.53935546875002
22.685351562500074 77.55351562500005
22.620312500000068 77.54960937500005
22.4482421875 77.571142578125
22.39726562499999 77.57011718750005
22.254589843750068 77.52885742187499
22.05683593750001 77.50117187499995
21.856152343750068 77.49414062500003
21.049902343750034 77.44096679687505
20.928125 77.45966796875001
20.873144531250006 77.56533203124997
21.201074218750023 77.61948242187498
21.25146484374997 77.71093749999997
21.33417968750004 77.77177734375002
21.43085937500004 77.81210937499998
21.608398437500057 77.91606445312502
21.653125 77.92353515625001
21.21044921874997 78.00576171875
21.035449218750017 78.05917968750003
20.84492187500004 78.165869140625
20.786425781250017 78.25214843750001
20.5283203125 78.32558593750005
20.56025390625004 78.41938476562495
20.37275390625001 78.41201171874997
20.227929687499994 78.47783203125007
20.362695312500023 78.51479492187505
21.046875 78.55673828124998
21.45478515625001 78.59755859375002
21.608105468749983 78.595703125

26.7294921875 78.64648437500006
26.459570312500006 78.72026367187499
26.40771484375 78.78432617187497
26.45576171875001 78.81049804687498
26.58593749999997 78.81147460937501
26.78876953125001 78.72397460937503
27.007617187500017 78.69750976562497
26.8759765625 78.64892578125

11.261718749999972 78.54169921875001
11.424218750000051 78.548583984375
11.616308593750006 78.47509765625003
11.825683593750028 78.43608398437499
11.884863281250006 78.40932617187497
11.929394531250011 78.37490234374997
12.05615234375 78.30561523437498
12.116406250000011 78.23256835937502
11.965039062500011 78.22485351562503
11.756542968750068 78.32900390625002
11.586523437500063 78.38823242187502
11.37246093750008 78.43876953125002
11.199218750000028 78.44125976562498
11.121289062500068 78.46328125000002
10.840625 78.64472656249995
10.788867187500017 78.68652343750003
10.62841796875 78.75385742187498
10.557617187500057 78.8375
10.558203125 78.90292968749998
10.772851562500023 78.8875
10.960839843750051 78.84638671875001
11.123925781250051 78.75336914062498
11.152929687500006 78.72446289062503
11.078222656249977 78.68603515625003
11.154980468749983 78.64057617187501
11.250292968750045 78.61069335937503

29.34541015625001 78.90576171875003
29.64511718750009 78.92163085937497
29.696679687500023 78.90473632812498
29.310546874999943 78.85209960937502
28.881152343750045 78.88007812500004
28.49453125000005 78.88720703124997
28.037890625000017 78.82871093750003
27.88906250000008 78.85214843750003
28.12099609375008 78.90844726562503
28.37402343750003 78.92705078125002
28.414746093750068 78.96142578125
28.51113281250008 78.96733398437505
28.84521484375 78.97084960937497
29.04707031250001 78.91206054687498

16.838476562500034 79.90478515624997
16.888964843750017 79.91542968750002
16.925585937500017 79.94345703125003
16.96640625 79.95893554687501
17.21943359375004 79.94077148437503
17.578222656250034 79.88466796874997
17.684765625000068 79.85703125000003
17.834570312500034 79.80004882812506
17.956152343750006 79.704248046875
17.85976562499999 79.635009765625
17.73261718750004 79.56953124999998
17.6875 79.533349609375
17.733984375000063 79.48134765624997
17.71503906250001 79.43076171875003
17.66875 79.38593749999998
17.86103515625001 79.43706054687499
18.272070312499977 79.6005859375
18.333300781250017 79.610693359375
18.397363281250023 79.60517578124995
18.58144531250005 79.57158203125005
18.74843750000005 79.48818359375002
18.785253906250006 79.460595703125
18.815234375000074 79.42666015625
18.832421875000023 79.384765625
18.82294921875004 79.33666992187497
18.807421875000074 79.30317382812498
18.720019531250017 79.281494140625
18.677832031250034 79.26171874999997
18.772265625000017 79.26025390625003
18.88007812500004 79.23427734375
18.97900390625003 79.17915039062504
19.089453125000063 79.15703125000005
19.490234375 79.17568359375002
19.75087890625008 79.146826171875
19.8935546875 79.05620117187502
20.11376953125003 79.07670898437505
20.114453125000068 79.125
20.162695312500034 79.14565429687497
20.45820312500001 79.12924804687498
20.611035156250068 79.10664062500001
20.7671875 79.05913085937502
20.500683593750068 78.98139648437498
20.720312500000034 78.90668945312495
21.089648437500045 78.85263671875003
21.31220703125001 78.79584960937501
21.352539062500057 78.77202148437505
21.388769531250063 78.74042968750001
21.243945312500045 78.69941406249998
21.096289062499977 78.67626953125
20.724804687500068 78.67231445312498
20.38701171874999 78.64326171875001
19.76875 78.622705078125
19.67675781249997 78.60957031249998
19.654980468749983 78.59785156250001
19.618554687500023 78.56215820312502
19.380664062500045 78.47978515625002
19.150488281250063 78.37939453125
19.05566406250003 78.31894531250003
18.983789062500023 78.234228515625
18.957617187500034 78.182470703125
19.00869140625005 78.13227539062501
18.99511718750003 78.08149414062495
18.822070312500045 78.04169921875004
18.71230468750005 78.04008789062505
18.57460937500008 78.04799804687497
18.439257812500017 78.02504882812502
18.430664062500057 77.990576171875
18.438671874999983 77.94204101562497
18.40400390625004 77.7939453125
18.361914062499977 77.682275390625
18.29873046875008 77.57856445312501
18.22792968750005 77.52260742187497
18.137402343749983 77.50703124999998
17.84707031250008 77.49677734374995
17.623339843750074 77.39936523437498
17.442480468750006 77.22524414062497
17.348632812500057 77.15688476562497
17.152539062499983 77.04892578125
17.18789062500008 77.01064453125002
17.24902343750003 76.96918945312501
17.14199218750005 76.894921875
16.976660156250034 76.81162109374998
16.97988281250008 76.77939453124998
17.03554687500005 76.72036132812505
17.062695312500068 76.65898437500007
16.935156250000034 76.60615234374995
16.70048828124999 76.57929687499998
16.46191406249997 76.60932617187498
16.345800781250034 76.644775390625
16.238085937500017 76.70151367187503
16.123828125000017 76.738525390625
16.004492187500034 76.7607421875
15.546777343750051 76.88642578124995
15.12421875000004 77.08510742187502
14.73847656250004 77.16235351562503
14.486914062500063 77.19902343750005
14.365820312499977 77.23447265624998
14.247558593750057 77.28212890625
14.145312499999989 77.33559570312497
14.050390625000034 77.40322265625
14.004199218750017 77.44521484375002
13.995703124999977 77.50820312499997
14.02607421875004 77.54516601562503
14.071289062500028 77.564111328125
14.377636718749983 77.57963867187505
14.487792968750057 77.57084960937502
14.596289062500034 77.53793945312498
14.695019531249983 77.52504882812502
14.92080078125008 77.68881835937498
16.20595703125005 77.78247070312497
16.61914062500003 77.79868164062498
17.033300781250034 77.79770507812498
16.96875 77.84194335937502
16.9140625 77.89799804687507
16.85292968750005 77.91157226562498
16.539648437500006 77.880224609375
16.06005859375 77.84711914062501
15.826367187499983 77.8470703125
15.585351562500023 77.86914062500006
15.344824218750034 77.85698242187505
15.096875 77.80903320312495
14.846875 77.778662109375
14.60390625000008 77.766455078125
14.089941406250006 77.77138671875002
13.9625 77.79624023437503
13.791113281250063 77.85380859375002
13.749609375000034 77.88330078125
13.714160156250017 77.91943359375
13.680566406249994 78.028125
13.717675781250023 78.05761718749997
13.770117187500034 78.074609375
13.824023437500017 78.08500976562505
13.936914062499994 78.08554687499998
14.047753906250023 78.06684570312501
14.307226562500034 78.00507812500004
14.248144531249977 78.07138671875003
14.994726562500034 78.15122070312503
15.341406250000063 78.22094726562503
15.51943359375008 78.23271484375005
15.698046875000045 78.22758789062507
15.658691406250028 78.26469726562499
15.65712890625008 78.29902343749995
15.78388671875004 78.32705078125
15.875390625000023 78.33911132812506
16.15029296875008 78.352880859375
16.776953125000034 78.35043945312503
17.002929687500057 78.369384765625
17.171972656250034 78.41713867187505
16.991796875 78.40048828125003
16.81123046875001 78.39726562499999
16.72656249999997 78.40717773437495
16.53535156250001 78.44887695312502
16.448632812500023 78.50356445312497
16.69658203124999 78.61289062500003
16.782617187500023 78.66362304687499
16.53046875000001 78.65629882812502
16.4462890625 78.63852539062503
16.157519531250045 78.53813476562499
15.944042968749983 78.49301757812503
15.680664062499972 78.471337890625
15.41738281250008 78.4732421875
15.359960937500006 78.487548828125
15.279394531250034 78.55410156249997
15.254199218750045 78.58906249999998
15.264941406250017 78.60830078125
15.34833984375004 78.66313476562507
15.391601562500057 78.72119140625
15.384179687500051 78.77119140624995
15.322753906249972 78.78120117187495
15.225292968750011 78.73232421875005
15.137304687500034 78.66425781250004
15.016308593749983 78.630126953125
14.891796875000011 78.63945312500005
14.838671875000045 78.66557617187502
14.792382812500023 78.70556640625
14.743554687500023 78.72094726562503
14.689257812500074 78.72094726562503
14.577636718750057 78.70498046874997
14.467187500000023 78.67539062499998
14.505273437500051 78.630517578125
14.515429687499989 78.58056640625003
14.467773437500057 78.54091796875002
14.431835937500011 78.49248046875002
14.545605468750011 78.46196289062502
14.638281250000063 78.41459960937505
14.499511718750028 78.39238281250007
14.36328125 78.35991210937502
14.238281250000028 78.30986328125005
14.110449218750006 78.2708984375
13.90761718750008 78.26674804687497
13.65498046875004 78.24516601562499
13.150195312500045 78.2375
12.912792968749983 78.30107421875002
12.869531250000051 78.33125
12.822167968749994 78.35146484375
12.664648437500063 78.38476562500003
12.43476562500004 78.48295898437505
12.257910156250063 78.59467773437498
12.138281250000034 78.60551757812505
11.961718750000045 78.64238281250002
11.865527343750074 78.67421875000002
11.773828125000023 78.71640625
11.746289062500011 78.76625976562502
11.755175781250045 78.81166992187505
11.86103515625004 78.83188476562498
11.611035156250011 78.882958984375
11.365429687500068 78.95039062499995
11.456152343750063 78.97299804687503
11.54755859375004 78.98295898437502
12.274902343749972 78.90449218750004
12.323437500000011 78.91425781249998
12.403320312500028 78.95322265625
12.375 78.96635742187502
12.253125 78.975341796875
12.087304687500051 78.97509765625003
12.045800781250023 78.98315429687497
11.981835937500051 79.02529296875005
11.925683593750051 79.07724609375006
11.901953125000034 79.11186523437499
11.892773437500011 79.15234375
12.01611328125 79.21308593750001
12.083984374999972 79.26752929687501
11.978320312500045 79.29267578124998
11.679296875000063 79.29116210937502
11.57978515625004 79.28349609375007
11.61640625000004 79.20527343750001
11.521191406249983 79.15126953125002
11.338867187500057 79.10913085937497
11.208105468750063 79.12963867187497
11.107226562500045 79.23295898437499
10.975390624999989 79.30488281249998
10.925781250000028 79.35019531249998
10.888085937500051 79.41542968750002
10.834375 79.46284179687501
10.737597656250045 79.52016601562497
10.725 79.55551757812498
10.737011718750011 79.58164062500006
10.81074218750004 79.64091796875005
10.75458984375004 79.69033203125
10.686230468750068 79.73359375000001
10.682128906250028 79.75825195312498
10.746386718750074 79.78867187500003
10.804003906250074 79.79877929687495
10.865917968749983 79.79658203124995
11.049609375000017 79.76030273437505
11.150390625000028 79.71699218750001
11.18525390625004 79.720458984375
11.250585937500006 79.78486328124998
11.343652343750051 79.7994140625
11.70234375000004 79.82060546875007
12.10175781250004 79.73754882812503
12.205175781249977 79.71909179687498
12.28779296875004 79.71313476562503
12.245214843750063 79.75
12.21914062500008 79.79790039062505
12.27998046875004 79.81596679687502
12.602441406249994 79.77324218750002
12.753515625000063 79.77578125
13.107519531250063 79.83173828125001
13.692871093750028 79.86098632812502
13.914160156249977 79.81694335937502
13.925683593750023 79.79340820312504
13.921093750000068 79.76171874999997
13.907031250000045 79.75219726562497
13.77753906250004 79.71528320312501
13.039257812500011 79.68515625
12.555371093750011 79.56948242187497
13.215136718750045 79.58808593750004
13.333789062500045 79.57480468749998
13.383593750000074 79.48076171875002
13.431640625 79.47089843749995
13.601269531250011 79.45722656250001
13.71621093750008 79.42915039062498
13.833691406250011 79.37568359375001
13.95722656250004 79.33964843750005
14.029589843750045 79.344140625
14.055859375000068 79.38310546875002
14.026367187500028 79.429296875
14.011132812500023 79.48193359375
14.019824218750017 79.538671875
14.039843750000017 79.58564453124998
14.178417968749983 79.61870117187505
14.37978515625008 79.72597656249997
14.593652343750023 79.79873046874997
14.831835937500074 79.76640625000005
15.052343750000034 79.67534179687505
15.251269531250074 79.54545898437505
15.443945312500063 79.40678710937505
15.660156250000057 79.23486328125
15.7640625 79.17426757812501
15.858496093750063 79.15991210937503
16.294531249999977 78.9810546875
16.34375 78.97612304687505
16.253515625000063 79.11210937500005
16.02753906250004 79.34238281249998
15.875097656250063 79.51923828124995
15.84072265625008 79.58686523437495
15.81611328125004 79.68183593749995
15.825781250000063 79.70903320312499
15.84511718750008 79.73359375000001
15.955761718750068 79.835107421875
16.100195312500006 79.884423828125
16.056640625 79.95395507812506
16.093847656250034 80.00732421875
16.245703124999977 80.04946289062497
16.386621093749994 80.05258789062498
16.524023437500006 80.02050781250003
16.786718750000063 79.90673828125003

31.577636718749943 80.0814453125
31.481933593750114 80.10791015624997
33.01914062500009 80.21796875000001
33.09863281249994 80.22871093749998
33.38398437500018 80.242333984375
33.629296875000136 80.217431640625
33.556640625000114 80.19814453124997
32.52597656250009 80.11914062500003

18.525 80.24560546875006
18.162207031249977 80.28818359375
18.20556640625003 80.33178710937503
18.291699218750068 80.35834960937501
18.51933593749999 80.34833984375001
18.74160156250008 80.30092773437505

20.99843750000005 80.23881835937499
21.54921875000008 80.24291992187503
21.654882812500006 80.21845703125001
21.696679687499994 80.15917968750003
21.78066406250005 80.13876953125003
21.897753906250017 80.132470703125
22.190234375000017 80.05971679687502
22.28974609375004 80.04921875
22.376367187499994 80.08964843749999
22.442675781250017 80.19028320312498
22.446191406250023 80.30834960937503
22.417871093750023 80.36552734375005
22.450781250000063 80.40224609375
22.548828125000057 80.41645507812495
22.67207031250004 80.41264648437507
22.792578125000063 80.43300781250002
22.896875 80.468994140625
23.008007812499983 80.47397460937503
23.251367187500023 80.44667968749997
23.3154296875 80.42524414062495
23.250097656250006 80.38085937499997
23.22460937499997 80.31762695312497
23.114550781250017 80.18696289062501
23.35332031249999 80.17885742187505
23.687988281250057 80.20654296875
23.772949218750057 80.24438476562497
23.952929687500017 80.30458984375
24.142968750000023 80.29516601562503
24.23408203125001 80.303125
24.280175781249994 80.32929687499995
24.297558593749983 80.36040039062499
24.402636718750074 80.35517578124998
24.546679687500017 80.29516601562503
24.61367187500008 80.28583984374998
24.73632812500003 80.30131835937502
24.785937500000017 80.30068359375
24.907031250000074 80.27666015624999
25.471289062500006 80.23310546874998
25.66689453125008 80.20976562500002
25.75117187500001 80.18803710937505
25.836328125000023 80.175146484375
26.43671875000004 80.17548828124998
26.86083984375003 80.160009765625
27.0171875 80.12548828125
27.14833984375008 80.059228515625
27.198632812500023 79.906591796875
27.079882812500074 79.86538085937502
26.22109375 79.67744140625004
26.00585937500003 79.61704101562498
25.90205078125001 79.561376953125
25.726367187500017 79.43974609375002
25.641210937499977 79.40302734374998
25.239062500000045 79.345068359375
25.145117187500006 79.33886718749997
24.842871093750063 79.36723632812499
24.750585937500006 79.36459960937498
24.383398437500063 79.30161132812503
24.25683593750003 79.26347656249999
24.132910156250006 79.21547851562497
23.94775390625003 79.19428710937501
23.7587890625 79.20561523437502
22.90371093750005 79.23066406249995
22.789160156250006 79.26435546874998
22.69570312500005 79.32905273437501
22.865527343750017 79.411865234375
21.911425781250045 79.38105468749995
20.861132812500045 79.3978515625
20.805566406249994 79.40952148437498
20.760839843750034 79.44150390625
20.399511718750063 79.46337890625003
20.128222656250045 79.48959960937503
19.900195312500017 79.53378906249998
19.674609375000074 79.59116210937503
19.746679687500006 79.61796874999999
19.821093750000074 79.63364257812498
20.01484375000004 79.640234375
20.187109375000034 79.63227539062498
20.493457031250017 79.63276367187498
20.56484375000008 79.69052734375003
20.686816406250045 79.70717773437497
20.78408203125008 79.74858398437505
20.460742187500017 79.77465820312503
20.123437500000023 79.77856445312503
19.898632812500068 79.74418945312505
19.638085937500023 79.72861328124998
19.4 79.7265625
18.942089843750068 79.73632812500003
18.725 79.76074218750003
18.428027343750045 79.82451171875005
18.324707031250057 79.85971679687503
18.284765625 79.887353515625
18.255371093750057 79.92919921874997
18.59462890625005 79.96669921875
18.726464843749994 79.99624023437497
18.85595703125 80.03662109375003
18.343847656250034 80.05957031249997
18.129492187500063 80.09340820312505
17.916894531250023 80.14311523437505
18.089453125 80.17114257812497
18.77929687500003 80.193505859375
18.9619140625 80.1748046875
19.14296875000005 80.13867187500003
19.343359375 80.11640625000001
19.537109375000057 80.16323242187497
19.35468750000001 80.18540039062503
19.191406250000057 80.26323242187499
19.15693359375004 80.30185546875006
19.178320312500034 80.33154296874997
19.263769531250034 80.33598632812499
19.327441406250045 80.32309570312503
19.568457031250034 80.25
19.751074218750034 80.22719726562502
19.802246093750057 80.29472656250002
19.810351562500017 80.326806640625
19.777148437500017 80.35336914062498
19.691308593750023 80.40234375
19.614355468750063 80.46254882812502
19.73330078125005 80.47783203125002
19.851171874999977 80.47119140625
20.104296875000045 80.42998046875005
20.359375 80.40092773437499
20.475878906250074 80.37163085937505
20.693457031249977 80.29868164062503
20.89785156250005 80.24995117187495

