58.65908203125002 20.203613281250057
58.640917968750045 20.21069335937497
58.64121093750009 20.33735351562501
58.787988281249966 20.496582031250057
58.884375 20.680566406249966
58.95078125000009 20.516162109375045
58.83515625000018 20.423925781249977
58.77226562500016 20.26684570312497
58.722070312500136 20.21875

56.489843750000034 24.716357421875045
56.640625000000114 24.470312500000034
56.77412109375001 24.334570312500006
56.9125 24.15019531249999
57.123046875 23.98071289062503
57.219824218750034 23.922753906250023
57.611328125 23.80366210937501
57.82509765625002 23.759130859375006
58.120410156250045 23.71655273437503
58.32451171875016 23.623828125000045
58.39316406250009 23.61816406249997
58.500000000000114 23.645654296874966
58.57802734375002 23.643457031249966
58.773046875000034 23.5171875
58.83037109375016 23.39746093750003
58.91152343750002 23.33417968750001
58.9833984375 23.234716796875006
59.029882812500034 23.13056640625001
59.194726562500136 22.971875
59.31093750000002 22.793359374999966
59.42939453125018 22.660839843749983
59.53515624999994 22.57851562499999
59.69560546875016 22.54614257812497
59.823242187500114 22.508984374999955
59.8375 22.420556640624966
59.82441406250018 22.30517578125
59.80000000000018 22.219921874999955
59.68085937500007 22.053808593750034
59.65253906250018 21.951367187499955
59.517578125000114 21.782324218749977
59.37148437500002 21.498828125000045
59.304492187500045 21.43535156249999
59.06875 21.28906250000003
58.89570312500018 21.11279296875
58.6904296875 20.80712890624997
58.53417968749994 20.50390625000003
58.47421875000009 20.406884765624966
58.34873046875009 20.386914062499983
58.266015625000136 20.395458984374955
58.20898437499994 20.423974609374994
58.23164062500007 20.5068359375
58.245019531250136 20.59921875
58.16943359375 20.589501953124966
58.102929687500136 20.57036132812499
57.94716796875002 20.343603515624977
57.861816406250114 20.24414062500003
57.843652343750136 20.117724609375045
57.802148437500136 19.95458984375003
57.74121093749994 19.80449218749999
57.71416015625016 19.678417968749983
57.71513671875016 19.60693359375
57.760839843750034 19.432226562500006
57.76396484375016 19.253320312499966
57.790332031250045 19.145947265624955
57.81162109375009 19.01708984375
57.73847656250001 18.97734374999999
57.67578124999994 18.957861328125006
57.42792968750018 18.943798828124983
57.176562500000045 18.90258789062503
56.95722656250001 18.827832031249983
56.825976562500045 18.753515625000034
56.655078125000045 18.58735351562501
56.550781250000114 18.165966796874955
56.38349609375001 17.987988281249955
56.27031250000016 17.95078125
55.997656250000034 17.935205078125023
55.61386718750009 17.886083984374977
55.47910156250009 17.84326171875003
55.25537109375 17.585644531249955
55.238183593750136 17.504736328125006
55.28144531250007 17.446240234374983
55.29560546875018 17.38159179687503
55.27519531249999 17.320898437500034
55.173730468750136 17.157617187499966
55.06416015625018 17.038916015625034
54.771875 16.964648437500017
54.66464843750009 17.008886718750063
54.566503906250034 17.03125
54.376953125 17.03364257812504
54.06816406250016 17.005517578124994
53.95439453125016 16.917822265624977
53.775390625000114 16.85571289062503
53.609863281250114 16.759960937499955
53.297753906250136 16.723339843749955
53.08564453125018 16.648388671874983
53.025 16.78022460937501
52.96435546874994 16.912060546874955
52.903710937500136 17.043847656249966
52.84296875000001 17.175683593750023
52.80058593749999 17.267919921874977
52.72919921875001 17.300390625
52.68593750000002 17.39794921875
52.641699218750034 17.497851562500017
52.59736328125018 17.597753906250034
52.553125000000136 17.697607421875034
52.50888671875009 17.79750976562505
52.46455078125001 17.897412109374955
52.420312499999966 17.99731445312497
52.376074218750034 18.09716796874997
52.33173828125007 18.19707031249999
52.2875 18.29692382812499
52.243261718750034 18.396826171875006
52.19902343749999 18.496679687500006
52.154687500000136 18.596582031250023
52.11044921875009 18.696484374999955
52.06621093750016 18.79638671874997
52.021875 18.89628906249999
51.977636718750034 18.99614257812499
52.118554687500136 19.043164062499983
52.290625 19.100488281250023
52.46269531249999 19.157812499999977
52.634667968750136 19.215136718750017
52.80673828125009 19.27246093749997
52.97871093750007 19.32978515625001
53.150781250000136 19.387158203124983
53.32285156250009 19.444482421875023
53.49482421875001 19.501806640624977
53.66689453125002 19.559130859375017
53.83886718749994 19.61650390624999
54.01093750000001 19.67382812500003
54.18300781250002 19.731152343749983
54.35498046874994 19.788476562500023
54.52705078125018 19.845800781249977
54.69902343750016 19.903125
54.871093750000114 19.96049804687499
54.97734374999999 19.995947265625006
55.021484375000114 20.129248046875006
55.058203125000034 20.239941406249983
55.094726562500114 20.35063476562499
55.131445312500034 20.461328124999966
55.168066406250034 20.57202148437497
55.204589843750114 20.682714843750034
55.241210937500114 20.793408203124955
55.277929687500034 20.904101562500017
55.314453125000114 21.014794921875023
55.351074218750114 21.125537109375017
55.387695312500114 21.236230468749994
55.424316406250114 21.346923828125
55.460937500000114 21.457617187499977
55.497558593750114 21.568310546874983
55.534179687500114 21.679003906250074
55.570800781250114 21.789697265624966
55.607421875000114 21.900390625000057
55.641015625000136 22.001855468750023
55.57773437500009 22.099511718750023
55.492773437500034 22.23066406250001
55.403808593750114 22.367822265624966
55.320117187500045 22.496923828124977
55.25927734374994 22.590917968750034
55.185839843750045 22.7041015625
55.19404296875018 22.85
55.19218750000016 22.922949218750006
55.19990234375007 23.034765625000034
55.27021484375018 23.18994140625003
55.35322265625018 23.38745117187503
55.413867187500045 23.51875
55.46630859374994 23.632910156250034
55.50849609375001 23.72460937499997
55.531640625000136 23.819042968749955
55.51933593749999 23.885498046875
55.49179687500009 23.90966796875003
55.46845703125007 23.941113281249955
55.54785156249994 23.991357421874966
55.69658203125016 24.024121093749983
55.77910156249999 24.01708984374997
55.89414062500009 24.041406249999966
55.98515625000016 24.063378906249994
55.9921875 24.092968749999983
55.96630859374994 24.142626953125045
55.92861328125002 24.21513671874999
55.799707031250136 24.22265625000003
55.76083984375009 24.24267578125
55.8056640625 24.349804687499983
55.80400390624999 24.38354492187503
55.78681640625007 24.42353515625001
55.76816406250009 24.490625
55.77753906250001 24.577343749999983
55.80390625000018 24.63623046875
55.80419921874994 24.683593750000057
55.791601562500034 24.781298828125045
55.79570312499999 24.868115234374983
55.822851562500034 24.911279296874966
55.87070312500009 24.95141601562497
55.91582031250016 24.971777343750034
55.96308593750018 24.970263671875017
56.00058593750009 24.953222656250006
56.01669921875009 24.90771484374997
56.006347656250114 24.876416015624983
55.97968750000018 24.87207031249997
55.970312500000034 24.858935546875074
56.00839843750009 24.798242187499966
56.06386718750002 24.73876953125
56.10654296875009 24.748681640624994
56.15449218750018 24.795507812500006
56.204687500000034 24.83330078124999
56.26787109374999 24.866699218750057
56.31357421875009 24.931298828124966
56.352929687500136 24.973291015624994
56.38798828125016 24.979199218749955

56.240234375 25.208837890625034
56.210546875000034 25.213281249999966
56.21650390625001 25.266699218750006
56.23427734375002 25.303808593750006
56.27734375 25.300878906250034
56.28779296875018 25.278613281250017
56.281835937500034 25.235546874999955

56.41777343749999 26.208154296874966
56.416406249999966 26.108740234375034
56.37363281250009 25.804589843749994
56.32929687500018 25.751953125
56.307226562500034 25.709326171875034
56.2978515625 25.65068359374999
56.27851562500007 25.627734375000017
56.249511718750114 25.625390624999966
56.18359375 25.644921874999966
56.144628906250034 25.690527343750006
56.151953125000034 25.74609374999997
56.15410156249999 25.848486328125034
56.17255859375007 25.945166015625034
56.16748046875 26.047460937499977
56.11650390624999 26.068164062500045
56.080468750000136 26.062646484374966
56.164453124999966 26.20703125
56.197265625000114 26.229199218749983
56.228417968750136 26.219775390625017
56.305566406250136 26.235205078125034
56.346484375000045 26.313623046875023
56.378710937500045 26.356347656250023
56.413085937500114 26.351171875000034
56.429785156250034 26.32719726562496

