76.81279296875005 35.57182617187496
76.88222656250002 35.43574218750004
76.927734375 35.34663085937501
76.97890625000002 35.246435546875006
77.00449218750009 35.19633789062502
77.04863281250005 35.10991210937499
77.03066406250008 35.062353515625006
77.00087890625014 34.991992187500045
76.89169921875009 34.93872070312503
76.78291015625018 34.90019531249999
76.75751953125007 34.87783203125005
76.74902343750011 34.84755859375011
76.69628906250011 34.78691406250002
76.59443359375001 34.735839843750085
76.50996093750007 34.74086914062505
76.45673828125007 34.75610351562514
76.17246093750003 34.66772460937506
76.04101562500011 34.66992187499997
75.9382812500001 34.61254882812503
75.86210937500005 34.56025390625001
75.70917968750018 34.50307617187511
75.60556640625009 34.50273437500002
75.45253906250008 34.536718750000034
75.26406250000014 34.601367187500045
75.18750000000011 34.63901367187509
75.11845703125016 34.63681640624998
74.95185546875007 34.64584960937506
74.78876953125007 34.67773437499997
74.59414062500002 34.7157714843751
74.49794921875014 34.732031250000034
74.30039062500003 34.76538085937506
74.17197265625009 34.72089843750007
74.05585937500013 34.68066406250003
73.96123046875005 34.653466796874994
73.8831054687501 34.52905273437506
73.85009765625006 34.48530273437504
73.81210937500003 34.42236328125
73.7945312500002 34.378222656250074
73.80996093750014 34.325341796875136
73.92460937500005 34.287841796875114
73.97236328125007 34.23662109374999
73.97949218750011 34.191308593749994
73.93828125000016 34.144775390625114
73.90390625000009 34.10800781250009
73.9041015625001 34.07568359375006
73.92236328125011 34.043066406250006
73.94990234375007 34.01879882812503
74.11259765625005 34.00371093749996
74.20898437500006 34.003417968750085
74.24648437500014 33.99018554687507
74.25087890625014 33.94609375000013
74.21562500000016 33.88657226562509
74.0784179687501 33.8386718750001
74.00097656250006 33.78818359375012
73.97646484375014 33.72128906249998
73.9775390625 33.66782226562512
74.00400390625003 33.632421875
74.06972656250014 33.59169921875005
74.13125000000014 33.54506835937505
74.15 33.50698242187502
74.14257812500011 33.45537109374999
74.11777343750003 33.384130859375034
74.05039062500009 33.30126953125003
73.99423828125009 33.242187500000085
73.9898437500002 33.22119140625006
74.00380859375002 33.189453125
74.04912109374999 33.143408203125034
74.12626953125016 33.07543945312503
74.22207031250014 33.02031249999999
74.28359375000008 33.005126953125114
74.30361328125008 32.99179687500006
74.32275390625006 32.92797851562503
74.32998046875014 32.86083984375003
74.30546874999999 32.81044921875005
74.35458984375009 32.76870117187508
74.48339843750011 32.77099609375
74.58828125000014 32.75322265625013
74.63242187500009 32.77089843750008
74.66328125000018 32.757666015625034
74.64335937500016 32.60771484374996
74.65781250000009 32.518945312499994
74.68574218750001 32.49379882812502
74.78886718750016 32.45781249999999
74.98730468750011 32.46220703124999
75.10410156250009 32.42036132812498
75.2336914062501 32.3721191406251
75.30263671875014 32.3188964843751
75.33349609375011 32.279199218749994
75.32470703125 32.215283203125125
75.25410156250007 32.14033203125004
75.13876953125003 32.10478515624999
75.07148437500018 32.08935546875006
74.73945312500013 31.948828125000034
74.63574218750006 31.889746093750063
74.55556640625014 31.818554687500125
74.52597656250009 31.765136718750085
74.50996093750018 31.712939453125102
74.58183593750016 31.523925781250142
74.59394531250007 31.46538085937513
74.53496093750005 31.261376953125136
74.51767578125009 31.18559570312496
74.53974609375013 31.132666015625006
74.61035156250011 31.112841796875074
74.62578125000005 31.068750000000136
74.63281250000006 31.034667968750114
74.50976562500006 30.959667968750125
74.38037109375 30.89340820312512
74.33935546875 30.89355468749997
74.21562500000016 30.76899414062501
74.00898437500007 30.519677734375023
73.89931640625014 30.435351562500074
73.89160156250006 30.39404296875
73.88271484375014 30.352148437499977
73.92460937500005 30.281640625000023
73.93339843750005 30.222070312500136
73.88652343750016 30.16201171875005
73.80917968750003 30.093359375000034
73.65800781250016 30.03320312500003
73.46748046875007 29.971679687500114
73.38164062500016 29.934375
73.31728515625014 29.77299804687513
73.25781250000011 29.61069335937509
73.23115234375018 29.55063476562512
73.12832031250008 29.363916015625108
72.94873046875011 29.08881835937501
72.9033203125 29.02875976562504
72.62558593750009 28.896142578125023
72.3418945312502 28.751904296875125
72.29199218750006 28.697265625
72.23388671875011 28.56582031250005
72.17919921875006 28.421777343749994
72.12851562500003 28.34633789062508
71.94804687500005 28.177294921875102
71.88886718750007 28.047460937500034
71.87031250000001 27.9625
71.71669921875002 27.91508789062499
71.54296875000006 27.869873046875
71.29013671875003 27.855273437500045
71.18476562500007 27.831640625000034
70.87490234375008 27.714453125000063
70.79794921875003 27.70961914062505
70.73740234375009 27.729003906250085
70.69160156250007 27.768994140625068
70.64912109375018 27.83535156250008
70.62910156250018 27.937451171875097
70.56923828125002 27.983789062500136
70.48857421875016 28.023144531250068
70.40371093750014 28.025048828124994
70.31845703125009 27.98164062500004
70.24433593750018 27.93413085937513
70.19394531250009 27.894873046875034
70.14453125 27.849023437500023
70.04980468750011 27.694726562500023
69.89628906250005 27.473632812500114
69.72480468750018 27.31269531250001
69.66132812500013 27.264501953125034
69.62158203125011 27.22807617187499
69.56796875000003 27.17460937500013
69.53701171875014 27.12294921875008
69.4945312500002 26.95415039062496
69.47001953125005 26.80444335937503
69.48125 26.770996093750142
69.50693359375003 26.742675781250057
69.60058593750011 26.69912109375005
69.73593750000003 26.627050781250034
69.91142578125022 26.58613281250004
70.05937500000016 26.57875976562505
70.11464843750014 26.54804687500001
70.14765625000007 26.506445312500063
70.1568359375002 26.47143554687503
70.14921875000005 26.347558593750023
70.13261718750016 26.214794921874983
70.07773437500003 26.07197265625001
70.07861328125006 25.990039062500017
70.10019531250009 25.91005859375005
70.26464843750011 25.70654296875
70.32519531250011 25.68574218750001
70.4485351562501 25.68134765625001
70.50585937500006 25.685302734375114
70.56953125000007 25.70595703125005
70.61484375000003 25.69189453125003
70.64843750000006 25.666943359375097
70.6572265625 25.625781250000045
70.65205078125007 25.422900390625102
70.70253906250008 25.331054687500057
70.80048828125007 25.205859375000045
70.87773437500005 25.06298828124997
70.95087890625013 24.891601562500057
71.02070312500013 24.757666015625034
71.0478515625 24.687744140625085
71.00234375000014 24.653906250000034
70.97636718750016 24.61875
70.96982421875009 24.57187500000012
70.97929687500005 24.5224609375
70.97324218750009 24.487402343750034
71.00625000000014 24.444335937500057
71.04531250000002 24.429980468750074
71.04404296875009 24.400097656250097
70.98281250000014 24.361035156250068
70.92812500000014 24.362353515625045
70.88623046875011 24.34375
70.80507812500008 24.26196289062503
70.76728515625001 24.245410156250045
70.71630859375011 24.237988281250125
70.65947265625016 24.24609375
70.57929687500018 24.279052734375057
70.55585937500018 24.331103515625074
70.56503906250003 24.385791015625045
70.54677734375014 24.41831054687509
70.48925781250011 24.412158203125074
70.28906250000011 24.356298828125063
70.09824218750003 24.2875
70.06513671875007 24.240576171875034
70.02109375000009 24.19155273437508
69.93378906250007 24.171386718750057
69.80517578125011 24.16523437500004
69.71621093750014 24.172607421875114
69.63417968750014 24.225195312500006
69.55917968750009 24.273095703124994
69.44345703125009 24.275390625000114
69.23505859375007 24.268261718750068
69.11953125000014 24.268652343749977
69.05156250000016 24.28632812500001
68.98457031250018 24.273095703124994
68.90078125000008 24.29243164062501
68.86347656250024 24.26650390625008
68.82832031250018 24.26401367187509
68.80000000000018 24.30908203125003
68.78115234375014 24.313720703125085
68.75898437500007 24.307226562500006
68.73964843750014 24.291992187500114
68.728125 24.265625
68.72412109375 23.964697265625034
68.58662109375001 23.966601562500074
68.48867187500014 23.96723632812504
68.38125000000014 23.950878906250068
68.28251953125016 23.92797851562503
68.23417968750016 23.900537109375108
68.16503906250011 23.857324218750023
68.14882812500002 23.797216796875034
68.11552734374999 23.753369140624983
68.06777343750002 23.818359375
68.03701171875008 23.848242187500034
68.00146484375 23.826074218749966
67.95097656250005 23.82861328125003
67.85996093750003 23.902685546875034
67.81904296875007 23.82807617187501
67.66845703125006 23.810986328124983
67.64951171875009 23.867285156250006
67.64580078125005 23.919873046874983
67.56308593750003 23.88183593750003
67.50361328125001 23.940039062500006
67.47685546874999 24.01826171875004
67.45390625000005 24.039892578125006
67.42763671875008 24.064843750000023
67.365234375 24.091601562500045
67.309375 24.17480468750003
67.30429687500009 24.262890624999955
67.28867187500003 24.367773437500006
67.17148437500003 24.75610351562497
67.1005859375 24.79194335937501
66.70302734375008 24.860937500000034
66.68222656250003 24.928857421874994
66.70986328125002 25.11132812499997
66.69863281250008 25.22631835937503
66.56992187500003 25.378515625000034
66.53388671875001 25.484375
66.42861328125002 25.575341796874994
66.32421875 25.60180664062497
66.21904296874999 25.589892578125017
66.16230468750007 25.553906249999983
66.13115234374999 25.493261718749977
66.3564453125 25.507373046875017
66.40712890625002 25.485058593749983
66.46767578125002 25.44531249999997
66.40292968750003 25.446826171875017
66.32832031250001 25.465771484374955
66.23466796875005 25.46435546875003
65.88359375000005 25.419628906249983
65.67968750000006 25.355273437500017
65.40625 25.37431640624999
65.06132812500005 25.31108398437499
64.77666015625005 25.30732421875001
64.65898437500005 25.184082031250057
64.59404296875005 25.20629882812503
64.54375 25.236669921875006
64.15205078125007 25.33344726562501
64.12490234375002 25.373925781249994
64.059375 25.402929687500034
63.98730468750006 25.351171874999977
63.935546875 25.342529296875
63.72089843750007 25.385888671875023
63.556640625 25.353173828125023
63.49570312500009 25.297509765624966
63.49140625000001 25.210839843749994
63.285742187500034 25.227587890625017
63.17001953125009 25.2548828125
63.01503906250002 25.224658203125045
62.66474609375001 25.264794921874966
62.57246093750001 25.254736328125063
62.44472656250002 25.19726562499997
62.391210937500034 25.15253906250001
62.31533203125002 25.134912109374966
62.24873046875007 25.197363281250006
62.19863281250008 25.224853515625
62.152148437500045 25.206640625000034
62.089453125000034 25.155322265625045
61.90791015625001 25.131298828124955
61.74365234375 25.13818359375003
61.56689453125 25.186328125000045
61.587890625000114 25.20234375000004
61.615429687500125 25.286132812500057
61.64013671875 25.584619140625023
61.67138671875006 25.69238281250003
61.66181640625007 25.751269531250045
61.66865234375001 25.76899414062501
61.737695312500136 25.821093750000045
61.75439453125 25.843359374999977
61.780761718750114 25.995849609375057
61.809960937500136 26.165283203125
61.84238281250009 26.225927734375034
61.86982421875007 26.242431640625
62.08906250000007 26.318261718749994
62.125976562500114 26.368994140625034
62.239355468750034 26.35703125
62.24960937500009 26.369238281250006
62.25966796875008 26.427490234375057
62.31230468750016 26.490869140624994
62.38505859375016 26.542626953124966
62.439257812500045 26.56103515625
62.63642578125007 26.593652343749966
62.751562500000034 26.63916015625
62.78662109375006 26.643896484375006
63.09296875000001 26.63232421875003
63.15781250000009 26.649755859375034
63.168066406250034 26.66557617187496
63.18613281250009 26.83759765625001
63.24160156250002 26.864746093750057
63.250390625000136 26.879248046874977
63.2314453125 26.998144531250034
63.242089843750136 27.07768554687499
63.305175781250114 27.12456054687496
63.301562500000045 27.151464843750034
63.25625 27.207910156249966
63.196093750000045 27.243945312500045
63.16679687500016 27.25249023437499
62.91542968750002 27.218408203124994
62.81162109375009 27.22944335937501
62.762988281250045 27.250195312499983
62.7527343750001 27.265625
62.7625 27.300195312500023
62.764257812500034 27.356738281250017
62.800878906250034 27.444531249999955
62.81201171875 27.497021484374983
62.78232421875009 27.800537109375
62.739746093750114 28.002050781250034
62.7625 28.202050781249994
62.75800781250007 28.243554687500023
62.749414062500136 28.252880859374955
62.717578125000045 28.252783203125034
62.564550781250034 28.23515624999999
62.43388671875016 28.363867187500006
62.353027343750114 28.414746093749983
62.13056640625018 28.47880859374999
62.03300781249999 28.49101562499999
61.88984375000007 28.546533203125023
61.75800781250001 28.66767578125001
61.62304687500006 28.791601562500034
61.56875 28.870898437500017
61.50859374999999 29.00605468750001
61.33789062500006 29.264990234375006
61.33945312500009 29.33178710937503
61.31835937500006 29.37260742187499
61.15214843750016 29.54272460937503
61.0341796875 29.663427734375006
60.843359375000034 29.85869140624999
61.224414062500045 29.749414062500023
61.52148437500006 29.665673828125023
62.00097656250006 29.530419921874994
62.37343750000008 29.425390625
62.47656250000006 29.408349609374994
63.56757812500001 29.497998046874955
63.970996093750045 29.43007812499999
64.09873046875003 29.391943359375034
64.11796875000005 29.414257812499955
64.17216796874999 29.460351562500023
64.26611328125 29.506933593750006
64.39375 29.544335937499994
64.52109375000009 29.564501953125017
64.70351562500002 29.56713867187503
64.82734375000007 29.56416015625004
64.91894531250006 29.552783203125017
65.09550781250005 29.559472656249966
65.18046875000005 29.57763671875003
65.47099609374999 29.651562499999983
65.66621093750007 29.701318359374994
65.96162109375001 29.77890625
66.17705078125005 29.835595703124994
66.23125 29.86572265625
66.28691406250005 29.920019531250063
66.31337890625002 29.96855468749999
66.24716796875003 30.04350585937499
66.23847656250001 30.109619140625057
66.28183593750009 30.193457031249977
66.30546874999999 30.321142578124977
66.30097656250007 30.50297851562499
66.28691406250005 30.607910156250057
66.346875 30.802783203125045
66.39716796875001 30.912207031250034
66.49736328124999 30.964550781249955
66.56679687500002 30.99658203125
66.59580078125009 31.019970703124983
66.62421875000001 31.04604492187505
66.73134765625008 31.19453125000001
66.82929687500007 31.26367187499997
66.92431640625006 31.305615234374983
67.02773437500008 31.300244140624955
67.11591796875001 31.242919921875
67.28730468750001 31.217822265625045
67.45283203125007 31.234619140625
67.59638671875001 31.277685546874977
67.66152343750002 31.31298828124997
67.73789062500003 31.343945312499983
67.73349609375003 31.379248046874977
67.64707031250003 31.409960937500017
67.59755859375008 31.453320312499983
67.57822265625003 31.506494140624966
67.62675781249999 31.538769531249983
67.73984375000009 31.548193359375034
68.01718750000003 31.677978515625
68.13017578125005 31.763281250000063
68.16103515625002 31.80297851562497
68.21396484375003 31.80737304687497
68.31982421875006 31.767675781249977
68.44326171875002 31.754492187500034
68.52070312500001 31.79414062500004
68.59765625000006 31.80297851562497
68.67324218750002 31.759716796874955
68.71367187499999 31.70805664062499
68.78232421875003 31.646435546874955
68.86894531249999 31.634228515624955
68.97343749999999 31.667382812499966
69.08310546875003 31.738476562499983
69.18691406250002 31.83808593750001
69.279296875 31.93681640624996
69.25654296875001 32.24946289062498
69.24140625000001 32.43354492187501
69.28994140625008 32.53056640624996
69.35947265625009 32.59033203124997
69.40537109375003 32.68271484375006
69.40458984375005 32.76425781250006
69.453125 32.83281249999999
69.50156250000009 33.020068359375045
69.56777343750008 33.064160156249955
69.70371093750009 33.09472656249997
69.92011718750001 33.1125
70.09023437500002 33.19809570312498
70.26113281250002 33.28901367187504
70.2841796875 33.369042968749994
70.21972656250006 33.454687500000034
70.13417968750002 33.62075195312502
70.056640625 33.719873046874966
69.86806640625008 33.89765625000004
69.8896484375 34.00727539062498
69.99472656250003 34.05180664062499
70.25361328125001 33.975976562499994
70.32568359375006 33.96113281250001
70.41572265625001 33.95043945312503
70.65400390625007 33.952294921874966
70.84843750000005 33.981884765624955
71.05156250000005 34.04970703125002
71.09130859375006 34.120263671874994
71.08906250000001 34.20405273437501
71.09238281250009 34.27324218749999
71.09570312500006 34.36943359374996
71.02294921875 34.43115234375
70.97890625000008 34.486279296874955
70.965625 34.53037109375006
71.01630859375007 34.55463867187504
71.065625 34.59960937500006
71.11328125 34.681591796874955
71.22578125000001 34.77954101562503
71.29414062500007 34.867724609375045
71.35810546875007 34.909619140624955
71.455078125 34.966943359374994
71.51708984375 35.051123046875006
71.54550781250003 35.101416015625034
71.60166015625003 35.15068359374996
71.62050781250002 35.183007812499966
71.60527343750005 35.21176757812506
71.57724609375003 35.24799804687498
71.54550781250003 35.288867187500045
71.54550781250003 35.32851562500005
71.57197265625001 35.37041015624996
71.60058593750006 35.407910156249955
71.58740234375006 35.460839843749994
71.57197265625001 35.54682617187501
71.51904296875006 35.597509765625034
71.48359375000001 35.714599609375
71.42753906249999 35.83374023437503
71.39755859375009 35.88017578124999
71.34287109375003 35.93852539062496
71.22021484375 36.00068359375001
71.18505859375006 36.042089843750006
71.23291015625006 36.12177734375001
71.31259765625003 36.17119140625002
71.46328125000008 36.29326171875002
71.5458984375 36.377685546875
71.62050781250002 36.43647460937498
71.71640625000003 36.42656250000002
71.77265625000001 36.43183593750001
71.822265625 36.48608398437506
71.92070312499999 36.5341796875
72.09560546875002 36.63374023437504
72.15673828125006 36.70087890625004
72.24980468749999 36.734716796875006
72.32695312499999 36.742382812499955
72.43115234375 36.76582031250001
72.53134765625003 36.80200195312503
72.62285156250005 36.82958984375006
72.76621093750003 36.83500976562499
72.99375 36.85161132812502
73.11679687500003 36.868554687499994
73.41113281250006 36.881689453125006
73.73183593750002 36.887792968750006
73.76914062500009 36.88847656249996
73.90781250000009 36.852929687499994
74.00185546875008 36.82309570312506
74.03886718750005 36.82573242187496
74.19472656250002 36.896875
74.43105468750002 36.98369140624999
74.54140625000002 37.02216796875001
74.60058593750011 37.03666992187496
74.69218749999999 37.035742187500034
74.76601562500014 37.01274414062496
74.84121093750008 36.979101562500034
74.88925781250003 36.95244140625002
74.94912109375014 36.96835937499998
75.05390625000018 36.987158203125006
75.14521484375001 36.973242187500006
75.34667968750011 36.913476562499994
75.37685546875014 36.883691406249966
75.42421875000002 36.73823242187501
75.4602539062501 36.72504882812498
75.57373046875011 36.759326171875045
75.66718750000007 36.74199218749996
75.77216796875001 36.69492187500006
75.84023437500014 36.64970703124999
75.88496093750007 36.600732421874966
75.93300781250014 36.521582031250006
75.95185546875007 36.458105468750034
75.97441406250005 36.38242187499998
75.96865234375002 36.168847656249994
75.93408203125006 36.133935546874994
75.90488281250009 36.08847656250006
75.91230468750018 36.048974609374994
75.94511718749999 36.017578125
76.01044921875007 35.99633789062503
76.07089843750003 35.98300781250006
76.10332031249999 35.94921875000003
76.14785156250002 35.82900390625005
76.17783203125009 35.810546875
76.25166015625001 35.8109375
76.38574218750006 35.837158203125
76.50205078125003 35.87822265625002
76.55126953125006 35.88706054687506
76.56347656250006 35.77299804687499
76.63183593750011 35.729394531249994
76.72753906250006 35.678662109374955
76.76689453124999 35.66171874999998

