131.14960937500018 3.021875
131.1349609375 3.025244140625034
131.13671874999994 3.03945312499999
131.15156250000007 3.054101562499966
131.1723632812501 3.06059570312496
131.18789062499997 3.055615234375011
131.18632812500005 3.042089843750006
131.1723632812501 3.026220703124963

134.53466796874994 7.360644531249989
134.50625000000014 7.43710937500002
134.5157226562502 7.525781249999966
134.55595703125005 7.593945312499997
134.59970703125003 7.615771484375003
134.60869140625005 7.623583984374989
134.65117187500016 7.712109375
134.65957031250002 7.66328125
134.63271484375014 7.501318359374949
134.5982421875002 7.438281249999989
134.59541015625018 7.382031249999983

