34.24531250000007 31.20830078124996
34.2125 31.292285156250017
34.198144531250136 31.322607421874977
34.387304687500034 31.483789062499966
34.4773437500001 31.584863281250023
34.524121093750125 31.541650390625023
34.52558593750007 31.525634765625057
34.350195312500034 31.362744140624983
34.34833984375007 31.292919921874983

35.55898437500008 31.765527343749994
35.499414062500136 31.67236328125
35.465429687500034 31.562353515624977
35.45058593750002 31.479296875000017
35.408691406250114 31.482910156250057
35.276660156250045 31.422802734374983
35.10117187500009 31.3662109375
34.907812500000034 31.35131835937497
34.880468750000034 31.36816406250003
34.87275390625018 31.396875
34.929199218750114 31.536572265624955
34.950976562500045 31.60229492187503
35.034667968750114 31.673242187500023
35.153417968750034 31.734472656250063
35.20371093750009 31.75
35.19804687499999 31.776318359374955
35.12714843750001 31.816748046875034
35.05322265625 31.83793945312499
34.98300781250009 31.816796875000023
34.96113281250007 31.823339843750034
34.95380859375018 31.841259765624955
34.97832031249999 31.86640625000001
34.989746093750114 31.913281249999983
34.97880859374999 31.991601562500023
34.97138671875007 32.08710937500004
34.95595703125008 32.16093749999999
34.99951171875006 32.28105468750002
35.0105468750001 32.33818359375002
35.06503906250009 32.46044921874997
35.19326171875008 32.53442382812503
35.303808593750034 32.51293945312503
35.362109375000045 32.507470703124966
35.38671875000006 32.493017578125034
35.402636718750045 32.45063476562501
35.484375 32.40166015624999
35.55146484375007 32.39550781249997
35.5720703125001 32.237890625000034
35.534765625000034 32.10302734375
35.53144531250007 31.98491210937499

