-81.65810546875002 7.327539062499994
-81.7701171875 7.370361328125014
-81.85205078125 7.45332031250004
-81.85859375000001 7.480175781249997
-81.85693359375003 7.507666015625006
-81.81215820312497 7.592382812500034
-81.75229492187503 7.621630859374946
-81.72875976562503 7.621191406250034
-81.67143554687499 7.523437500000014
-81.71044921875003 7.485546875000026
-81.69472656250002 7.425
-81.61342773437497 7.38017578124996
-81.60327148437494 7.3328125

-79.11035156250003 8.209814453124963
-79.12753906249998 8.251855468750009
-79.0962890625 8.29541015625
-79.08530273437498 8.29580078124998
-79.06542968750003 8.254199218750031

-78.91811523437502 8.231933593750028
-78.96494140624998 8.326269531249977
-78.95742187499997 8.350585937500043
-78.96059570312497 8.435839843750003
-78.91601562499994 8.458251953125043
-78.88325195312495 8.460253906250003
-78.85615234375001 8.448242187500043
-78.83916015625002 8.347900390625028
-78.85322265624995 8.302441406250011
-78.89833984375 8.274267578125034

-82.24443359375002 9.334082031250034
-82.32172851562495 9.418115234375009
-82.27578125 9.431884765624972
-82.25942382812497 9.430273437500006
-82.23349609375 9.380712890625034

-79.21162109374995 9.531933593750026
-79.11225585937495 9.536767578125023
-79.01669921875003 9.510449218749997
-78.975 9.452978515625006
-78.93164062500003 9.428466796874986
-78.696923828125 9.434765625000026
-78.50434570312493 9.406298828125003
-78.08276367187503 9.236279296875011
-77.83081054687503 9.068115234375028
-77.69721679687498 8.88945312499996
-77.37421875000001 8.658300781250034
-77.39306640625003 8.644677734375009
-77.44833984375 8.565869140625026
-77.47851562500003 8.498437499999966
-77.40727539062499 8.427246093750028
-77.38588867187497 8.351660156249991
-77.34550781250002 8.269531249999957
-77.2826171875 8.187060546875031
-77.21230468749997 8.033886718750011
-77.19599609375001 7.972460937500017
-77.215966796875 7.932519531249966
-77.28295898437497 7.908154296874969
-77.34560546874994 7.836523437500034
-77.36274414062498 7.749072265624974
-77.35078124999993 7.705859374999974
-77.53828124999993 7.566259765625034
-77.586572265625 7.54306640625002
-77.61860351562495 7.564550781249963
-77.65859375000002 7.63461914062502
-77.70634765624999 7.691210937500003
-77.73203124999998 7.710937500000028
-77.74692382812498 7.71186523437504
-77.76191406249993 7.698828124999963
-77.76875 7.668066406249991
-77.743896484375 7.53696289062502
-77.76469726562496 7.483691406250003
-77.82832031249995 7.442822265625026
-77.90117187499996 7.229345703124963
-77.92978515625003 7.256347656249957
-78.17011718749995 7.543798828124991
-78.37822265624999 7.899902343749972
-78.42158203124995 8.060986328125026
-78.36762695312495 8.070556640625014
-78.3154296875 8.066943359374989
-78.28735351562494 8.091796874999986
-78.2548828125 8.138623046875026
-78.28120117187495 8.247558593750014
-78.18002929687503 8.330273437499997
-78.14189453124999 8.386083984374991
-78.11386718749995 8.379589843749997
-78.04775390625 8.284765624999963
-77.95166015624994 8.23027343749996
-77.833642578125 8.151171875
-77.76054687500002 8.133251953124997
-77.8529296875 8.216210937500023
-78.0125 8.325390624999969
-78.05717773437496 8.397119140625023
-78.09946289062495 8.496972656250023
-78.16181640624995 8.453710937500006
-78.190771484375 8.417333984374963
-78.223046875 8.396630859375009
-78.25112304687494 8.421435546875003
-78.25610351562497 8.453710937500006
-78.35014648437496 8.46000976562496
-78.37431640624999 8.489257812499957
-78.39921875000002 8.505664062500017
-78.38789062500001 8.443408203125031
-78.36938476562497 8.404931640625009
-78.37929687499994 8.358593749999983
-78.40986328124995 8.355322265625034
-78.43603515624997 8.403320312500043
-78.46943359375001 8.446679687499994
-78.51406249999997 8.628173828125014
-78.62089843749996 8.713720703125034
-78.66982421875 8.742187499999972
-78.71020507812494 8.752929687500028
-78.769677734375 8.811083984374974
-78.8482421875 8.8421875
-78.95517578125003 8.932519531250023
-79.08637695312493 8.997167968749963
-79.2466796875 9.020068359375017
-79.44150390624998 9.006005859374994
-79.50708007812503 8.970068359375034
-79.55166015624997 8.92446289062498
-79.57236328125 8.903271484375026
-79.68745117187501 8.850976562500023
-79.7310546875 8.775341796874983
-79.758544921875 8.711572265624952
-79.81591796874997 8.63920898437496
-79.75043945312495 8.595507812500031
-80.12578125 8.349658203125031
-80.20009765625 8.313964843750043
-80.36870117187496 8.288769531249969
-80.40756835937498 8.262451171875028
-80.45898437499997 8.213867187499986
-80.46586914062496 8.139941406250031
-80.45810546874998 8.077050781250009
-80.40913085937495 8.028564453124986
-80.36557617187503 7.997998046874983
-80.26093749999995 7.851660156250006
-80.07519531250003 7.66704101562496
-80.04003906249997 7.59980468750004
-80.01123046874997 7.50004882812496
-80.06728515625002 7.45322265625002
-80.11059570312497 7.433447265624977
-80.28730468749998 7.425634765624991
-80.34824218749998 7.385693359375026
-80.37294921874994 7.324658203125026
-80.43886718749997 7.274951171875017
-80.66669921875001 7.22568359375002
-80.84555664062503 7.220068359375034
-80.901220703125 7.277148437500031
-80.91464843749998 7.4375
-81.03510742187501 7.711132812499983
-81.06386718750002 7.899755859375034
-81.09394531250001 7.876318359374963
-81.15781249999998 7.854394531250037
-81.17939453125001 7.80751953124998
-81.195458984375 7.668408203124983
-81.21904296875002 7.620947265624991
-81.26840820312503 7.625488281250028
-81.36958007812495 7.675292968750043
-81.504150390625 7.721191406249986
-81.67568359374997 8.015917968749989
-81.69428710937501 8.071386718750006
-81.72763671874998 8.137548828124991
-81.86025390625 8.16542968749998
-81.97329101562502 8.215087890624972
-82.09672851562493 8.22275390625002
-82.15986328125001 8.194824218750014
-82.22431640624998 8.23037109374998
-82.23544921874995 8.311035156249986
-82.36484375000003 8.274853515624983
-82.53095703124993 8.28740234374996
-82.679541015625 8.321972656249983
-82.78115234375002 8.30351562499996
-82.86611328125 8.246337890625028
-82.854345703125 8.099511718749966
-82.87934570312495 8.070654296875034
-82.88330078124994 8.130566406249983
-82.91289062499993 8.199609375000023
-82.94843749999998 8.256835937500043
-83.02338867187498 8.31601562500002
-83.02734375 8.337744140625006
-82.99755859374997 8.367773437499991
-82.86162109374999 8.453515624999966
-82.84477539062502 8.489355468749977
-82.84262695312492 8.56396484375
-82.85571289062503 8.63530273437496
-82.91704101562499 8.740332031250048
-82.88198242187497 8.805322265625051
-82.81191406249997 8.857421875
-82.73999023437497 8.898583984375037
-82.72783203124999 8.91606445312496
-82.74116210937495 8.951708984375031
-82.78305664062495 8.990283203124989
-82.88134765625 9.055859375000026
-82.94033203124994 9.060107421875003
-82.94282226562501 9.248876953124991
-82.93984375000002 9.44916992187504
-82.92504882812503 9.469042968750003
-82.88896484374996 9.481005859375031
-82.86015625 9.511474609375028
-82.84399414062503 9.570800781250028
-82.80102539062497 9.591796875000043
-82.72338867187497 9.546093749999969
-82.64409179687499 9.505859375000043
-82.61127929687495 9.519238281250011
-82.58652343749998 9.538818359375
-82.56923828125002 9.558203125000048
-82.56357421874992 9.576660156249986
-82.500341796875 9.523242187500031
-82.37080078124998 9.428564453125006
-82.36318359374997 9.38193359375002
-82.37539062499997 9.337255859374977
-82.33974609374997 9.209179687499997
-82.27246093750003 9.190625
-82.20488281249993 9.21542968750002
-82.188134765625 9.191748046874991
-82.20068359374997 9.16811523437498
-82.23544921874995 9.141650390625003
-82.24418945312496 9.031494140625028
-82.13330078125003 8.980078125000034
-82.077880859375 8.934863281249974
-81.89414062499998 8.956103515625031
-81.82641601562503 8.944091796874986
-81.78022460937493 8.957226562499997
-81.83149414062498 9.045605468749969
-81.90014648437503 9.111035156249983
-81.89448242187495 9.140429687500017
-81.84238281249998 9.118701171875031
-81.80258789062498 9.074121093750009
-81.71220703124993 9.018945312499966
-81.54560546875001 8.82700195312502
-81.35478515624996 8.780566406249974
-81.203759765625 8.78671875
-81.06308593750003 8.812646484375037
-80.83867187499996 8.887207031250028
-80.67646484374995 9.021875
-80.546875 9.081933593750009
-80.12709960937494 9.209912109374969
-79.97797851562495 9.34370117187504
-79.91508789062502 9.361328124999986
-79.85507812499995 9.378076171875023
-79.72309570312498 9.47929687499996
-79.65224609375002 9.558203124999949
-79.57729492187502 9.59785156250004
-79.35546874999994 9.56923828124998

