153.70322265625003 -11.52851562500004
153.75986328125003 -11.586328125
153.69951171875 -11.612597656250031
153.55371093749994 -11.63056640625004
153.51923828125007 -11.595214843750043
153.3790039062501 -11.559570312499972
153.35703125000003 -11.495019531249966
153.28681640625007 -11.516992187499994
153.3223632812502 -11.47148437499996
153.2344726562502 -11.420312500000023
153.20703124999994 -11.351855468750017
153.20361328124994 -11.324121093749966
153.3067382812502 -11.356347656250051
153.5361328125001 -11.476171875000034

154.26601562500014 -11.415917968750009
154.2295898437501 -11.397460937499986
154.1211914062502 -11.425683593749966
154.0640625000002 -11.419335937499994
154.03115234374997 -11.370507812499994
154.0234375000001 -11.347949218750017
154.1176757812501 -11.36552734374996
154.10175781250018 -11.311425781250037
154.2378906250002 -11.338867187500043
154.2807617187501 -11.36142578125002

150.88466796875014 -10.643457031250023
150.80234375000003 -10.620214843750006
150.78574218750003 -10.603417968750037
150.79931640625 -10.554101562500037
150.87207031249994 -10.55185546875002
150.89873046875016 -10.565332031250009

151.12343750000002 -10.020214843749983
151.1943359375 -9.94550781250004
151.25566406250016 -9.92265625
151.2964843750002 -9.956738281250011
151.23085937500014 -10.194726562500009
151.17548828125007 -10.158886718749983
150.9591796875 -10.092578124999974
150.95244140625 -9.9984375
150.8960937500001 -9.968066406250017
150.8613281250001 -9.876171875000026
150.78964843750003 -9.77431640624998
150.77607421875 -9.709082031250006
150.81669921875016 -9.735937499999977
150.8623046875001 -9.802441406250026
151.05146484375018 -9.938964843750028
151.044140625 -9.983105468749969
151.08095703124997 -10.020117187499963

150.6690429687501 -9.42851562499996
150.74648437500014 -9.40449218750004
150.7886718750002 -9.417968750000028
150.87910156250018 -9.512695312499972
150.88408203125 -9.581933593750037
150.89863281250007 -9.641406249999989
150.8940429687501 -9.667480468749972
150.84404296875005 -9.702832031249983
150.8482421875001 -9.662597656249957
150.80996093750002 -9.654785156249957
150.6783203125002 -9.65654296874996
150.5762695312502 -9.631152343750031
150.43623046875018 -9.624609375000034
150.4953125 -9.561718750000011
150.50849609375007 -9.536132812500028
150.4346679687502 -9.434960937500023
150.4314453125 -9.386621093750037
150.43730468750005 -9.35996093750002
150.49892578124997 -9.345605468750037
150.5284179687502 -9.346582031249966

150.33134765625005 -9.5185546875
150.27285156250002 -9.500390625000037
150.10976562500002 -9.361914062499977
150.13496093750018 -9.259570312500003
150.20830078125 -9.206347656249989
150.32011718750016 -9.264160156249957
150.3570312500002 -9.349023437500023
150.3681640625 -9.396484375
150.34541015625007 -9.49384765625004

152.68925781250016 -8.974609375000028
152.81005859375 -8.967187500000037
152.84980468750018 -9.024511718749991
152.90507812500016 -9.044238281250003
152.95292968750016 -9.070117187500045
152.99531250000018 -9.1078125
152.99501953125002 -9.130761718749966
152.9849609375002 -9.150781250000037
152.95927734375 -9.16865234375004
152.96689453125003 -9.208984375
152.92275390625014 -9.203027343750023
152.86748046875016 -9.224316406250011
152.75947265625018 -9.177148437499994
152.72011718750014 -9.166503906249957
152.708203125 -9.126074218749977
152.63808593750014 -9.05839843749996
152.51513671874994 -9.00986328125002
152.57705078125014 -8.970019531249989
152.6309570312502 -8.959375

143.608203125 -8.677148437500009
143.46279296875014 -8.617089843750023
143.32412109375014 -8.516796875000026
143.25380859375002 -8.489550781249974
143.20683593750005 -8.4234375
143.2930664062502 -8.47275390625002
143.443359375 -8.518945312500023
143.5903320312501 -8.633398437499977

151.1241210937501 -8.804882812500011
151.04619140625 -8.728320312500045
151.08076171875 -8.641796875
151.08681640625002 -8.595019531249974
151.0828125 -8.568652343750017
151.00498046875003 -8.523828125000037
151.04628906250014 -8.450585937500037
151.09013671875016 -8.425976562499997
151.11757812499997 -8.418847656249966
151.11640625000018 -8.521875
151.13857421874997 -8.568066406249983
151.10683593750002 -8.733496093750034

143.54316406250018 -8.48476562499998
143.36689453125007 -8.416894531250009
143.3218750000002 -8.36757812499999
143.52822265625014 -8.378515625
143.58144531249997 -8.39091796874996
143.592578125 -8.459960937499986
143.58681640625002 -8.481738281249989

147.9854492187502 -5.833984374999957
147.96796875 -5.788574218750028
147.87451171875 -5.749218750000011
147.78105468750016 -5.627246093750031
147.78251953125 -5.5224609375
147.79462890625007 -5.492382812499997
147.84648437500016 -5.490820312500034
148.05478515625003 -5.611523437500026
148.07607421875014 -5.650195312500003
148.06044921875014 -5.764648437499957
148.02578124999997 -5.826367187500011

155.93320312500003 -6.780468750000054
155.91494140624997 -6.796679687499974
155.89189453125016 -6.761523437500003
155.80498046875016 -6.795605468750026
155.76347656250005 -6.834375
155.7193359375002 -6.862792968750028
155.6173828125 -6.855957031249972
155.52089843749997 -6.830273437499983
155.4273437500002 -6.782714843749972
155.34404296875005 -6.721679687499972
155.26054687500016 -6.626074218750034
155.20859375000003 -6.526855468749986
155.2344726562501 -6.411621093749957
155.2021484375 -6.3076171875
155.04462890625007 -6.233691406250031
155.01015625000014 -6.20976562499996
154.940234375 -6.106152343749983
154.87031250000007 -6.061425781250023
154.78193359375018 -5.970703125000014
154.75927734375 -5.931347656249983
154.72109375000014 -5.816503906250034
154.70898437499994 -5.747070312500014
154.74111328125014 -5.545312500000037
154.729296875 -5.444433593750006
154.77265625000007 -5.454101562500014
154.81845703125003 -5.49404296874998
154.87050781250002 -5.521386718750051
154.9970703125001 -5.539941406250009
155.0938476562502 -5.62021484375002
155.18671875 -5.776953124999977
155.1978515625001 -5.828320312500054
155.2275390625001 -5.865234375000014
155.323046875 -5.931738281249977
155.37255859374994 -5.974414062499974
155.4669921875 -6.14511718750002
155.51933593750005 -6.18154296874998
155.5810546875 -6.196191406250037
155.63847656250016 -6.220800781249977
155.7341796875 -6.29570312499996
155.82255859375016 -6.38046875
155.88222656249997 -6.469628906249966
155.92763671874997 -6.565039062500034
155.95761718750003 -6.686816406249974

147.1202148437501 -5.437402343749994
147.02900390625007 -5.342382812499991
147.00585937499994 -5.30703125
147.0147460937501 -5.257421875
147.13105468750007 -5.190820312500023
147.20634765625005 -5.251562499999963
147.22187500000018 -5.381542968749983
147.1762695312501 -5.431933593750031

154.62734375000014 -5.440625
154.58388671875014 -5.314453124999986
154.576171875 -5.220898437500026
154.56279296875005 -5.151953125
154.5400390625001 -5.110839843749986
154.6055664062502 -5.034960937499974
154.63261718750005 -5.01386718750004
154.68203124999997 -5.054003906250045
154.68916015625018 -5.142675781249991
154.7271484375002 -5.218066406249974
154.6984375 -5.382812499999972
154.647265625 -5.432714843750006

145.95234375000018 -4.755761718750037
145.90400390625018 -4.73300781250002
145.88359375000005 -4.667480468749986
145.90019531250005 -4.604199218749969
145.95878906250016 -4.55429687500002
145.99580078125007 -4.539257812499983
146.03740234375 -4.573144531250037
146.05341796875018 -4.640136718750014
146.01933593750016 -4.726171875000048

151.96757812500005 -4.316992187499991
152.11718749999994 -4.21220703124996
152.1972656250001 -4.285156249999986
152.29941406250003 -4.320703125000037
152.40566406250014 -4.340722656250037
152.36357421875016 -4.490820312499963
152.37607421875003 -4.560253906249997
152.403515625 -4.629296875000023
152.4000000000002 -4.73125
152.3511718750002 -4.822167968749966
152.25761718750016 -4.954687499999963
152.21572265625014 -4.979199218749983
152.1666015625001 -4.993164062499986
152.0132812500002 -5.003808593750023
151.98369140625005 -5.074414062500026
151.9939453125 -5.149023437500034
152.07685546875018 -5.247070312500028
152.14296874999997 -5.357031249999963
152.07705078125014 -5.458300781249989
151.96845703125007 -5.528808593749957
151.86542968750018 -5.564843750000023
151.6949218750002 -5.543554687500034
151.51513671874994 -5.552343749999963
151.4814453125001 -5.590917968750006
151.4804687500001 -5.654589843750003
151.4551757812502 -5.703125
151.4224609375002 -5.747363281249989
151.33125000000018 -5.839062500000011
151.229296875 -5.919921874999972
151.09003906250007 -5.996679687499977
151.04316406250018 -6.01503906249998
150.9199218750001 -6.02724609374998
150.80898437499997 -6.071386718750006
150.75957031250016 -6.114453124999983
150.70576171875018 -6.1494140625
150.5880859375 -6.187792968750003
150.47353515625014 -6.26337890625004
150.4283203125001 -6.276171874999989
150.19082031250002 -6.289355468750003
149.85097656250014 -6.292968750000028
149.75029296875016 -6.300878906250048
149.6525390625 -6.290429687500051
149.59843750000005 -6.260937499999983
149.48300781250003 -6.12480468749996
149.38232421874994 -6.078125
149.27265625000018 -6.079492187499966
149.1265625000001 -6.127636718750011
149.09902343749997 -6.116992187499974
148.80751953125002 -5.916406249999966
148.71914062500014 -5.867382812500011
148.6248046875 -5.830761718750011
148.5097656250001 -5.805371093749997
148.401171875 -5.765039062500037
148.33720703125005 -5.669433593750014
148.34472656249994 -5.544921874999957
148.43203124999997 -5.471777343749977
148.56494140624994 -5.507910156249963
148.6158203125002 -5.507421875000048
148.6658203125 -5.486621093749974
148.72431640625 -5.493261718750006
148.78349609375 -5.511621093750009
148.99921875000018 -5.484570312500011
149.1240234375001 -5.52265625000004
149.2453125 -5.573046875
149.35888671875 -5.583984375000014
149.475390625 -5.573242187499957
149.63173828125014 -5.516015625000023
149.68105468749997 -5.523535156250034
149.83144531249997 -5.524121093749983
149.96279296875002 -5.447753906249972
150.01191406250007 -5.139550781249966
150.04531250000014 -5.034667968750014
150.09003906250018 -5.011816406249977
150.12226562500018 -5.01816406250002
150.17031250000002 -5.07060546874996
150.10869140625016 -5.13603515624996
150.0815429687501 -5.186425781250023
150.07246093750007 -5.309570312499972
150.10625 -5.42900390624996
150.1831054687501 -5.523632812499969
150.29873046875014 -5.535644531250014
150.4043945312501 -5.473144531249986
150.51943359374997 -5.460253906250031
150.62578125000016 -5.520898437500037
150.7344726562502 -5.51044921875004
150.784375 -5.470898437499969
150.842578125 -5.45371093750002
150.90029296875014 -5.447167968750023
150.9529296875 -5.423730468750051
151.022265625 -5.320703125000023
151.0688476562501 -5.204492187499966
151.1377929687502 -5.112890624999963
151.32656250000002 -4.960351562499966
151.3809570312501 -4.941308593749994
151.43984375000002 -4.930957031250017
151.57255859375005 -4.9375
151.67119140625016 -4.883300781249986
151.67890625 -4.761035156250045
151.66464843750003 -4.637011718750003
151.55195312500018 -4.345507812500031
151.54423828125005 -4.29921875
151.560546875 -4.247363281250017
151.59306640625005 -4.200781250000034
151.7037109375002 -4.2
151.81933593749994 -4.216992187500054
151.86474609374994 -4.260839843750006
151.9156250000002 -4.296777343750051

153.65009765625018 -4.123046875
153.59150390625 -4.095996093750003
153.6397460937502 -4.044726562500031
153.66298828125014 -4.041210937500026
153.6592773437501 -4.099316406249969

152.64619140625018 -3.221191406250043
152.5850585937501 -3.169824218749966
152.54326171875 -3.095605468750037
152.5699218750002 -3.0625
152.6387695312502 -3.042773437500017
152.67060546875018 -3.133398437500006

152.0884765625001 -2.997851562500017
152.05732421875 -2.994921875000031
151.97109375000014 -2.896093749999977
151.95458984374994 -2.870507812500009
151.9747070312501 -2.845605468749994
152.07460937500002 -2.91845703125
152.0992187500002 -2.947363281250034

151.9333984375 -2.830371093750003
151.9297851562501 -2.750585937499991
151.9463867187501 -2.708593749999963
152.0019531250001 -2.737792968749972
152.0113281250001 -2.809179687500034
151.95722656250007 -2.830175781250048

144.24794921875014 -3.818261718749994
144.37441406250014 -3.802734375000028
144.4265625 -3.80966796875002
144.47773437500007 -3.825292968750006
144.5245117187501 -3.855273437499989
144.54824218750014 -3.913085937500043
144.62666015625018 -3.993066406249994
144.7378906250002 -4.02910156249996
144.84345703125 -4.101464843750051
144.9384765625001 -4.18818359375004
145.0083984375001 -4.275488281249977
145.08779296874997 -4.349121093749972
145.20800781249994 -4.380273437500009
145.3345703125001 -4.385253906249957
145.76699218749997 -4.823046874999974
145.7880859375001 -4.890625
145.79287109375002 -5.177929687499969
145.7452148437501 -5.402441406249977
145.85283203125016 -5.471289062499963
145.99941406249997 -5.497070312499972
146.20537109375005 -5.545117187499997
146.40341796875003 -5.616601562499994
147.03427734375003 -5.919238281250003
147.12089843750005 -5.945019531250026
147.2482421875 -5.954785156249969
147.37666015625018 -5.950781250000034
147.42275390624997 -5.96621093749998
147.51855468749994 -6.021093749999977
147.56669921875016 -6.056933593749989
147.65302734375018 -6.154785156250028
147.73007812500003 -6.261132812500023
147.76289062500018 -6.29150390625
147.80205078125016 -6.315234375000031
147.82451171875005 -6.373046875
147.8544921875001 -6.551171874999966
147.84550781250005 -6.662402343749974
147.81044921875002 -6.703613281250028
147.70957031250003 -6.723632812500014
147.35576171875 -6.742382812500011
147.1191406250001 -6.721679687499972
146.95361328124994 -6.834082031249963
146.94921874999994 -6.883105468750003
146.9607421875 -6.928808593749977
147.10488281250014 -7.166992187500014
147.1900390625001 -7.378125
147.26015624999997 -7.464062500000054
147.3653320312502 -7.533789062500048
147.458984375 -7.616210937499957
147.5451171875 -7.710937499999986
147.72431640625 -7.876269531250003
147.8218750000002 -7.9375
147.9361328125002 -7.975390625000031
148.12675781250016 -8.103613281249963
148.1519531250002 -8.160253906250034
148.20644531250014 -8.338671874999974
148.2299804687501 -8.459667968750026
148.23359375000007 -8.509570312499974
148.246875 -8.55429687500002
148.41445312500014 -8.66396484374998
148.45117187499994 -8.69453125
148.5258789062501 -8.938574218749977
148.5831054687502 -9.051757812500028
148.67949218750005 -9.091992187499969
148.791796875 -9.089453124999977
149.0974609375 -9.016894531250031
149.14169921875003 -9.014550781249994
149.19833984375003 -9.03125
149.24765625000003 -9.07099609375004
149.26406250000014 -9.18076171875002
149.21621093750014 -9.295898437500028
149.20302734375014 -9.406835937499977
149.2631835937501 -9.49785156249996
149.41875 -9.568847656250043
149.47578125000018 -9.58828125
149.75576171875002 -9.6109375
149.865625 -9.630078124999983
149.97353515625014 -9.66074218750002
150.01103515625016 -9.688183593750011
149.98466796875 -9.737011718750011
149.92822265624994 -9.760839843749977
149.8643554687502 -9.77060546875002
149.76123046874994 -9.805859375000011
149.76308593749997 -9.868652343750014
149.8212890625001 -9.934179687500034
149.87441406250014 -10.012988281250017
149.91914062500018 -10.041601562499977
149.967578125 -10.060742187499969
150.08857421875007 -10.08808593750004
150.20625 -10.125585937500034
150.28388671875007 -10.162890625
150.36406250000005 -10.18964843750004
150.53886718750005 -10.206738281249969
150.6669921875001 -10.257128906250017
150.84951171874997 -10.236035156249983
150.69130859375002 -10.317871093749957
150.6368164062502 -10.337988281249963
150.44609375000016 -10.307324218750026
150.4102539062502 -10.339257812499966
150.48886718750003 -10.42578125
150.6054687500001 -10.484082031249983
150.64716796875018 -10.517968750000037
150.61796875000016 -10.557617187500043
150.482421875 -10.636914062500026
150.42578125 -10.648535156249991
150.3199218750002 -10.654882812499963
150.14238281250016 -10.620703125
150.01679687500018 -10.577148437500014
149.9815429687501 -10.517675781249977
149.948046875 -10.48261718750004
149.83476562500005 -10.398828125000023
149.7541015625 -10.353027343750014
149.65136718749994 -10.3375
149.54433593750002 -10.338476562499977
149.3526367187502 -10.289746093749997
148.93681640625016 -10.255175781249974
148.83769531250005 -10.233984375
148.7128906250001 -10.166894531250023
148.65419921875014 -10.15732421875002
148.59121093749997 -10.178417968749969
148.43056640625014 -10.191406250000043
148.3833984375002 -10.18544921874998
148.26875 -10.12822265624996
148.1504882812501 -10.107324218749966
148.10126953125018 -10.12451171875
148.05136718750003 -10.12832031249998
147.89013671875 -10.087402343749986
147.7686523437502 -10.070117187500017
147.66884765625002 -10.013085937500037
147.6143554687502 -9.959765625
147.553125 -9.912402343750045
147.49648437499997 -9.790429687499966
147.40830078125003 -9.674707031250023
147.29892578125003 -9.57958984375
147.064453125 -9.426074218749989
147.01718750000003 -9.387890625000026
146.9253906250001 -9.247167968749963
146.93037109375 -9.153906249999963
146.96376953124997 -9.059570312500028
146.91328125000018 -9.091699218749994
146.85625 -9.087695312499974
146.69658203125 -9.025390624999986
146.6308593750001 -8.951171874999972
146.52412109375007 -8.74970703125004
146.45585937500016 -8.6435546875
146.2964843750002 -8.455566406249986
146.2505859375002 -8.343945312499983
146.18408203124994 -8.246386718750003
146.14296875000002 -8.210253906250017
146.10878906249997 -8.168457031250028
146.07851562500014 -8.11416015624998
146.03320312499994 -8.076367187499997
145.81093750000014 -7.99277343750002
145.77177734375016 -7.966406249999977
145.72871093750018 -7.952441406249974
145.56337890624997 -7.94384765625
145.46777343749994 -7.930078125000037
145.2875 -7.861621093750045
145.1943359375001 -7.841113281250031
145.08232421875005 -7.828125
144.973828125 -7.802148437500009
144.9208984375001 -7.77666015624996
144.88535156250003 -7.733593749999983
144.8642578125001 -7.631542968749969
144.7734375 -7.64248046874998
144.68437500000016 -7.624804687500017
144.59794921875005 -7.588964843750006
144.5098632812502 -7.567382812499957
144.4497070312501 -7.598144531250014
144.43125 -7.67939453125004
144.4034179687502 -7.683593750000014
144.35185546875016 -7.6669921875
144.326171875 -7.676757812500043
144.27021484375007 -7.714257812500037
144.22539062500016 -7.764941406249974
144.14287109375005 -7.757226562499994
143.9736328125001 -7.705957031250037
143.89824218750005 -7.673828124999972
143.8341796875 -7.615917968749983
143.7791015625 -7.550097656249989
143.72333984375018 -7.498242187499997
143.6548828125002 -7.460351562500009
143.74208984375002 -7.549804687500014
143.94228515625014 -7.944238281249994
143.89218750000003 -7.95185546875004
143.840625 -7.941894531249957
143.88798828125016 -8.017675781250034
143.83339843750014 -8.02910156249996
143.77929687499994 -8.028222656249966
143.66503906249994 -7.995507812499966
143.5515625 -7.984667968749974
143.51816406250003 -8.00068359375004
143.54218750000007 -8.02910156249996
143.5820312500001 -8.112695312500037
143.61376953125 -8.20039062500004
143.45 -8.23984375
143.28203125000016 -8.263867187500011
143.09492187500007 -8.311230468749983
142.90546875000018 -8.314453125000014
142.80830078125 -8.2875
142.70859375000003 -8.272265625000031
142.6150390625 -8.2875
142.52412109375 -8.32167968749998
142.44755859375016 -8.316210937500017
142.39921875 -8.2546875
142.37646484375 -8.2080078125
142.3474609375 -8.16748046875
142.2758789062501 -8.173925781249977
142.20683593750016 -8.19580078125
142.32509765624997 -8.198339843749977
142.360546875 -8.25
142.39101562500002 -8.312695312500011
142.4748046875 -8.369433593750017
142.57597656250005 -8.335644531249983
142.79794921875003 -8.345019531250017
143.0136718750001 -8.44384765625
143.06484374999997 -8.455175781249991
143.11181640624994 -8.474511718750023
143.22294921875005 -8.572167968750023
143.30673828125003 -8.660937499999989
143.37724609375005 -8.762207031250014
143.39218750000003 -8.801855468750006
143.38750000000016 -8.908203125
143.3662109375 -8.96103515625002
143.22685546875005 -9.0359375
143.0782226562502 -9.092480468749983
142.8591796875 -9.202636718750043
142.64716796875007 -9.327832031249969
142.5357421875002 -9.303320312500034
142.43525390625007 -9.237011718750026
142.3962890625 -9.219042968750003
142.29277343750016 -9.182910156250017
142.2295898437501 -9.169921875000028
141.97890624999997 -9.198144531250009
141.72734375000016 -9.212597656250026
141.6215820312501 -9.211328125000037
141.51875 -9.190136718749983
141.40566406249997 -9.150683593750017
141.29365234375018 -9.168164062500026
141.2169921875 -9.214453124999963
141.13320312500002 -9.22128906250002
140.9761718750001 -9.11875
140.97597656250014 -9.105566406249977
140.97597656250014 -8.902246093750037
140.97587890625 -8.698925781249997
140.97578125000018 -8.49570312499999
140.97568359375003 -8.292382812500051
140.97558593749994 -8.089062500000011
140.97558593749994 -7.885742187499986
140.97548828125002 -7.682519531249966
140.975390625 -7.479199218750026
140.97529296875018 -7.275878906249986
140.97519531250003 -7.07255859374996
140.97519531250003 -6.905371093750006
140.9195312500001 -6.840039062500011
140.86230468749994 -6.740039062499989
140.8746093750001 -6.611523437499997
140.94404296875018 -6.452246093749977
140.975 -6.346093750000023
140.975 -6.259375
140.97490234375016 -6.056152343750014
140.97480468750007 -5.852832031249974
140.97470703125003 -5.649511718750034
140.9746093750001 -5.446191406250009
140.9746093750001 -5.242968749999989
140.97451171875002 -5.039648437499963
140.97441406250016 -4.836328125
140.97431640625007 -4.633007812499983
140.9742187500002 -4.429785156249963
140.9742187500002 -4.226464843750023
140.97402343749997 -4.023144531249997
140.97402343749997 -3.819824218749957
140.97392578125016 -3.616601562500037
140.973828125 -3.41328125
140.9737304687502 -3.209960937499972
140.9736328125 -3.006640625000031
140.97353515624997 -2.803417968750011
140.97343750000016 -2.681054687500037
140.97343750000016 -2.613574218749974
140.97343750000016 -2.60976562499999
141.00332031250002 -2.610156249999989
141.10478515625016 -2.611328124999957
141.1856445312502 -2.627832031250037
141.68681640625016 -2.84501953124996
141.8365234375002 -2.932128906250028
141.8875 -2.952539062500023
141.93779296875016 -2.953320312499997
141.98574218750014 -2.96357421875004
142.2115234375002 -3.083496093749957
142.54902343750007 -3.204589843750028
142.90517578125014 -3.320703124999966
143.015625 -3.344921875000026
143.1299804687502 -3.355078125000048
143.37832031249997 -3.395312499999989
143.508984375 -3.43115234375
143.70058593749997 -3.57333984375002
143.79716796875005 -3.617285156249991
143.8876953125001 -3.697460937499983
144.01582031250018 -3.783593750000037
144.0664062500001 -3.80517578125
144.12197265625014 -3.815234375

152.8916992187502 -4.832421875000023
152.84560546875014 -4.76152343749996
152.78652343749997 -4.699414062500011
152.73994140625018 -4.63583984375002
152.6806640625001 -4.4984375
152.6777343750001 -4.429199218750028
152.6933593750001 -4.355957031250028
152.6967773437501 -4.282031249999974
152.6681640625 -4.131835937500014
152.59843750000016 -3.994824218749997
152.35576171875016 -3.668164062499969
152.27939453125003 -3.58242187499999
152.19218750000016 -3.505859375000028
152.13632812500003 -3.487109375000031
152.0232421875 -3.46875
151.97294921875016 -3.453417968750003
151.87978515625002 -3.400097656249983
151.7931640625 -3.337890625000014
151.57851562500002 -3.153515625000011
151.46503906250018 -3.10136718749996
151.40507812500005 -3.036914062499974
151.06679687500014 -2.82900390624998
150.96806640625016 -2.77988281250002
150.84785156250018 -2.77978515625
150.74609374999994 -2.738867187500006
150.82646484375 -2.712890624999957
150.84296875000018 -2.643554687500043
150.82539062500007 -2.57294921875004
150.9953125 -2.68828125
151.17460937500016 -2.789062500000014
151.22646484375014 -2.870312500000054
151.31474609375 -2.875292968750003
151.47539062500016 -2.942480468750006
151.58574218750016 -3.003027343750006
151.68984375000014 -3.07285156250002
151.80712890624994 -3.172851562499957
152.03291015625 -3.251367187499966
152.0650390625002 -3.279882812500006
152.17939453125 -3.410351562500026
152.32949218750014 -3.520996093750014
152.38046875000003 -3.581933593749994
153.01679687500018 -4.105664062500011
153.12421875000007 -4.252343749999966
153.13251953125007 -4.352441406250023
153.1115234375 -4.39169921875002
153.04433593750014 -4.476367187500045
153.04560546875 -4.576367187499983
153.02324218750016 -4.666308593750017
152.9658203125001 -4.756347656249972

150.23750000000018 -2.675488281249969
150.16572265625 -2.660253906249977
150.1015625000001 -2.602539062500028
150.0434570312501 -2.5125
149.98515625000005 -2.491503906249974
149.96162109375 -2.473828125000011
150.10253906249994 -2.404980468750026
150.2271484375002 -2.384179687500051
150.42949218750005 -2.470410156250026
150.45000000000016 -2.513281249999963
150.45156250000002 -2.541113281250048
150.44609375000016 -2.632324218749972
150.4366210937501 -2.661816406250026

147.84453125 -2.335742187500031
147.76894531249997 -2.33125
147.735546875 -2.315527343750006
147.79023437500007 -2.305566406250023
147.81220703125018 -2.262109375000051
147.83583984375014 -2.246777343750026
147.87695312499994 -2.283105468749966

147.40058593750018 -2.025097656249983
147.42255859375 -2.024316406250009
147.41875000000016 -2.001074218749977
147.42441406250003 -1.99453125
147.44414062500016 -2.011523437499974
147.4380859375001 -2.058984374999966
147.38544921875018 -2.070605468750017
147.3365234375001 -2.066015624999977
147.3013671875002 -2.090429687499977
147.20634765625005 -2.18193359374996
147.1421875000002 -2.166601562500034
147.06386718750014 -2.187109375000048
146.9263671875002 -2.1890625
146.74785156250016 -2.148828124999966
146.69912109374997 -2.182714843750034
146.63544921875018 -2.173339843749986
146.5724609375 -2.21044921875
146.5464843750001 -2.208593749999977
146.5313476562502 -2.154101562499974
146.53242187500007 -2.126171874999969
146.60703125000003 -2.102539062499957
146.59589843750018 -2.016894531250003
146.65625 -1.97402343749998
146.76005859375016 -1.977734375000026
146.85712890625 -1.948535156250017
147.06757812500018 -1.96015625

149.7631835937501 -1.589160156249989
149.6909179687501 -1.570898437500006
149.67109375000018 -1.576269531250034
149.5458984375 -1.471679687500043
149.5478515625001 -1.407714843749972
149.58095703125002 -1.353222656249983
149.63300781250007 -1.362011718749997
149.72529296875 -1.430664062500028
149.76542968750005 -1.553027343750003

