-58.13779296874992 -20.23730468750003
-58.124609375 -20.293457031250014
-58.09150390625001 -20.333203125000026
-58.05844726562492 -20.38613281249998
-58.02539062499994 -20.41582031249999
-58.00224609374993 -20.465429687499963
-58.00883789062496 -20.52167968749997
-57.99560546875 -20.59443359375004
-57.97905273437502 -20.657324218749977
-57.9625 -20.67382812499997
-57.91513671874995 -20.690332031250037
-57.89140625000002 -20.74746093750005
-57.90849609374993 -20.776367187499986
-57.90190429687502 -20.809375
-57.88481445312499 -20.841699218749966
-57.90048828124998 -20.873046874999957
-57.892236328124994 -20.897070312499977
-57.860009765624994 -20.91855468749999
-57.830224609374966 -20.99794921875001
-57.82695312500002 -21.133593750000017
-57.860009765624994 -21.20625
-57.88647460937497 -21.26582031250004
-57.89306640625 -21.30224609375
-57.873242187499955 -21.35507812500002
-57.90629882812502 -21.417968749999957
-57.945996093749926 -21.494042968749994
-57.93608398437496 -21.546972656250034
-57.92944335937503 -21.596582031250023
-57.92617187499999 -21.649511718749963
-57.91621093749998 -21.699121093750037
-57.92944335937503 -21.751953124999957
-57.94267578124996 -21.79833984375
-57.94931640624998 -21.85117187500002
-57.932763671874994 -21.910742187499977
-57.9625 -21.966992187499983
-57.97905273437502 -22.006640624999974
-57.98569335937495 -22.04638671875
-57.955908203125006 -22.109179687500003
-57.879833984374955 -22.135644531249966
-57.8203125 -22.142285156249997
-57.7640625 -22.109179687500003
-57.72109374999994 -22.09921875
-57.64169921874995 -22.129003906250034
-57.56894531249995 -22.18193359374999
-57.47636718750002 -22.188574218750006
-57.39365234374995 -22.19843749999997
-57.33085937499993 -22.215039062499983
-57.23823242187498 -22.195214843750023
-57.142333984375 -22.215039062499983
-57.029882812500006 -22.24482421875001
-56.93725585937494 -22.27128906249999
-56.84467773437501 -22.264648437499957
-56.77519531249999 -22.26132812499999
-56.70244140624999 -22.231542968749963
-56.633007812499955 -22.23486328125003
-56.58007812500003 -22.18193359374999
-56.55029296875 -22.135644531249966
-56.52382812500002 -22.10253906249997
-56.44780273437499 -22.07617187500003
-56.39487304687495 -22.09267578125001
-56.35185546874996 -22.178613281250023
-56.27578125000002 -22.228222656249997
-56.24604492187501 -22.264648437499957
-56.18984375 -22.281152343750037
-56.06748046874995 -22.284472656250003
-55.99140624999998 -22.281152343750037
-55.90537109374995 -22.307617187500014
-55.84916992187496 -22.307617187500014
-55.799560546875 -22.353906250000023
-55.75327148437498 -22.41015625000003
-55.74663085937496 -22.512695312499957
-55.70366210937499 -22.592089843749974
-55.64741210937498 -22.621875
-55.61767578124997 -22.671484374999977
-55.62758789062494 -22.740917968749997
-55.654052734375 -22.81035156250003
-55.65073242187495 -22.886425781249983
-55.62099609375002 -22.955859375
-55.62099609375002 -23.025292968750023
-55.60112304687496 -23.094726562499957
-55.561425781249966 -23.154296875000014
-55.54819335937495 -23.25019531250001
-55.554833984374966 -23.319628906250045
-55.52836914062499 -23.359375
-55.518457031249994 -23.415625
-55.53496093749999 -23.461914062499986
-55.54160156249992 -23.52470703124999
-55.538281249999955 -23.580957031249994
-55.518457031249994 -23.627246093750003
-55.45888671874994 -23.68671875000004
-55.44238281249997 -23.79257812500002
-55.44238281249997 -23.86533203125002
-55.415917968749994 -23.95136718750004
-55.366308593750006 -23.991015625000045
-55.28691406249999 -24.00429687499999
-55.19433593749997 -24.01748046875001
-55.08188476562498 -23.997656249999977
-54.982666015625 -23.974511718749966
-54.92646484375001 -23.95136718750004
-54.817285156249966 -23.888476562500017
-54.72138671874998 -23.85214843749999
-54.671777343749994 -23.82900390624998
-54.62548828124997 -23.8125
-54.52958984374999 -23.85214843749999
-54.44023437499999 -23.90175781249998
-54.370800781249955 -23.97119140625
-54.24179687499998 -24.047265625000037
-54.26689453124993 -24.06582031250001
-54.31826171875002 -24.128125
-54.317285156249994 -24.201269531249977
-54.28100585937497 -24.30605468750001
-54.31293945312498 -24.528125
-54.41298828124994 -24.86748046874999
-54.45410156249997 -25.065234375000045
-54.43623046874998 -25.121289062499997
-54.47314453124994 -25.22021484375
-54.610546874999955 -25.432714843750034
-54.615869140624966 -25.576074218750023
-54.63193359374998 -26.00576171874998
-54.67773437499997 -26.308789062499983
-54.75507812500001 -26.532910156249997
-54.82548828124996 -26.652246093749966
-54.888916015625 -26.666796875
-54.934472656249966 -26.70253906250001
-54.962158203125 -26.759375
-55.01362304687501 -26.806640624999986
-55.08886718749997 -26.844531249999974
-55.12963867187503 -26.88603515624999
-55.13593749999998 -26.931152343750043
-55.2080078125 -26.96015625
-55.345800781250006 -26.97314453124997
-55.426660156249966 -27.00927734374997
-55.450634765624955 -27.068359375000014
-55.49672851562502 -27.11533203124999
-55.564892578124955 -27.15
-55.59726562499998 -27.207617187499963
-55.59379882812499 -27.288085937500014
-55.63291015624998 -27.35712890625004
-55.71464843750002 -27.41484374999999
-55.78999023437498 -27.416406250000037
-55.85903320312502 -27.36191406250005
-55.95146484374993 -27.32568359375003
-56.06733398437501 -27.30771484375002
-56.1640625 -27.321484374999983
-56.24169921875 -27.366796874999977
-56.310546875 -27.438769531249974
-56.370507812499966 -27.537402343750003
-56.43715820312494 -27.553808593749963
-56.51054687499996 -27.487890625000034
-56.60336914062498 -27.467871093749963
-56.71572265624994 -27.49375
-56.80517578124994 -27.484667968750003
-56.87172851562502 -27.440625
-56.97397460937498 -27.435742187499983
-57.11181640625 -27.470117187499966
-57.391259765624994 -27.430468749999974
-57.812207031249955 -27.316601562500054
-58.16826171875002 -27.273437499999957
-58.60483398437495 -27.314355468750037
-58.64174804687502 -27.196093750000017
-58.61860351562501 -27.13212890625003
-58.54770507812495 -27.083984375
-58.50322265624996 -27.029492187499997
-58.48525390625002 -26.968457031249997
-58.43632812499999 -26.921972656250034
-58.35644531249997 -26.89003906250001
-58.32255859374999 -26.857617187499983
-58.33466796874998 -26.82490234374997
-58.31767578124999 -26.795898437500014
-58.271679687499926 -26.77070312500004
-58.245556640624955 -26.731054687500034
-58.23935546874992 -26.676855468750006
-58.222070312499966 -26.65
-58.191308593749994 -26.629980468749963
-58.187939453124926 -26.59257812499999
-58.20517578124998 -26.47656249999997
-58.203027343749994 -26.381445312499963
-58.18149414062495 -26.307421874999974
-58.1546875 -26.262597656249994
-58.13564453125002 -26.25146484375003
-58.118066406249994 -26.224902343750045
-58.11113281250002 -26.180175781249986
-58.08242187500002 -26.138574218750037
-57.94311523437497 -26.052929687499997
-57.890625 -26.00654296874997
-57.88623046875003 -25.964257812499966
-57.865234375 -25.90693359375001
-57.78247070312503 -25.783691406250043
-57.757080078125 -25.72597656250001
-57.754785156249966 -25.697070312499974
-57.725488281249966 -25.66718750000001
-57.62583007812498 -25.59873046875002
-57.571679687499966 -25.534179687500014
-57.563134765624994 -25.473730468750034
-57.58715820312503 -25.405078125
-57.64389648437495 -25.328417968750017
-57.82167968750002 -25.136425781249983
-57.959814453125006 -25.04921875
-58.13647460937503 -24.977148437500034
-58.252783203125006 -24.953808593749983
-58.30869140624992 -24.97910156249999
-58.36538085937502 -24.95927734375003
-58.42280273437498 -24.894140625
-58.519628906250006 -24.842871093750034
-58.724023437499994 -24.78662109375003
-59.18725585937494 -24.56230468749999
-59.37294921874994 -24.453906250000017
-59.43540039062498 -24.387011718749974
-59.60859374999998 -24.266796875
-59.892480468749994 -24.093554687499974
-60.11030273437498 -24.00917968750001
-60.26220703125 -24.013964843750003
-60.50537109375 -23.96357421875004
-60.83984375 -23.85810546874997
-61.03291015624998 -23.75566406249996
-61.08471679687497 -23.656445312499997
-61.20839843749994 -23.55703125
-61.403955078124994 -23.45751953124997
-61.505517578124994 -23.391992187500037
-61.51303710937492 -23.360449218750006
-61.57099609375001 -23.319433593750006
-61.67949218749999 -23.26875
-61.79853515625001 -23.18203125
-61.92802734375002 -23.059277343750026
-62.06660156249998 -22.86943359374999
-62.21416015624996 -22.61240234375002
-62.372509765624955 -22.439160156249983
-62.54155273437493 -22.349609374999957
-62.6259765625 -22.29042968749998
-62.625683593749955 -22.26152343750003
-62.65097656249995 -22.23369140624996
-62.62851562499998 -22.183984374999966
-62.56694335937496 -21.988671874999966
-62.47783203125002 -21.70527343750004
-62.38544921875004 -21.41171875000002
-62.27666015624999 -21.06601562500002
-62.27651367187494 -20.82080078124997
-62.27631835937501 -20.5625
-62.12163085937502 -20.34990234374996
-62.01181640624995 -20.19902343749996
-61.91694335937498 -20.055371093749997
-61.82089843749995 -19.809472656249994
-61.75683593749994 -19.645312500000045
-61.51181640624995 -19.60644531250003
-61.09599609374996 -19.52099609375003
-60.88876953124995 -19.478515624999986
-60.451611328124955 -19.38876953124999
-60.00737304687496 -19.297558593749983
-59.54086914062495 -19.29179687499996
-59.090527343749955 -19.286230468749977
-58.741113281249994 -19.49023437499997
-58.47421874999998 -19.64609375000002
-58.18017578124994 -19.81787109375003
-58.16005859375002 -19.85488281250001
-58.13994140625002 -19.99882812500003
-58.15976562499998 -20.164648437499977

