-69.972021484375 -4.301171874999966
-70.00395507812493 -4.327246093750034
-70.05332031249998 -4.333105468749991
-70.12880859374997 -4.286621093750028
-70.18398437500002 -4.298144531249974
-70.23916015625 -4.301171874999966
-70.31689453125003 -4.246972656250023
-70.34365234374997 -4.193652343750003
-70.40463867187495 -4.150097656250011
-70.53066406249997 -4.16757812500002
-70.63457031249999 -4.168652343749969
-70.72158203124994 -4.158886718750026
-70.79951171875001 -4.173339843749943
-70.86601562499999 -4.229589843750034
-70.915625 -4.295312500000023
-70.97368164062496 -4.35048828124998
-71.14423828124998 -4.38720703125
-71.23500976562502 -4.388183593750014
-71.31679687499997 -4.424316406250014
-71.43828124999993 -4.437597656249963
-71.52133789062498 -4.469726562500028
-71.66835937500002 -4.487304687499957
-71.84472656249997 -4.504394531249986
-71.94316406249996 -4.553320312500006
-71.98242187499994 -4.57460937499998
-72.08251953125 -4.642285156250011
-72.25678710937498 -4.748925781249966
-72.35283203125002 -4.78603515624998
-72.46899414062497 -4.901269531250009
-72.60834960937501 -5.00957031249996
-72.69873046874997 -5.067187499999974
-72.83193359375 -5.09375
-72.88706054687495 -5.122753906250011
-72.90747070312503 -5.157714843750028
-72.89580078124996 -5.198242187500028
-72.91826171875002 -5.30253906249996
-72.95893554687495 -5.495214843749949
-72.97021484375003 -5.589648437500003
-72.97988281249994 -5.634863281249977
-73.06806640624998 -5.789550781249972
-73.16289062500002 -5.93339843749996
-73.209375 -6.028710937500023
-73.23554687499998 -6.098437500000017
-73.20649414062493 -6.156445312500011
-73.16772460937503 -6.260644531250023
-73.1353515625 -6.34433593750002
-73.12631835937495 -6.400878906249986
-73.13735351562497 -6.465820312499986
-73.17744140624995 -6.525195312500003
-73.24033203124998 -6.56406250000002
-73.32548828125002 -6.574707031249957
-73.49990234375002 -6.679492187499989
-73.69453124999998 -6.833789062499989
-73.75810546874996 -6.90576171875
-73.77626953125002 -6.973535156250037
-73.80463867187493 -7.079882812500031
-73.79301757812496 -7.135058593749989
-73.75820312499997 -7.172753906250037
-73.72333984374998 -7.262792968749991
-73.72041015625001 -7.309277343749955
-73.74946289062498 -7.335351562500023
-73.80463867187493 -7.34121093749998
-73.85400390624994 -7.349902343749974
-73.891748046875 -7.373144531250006
-73.92944335937494 -7.367285156249963
-73.96430664062495 -7.378906250000014
-73.96430664062495 -7.416699218749997
-73.95268554687499 -7.460253906249989
-73.95849609375 -7.506640625000017
-73.98173828124996 -7.535742187499991
-74.00205078125 -7.556054687499966
-73.98173828124996 -7.585058593750006
-73.946875 -7.611230468750009
-73.89462890624998 -7.65478515625
-73.82207031250002 -7.738964843750011
-73.76689453124996 -7.753515624999949
-73.72041015625001 -7.782519531250003
-73.71459960937497 -7.829003906249966
-73.73203124999998 -7.875390625
-73.772705078125 -7.895703124999969
-73.77558593749995 -7.936425781250009
-73.72041015625001 -7.985742187500009
-73.68266601562496 -8.020605468750006
-73.644921875 -8.072851562499991
-73.610107421875 -8.145410156250037
-73.610107421875 -8.19189453125
-73.57236328124995 -8.249902343750009
-73.54912109375002 -8.299316406249943
-73.54912109375002 -8.345800781250006
-73.48813476562492 -8.392187499999949
-73.43588867187495 -8.427050781249946
-73.39814453124998 -8.458984374999972
-73.36040039062493 -8.479296875000017
-73.35170898437494 -8.514160156250014
-73.35673828124999 -8.566992187500034
-73.30244140624993 -8.654003906249997
-73.203125 -8.719335937499991
-73.12255859374997 -8.8140625
-73.07050781249993 -8.882812499999986
-72.9740234375 -8.9931640625
-72.97036132812497 -9.120117187500014
-73.08984374999997 -9.265722656250006
-73.20942382812498 -9.411425781250031
-73.01376953124992 -9.407421875000011
-72.81425781249996 -9.410351562499983
-72.60546874999997 -9.452050781249952
-72.46474609375 -9.492187499999957
-72.37905273437502 -9.51015625
-72.31806640624995 -9.556640624999943
-72.28901367187498 -9.629199218749989
-72.26582031249995 -9.688476562499986
-72.25996093750001 -9.77431640624998
-72.17285156250003 -9.844042968749974
-72.17910156249997 -9.910156250000028
-72.18159179687495 -10.003710937499989
-72.14296874999997 -10.005175781250017
-71.88745117187497 -10.005566406250011
-71.60800781249998 -10.006054687500026
-71.33940429687496 -9.988574218750017
-71.237939453125 -9.96601562500004
-71.11528320312496 -9.852441406249994
-71.04174804687497 -9.81875
-70.97075195312499 -9.765722656250006
-70.88452148437503 -9.66904296875002
-70.81625976562498 -9.625292968749989
-70.75849609375001 -9.571679687499994
-70.67246093749998 -9.51796875
-70.63691406250001 -9.478222656249955
-70.60791015624997 -9.463671875000017
-70.54111328124995 -9.4375
-70.570166015625 -9.48984375000002
-70.59223632812498 -9.543457031250014
-70.59916992187496 -9.620507812499994
-70.56723632812495 -9.704589843749986
-70.59379882812493 -9.767480468750009
-70.63691406250001 -9.82373046875
-70.63759765625 -9.971777343749963
-70.638525390625 -10.18154296874998
-70.63935546874998 -10.361328125000014
-70.64033203125001 -10.586035156249963
-70.64155273437498 -10.8408203125
-70.64233398437497 -11.010253906249972
-70.59653320312498 -10.976855468750003
-70.53325195312496 -10.946875
-70.45087890624995 -11.024804687500009
-70.39228515625001 -11.058593749999957
-70.34199218749998 -11.066699218750017
-70.29038085937495 -11.06425781249996
-70.220068359375 -11.047656249999946
-70.06630859374994 -10.982421874999986
-69.96035156249994 -10.929882812500026
-69.83979492187498 -10.933398437500031
-69.67402343749995 -10.954101562499986
-69.57861328124997 -10.951757812499949
-69.45361328125 -11.16875
-69.36201171874998 -11.327539062500037
-69.25771484374997 -11.508593749999974
-69.17373046875 -11.654296875
-69.04619140624996 -11.875683593749983
-68.93603515624997 -12.066796875
-68.81870117187498 -12.270410156250009
-68.68525390624995 -12.501953125000028
-68.728125 -12.560742187500011
-68.76289062499998 -12.607714843749989
-68.75908203124999 -12.687207031250011
-68.81181640624999 -12.729589843750034
-68.86767578125 -12.755175781250003
-68.93374023437497 -12.82207031249996
-68.97861328124995 -12.880078124999969
-68.98051757812499 -12.962597656249983
-68.972265625 -13.382324218749972
-68.98344726562496 -13.496386718750017
-69.01752929687498 -13.594433593750011
-69.05283203124998 -13.64394531249998
-69.07412109374997 -13.682812499999983
-69.02304687499995 -13.780273437500043
-68.97426757812497 -13.975976562500023
-68.93745117187501 -14.0146484375
-68.89169921875 -14.094335937499977
-68.87089843749996 -14.169726562499974
-68.88032226562501 -14.198828125000048
-68.97177734374998 -14.234375
-69.00449218749998 -14.265039062500037
-69.01313476562498 -14.377246093749974
-69.05278320312496 -14.41757812500002
-69.11972656249992 -14.47031250000002
-69.16269531249998 -14.530957031250026
-69.19926757812496 -14.572558593749974
-69.23491210937493 -14.597070312499994
-69.25234374999994 -14.671093749999983
-69.27602539062497 -14.745898437500031
-69.35947265625 -14.795312499999966
-69.37373046874998 -14.8875
-69.37470703125001 -14.96298828125002
-69.33071289062502 -15.038964843749966
-69.18710937499998 -15.19873046875
-69.1724609375 -15.236621093749989
-69.254296875 -15.33291015624998
-69.301904296875 -15.399414062500028
-69.36469483081453 -15.509271202700845
-69.40537109374995 -15.491015625000045
-69.44873046874997 -15.473632812499957
-69.54135742187495 -15.372265625000011
-69.62509765624995 -15.343554687500017
-69.686865234375 -15.264160156250014
-69.741796875 -15.269140624999963
-69.76093749999998 -15.286914062500031
-69.79873046874997 -15.298925781249991
-69.83295898437501 -15.309765624999969
-69.84370117187498 -15.324316406250006
-69.854736328125 -15.343847656249991
-69.91396484375 -15.374414062499994
-69.93823242187497 -15.398730468749974
-69.92939453125004 -15.427343750000034
-69.869482421875 -15.533007812499974
-69.81840820312499 -15.638476562499974
-69.79775390624994 -15.693457031249977
-69.81806640625001 -15.691601562500054
-69.86621093749994 -15.659863281249983
-69.92065429687503 -15.63388671875002
-69.95634765625002 -15.64619140625004
-69.97895507812501 -15.679980468749989
-70.00185546874997 -15.705859375000017
-70.01694335937492 -15.733496093749963
-70.02060546874995 -15.771484374999986
-70.016015625 -15.806835937499983
-70.01098632812494 -15.828125
-69.99418945312499 -15.842089843749974
-69.96113281250001 -15.859863281249957
-69.92333984374994 -15.879980468749963
-69.89521484374998 -15.899511718750034
-69.875634765625 -15.913574218749972
-69.858642578125 -15.920410156250028
-69.84536132812497 -15.920019531250048
-69.83481445312495 -15.916406250000023
-69.83344726562501 -15.904589843750003
-69.84218750000002 -15.884375
-69.85224609375004 -15.860742187500051
-69.853857421875 -15.840722656249966
-69.84628906249998 -15.827246093749977
-69.83408203124998 -15.819335937499957
-69.81245117187501 -15.828222656249991
-69.78208007812495 -15.854980468750028
-69.74794921875002 -15.886523437499974
-69.71728515624997 -15.90654296874996
-69.691259765625 -15.922070312500011
-69.66826171874993 -15.942675781250045
-69.62734374999997 -15.966699218749966
-69.55810546874997 -15.990917968750011
-69.48867187499994 -16.01230468750002
-69.44721679687504 -16.02949218749997
-69.438818359375 -16.059472656250037
-69.44931640624992 -16.111718750000023
-69.48701171874995 -16.161425781250017
-69.48310546874998 -16.181933593750017
-69.436181640625 -16.186914062499966
-69.40043945312502 -16.20039062499997
-69.36630859374998 -16.22294921875003
-69.32407226562498 -16.243066406250037
-69.26865234374998 -16.250878906250037
-69.22163085937498 -16.254101562499983
-69.17753906249999 -16.24980468749999
-69.13564453124997 -16.23212890625004
-69.13280677061195 -16.221905573137164
-69.04624023437498 -16.217675781250023
-68.97995539471842 -16.23976260167248
-69.00512695312503 -16.251953124999986
-69.04370117187497 -16.28105468749996
-69.04306640624995 -16.318164062499974
-69.03867187499992 -16.364453125
-69.05185546874995 -16.417382812500023
-69.09819335937499 -16.48349609374999
-69.07612304687501 -16.52099609375
-69.04941406249998 -16.52548828125002
-69.03753779494988 -16.53241722735757
-69.03837890624996 -16.54267578124997
-69.02070312500001 -16.6421875
-69.05454101562498 -16.67431640624997
-69.13251953125004 -16.71308593749997
-69.19980468749998 -16.768457031249966
-69.26723632812497 -16.860937499999977
-69.38154296874998 -17.00136718749998
-69.42109375000004 -17.040039062499957
-69.438330078125 -17.088378906250043
-69.5033203125 -17.104785156250003
-69.62485351562498 -17.200195312499986
-69.64570312499995 -17.248535156249986
-69.62587890625002 -17.29443359375
-69.56381835937498 -17.332910156250023
-69.52192382812498 -17.38896484374999
-69.51098632812497 -17.460351562499966
-69.51108398437498 -17.504882812499986
-69.51093750000004 -17.50605468750004
-69.58642578124997 -17.573242187499957
-69.68476562500001 -17.649804687500023
-69.80610351562495 -17.664941406249994
-69.85209960937502 -17.70380859375001
-69.84150390624998 -17.78515624999997
-69.80244140625001 -17.9
-69.80258789062495 -17.990234375
-69.83969726562498 -18.093457031249983
-69.92636718749995 -18.206054687500014
-70.05908203124997 -18.283496093749974
-70.18378906249998 -18.32519531250003
-70.28227539062499 -18.325390624999983
-70.37749023437502 -18.333593749999963
-70.41826171874996 -18.345605468750023
-70.4916015625 -18.27773437499995
-70.81748046874995 -18.052539062500003
-70.94169921874993 -17.932031249999966
-71.05659179687498 -17.875683593750026
-71.33696289062499 -17.682519531250023
-71.36494140625001 -17.620507812499994
-71.39941406250003 -17.421972656249963
-71.43588867187498 -17.366015625000017
-71.5322265625 -17.29433593749998
-71.77446289062496 -17.198828124999977
-71.86835937499998 -17.151074218750026
-71.96689453124998 -17.064062499999963
-72.11127929687501 -17.002539062499963
-72.26860351562499 -16.87617187499997
-72.3625 -16.775
-72.46767578124997 -16.70810546875002
-72.7939453125 -16.61455078124996
-72.95771484374995 -16.52089843749998
-73.26376953124998 -16.388574218750023
-73.40004882812502 -16.30429687499999
-73.72768554687497 -16.201660156249957
-73.82495117187497 -16.152832031249957
-74.14707031249998 -15.9125
-74.37290039062498 -15.833984375000014
-74.55488281250001 -15.69902343749996
-75.10424804687503 -15.411914062500003
-75.19052734374992 -15.320117187500045
-75.274560546875 -15.178125
-75.39658203124998 -15.093554687499974
-75.53364257812501 -14.89921875
-75.73769531250002 -14.784960937499989
-75.93388671875002 -14.633593749999974
-76.00629882812504 -14.495800781249969
-76.136474609375 -14.320312500000014
-76.17514648437498 -14.226660156250034
-76.28901367187498 -14.133105468749974
-76.29702148437502 -13.948437500000011
-76.37646484374994 -13.863085937500031
-76.31948242187497 -13.821484375
-76.25922851562504 -13.80283203125002
-76.18393554687498 -13.515234375000048
-76.22363281249997 -13.371191406250006
-76.42734375 -13.109960937499991
-76.50214843749998 -12.984375
-76.55522460937496 -12.823437499999969
-76.63710937500002 -12.728027343749986
-76.75800781249995 -12.527148437500003
-76.83212890624995 -12.348730468749977
-76.99409179687501 -12.219238281249986
-77.03813476562502 -12.172753906250009
-77.06269531250004 -12.106835937499994
-77.152734375 -12.060351562500031
-77.15761718750002 -11.92343750000002
-77.2203125 -11.663378906249974
-77.30991210937495 -11.53242187500004
-77.633203125 -11.287792968750026
-77.63857421874994 -11.193554687500011
-77.66430664062494 -11.022070312499977
-77.736083984375 -10.83671875
-78.09545898437503 -10.260644531250023
-78.18559570312502 -10.089062499999969
-78.27558593749995 -9.810351562500031
-78.35649414062502 -9.652050781250026
-78.44565429687498 -9.370605468749972
-78.58012695312502 -9.15664062499999
-78.66459960937499 -8.971093750000023
-78.75458984375001 -8.740429687500026
-78.76225585937499 -8.616992187500003
-78.925390625 -8.404589843749989
-79.01225585937493 -8.21015625
-79.16440429687492 -8.047167968750003
-79.31284179687498 -7.92324218749998
-79.37724609374996 -7.835546874999963
-79.5888671875 -7.4189453125
-79.61772460937502 -7.295605468750011
-79.761962890625 -7.066503906249963
-79.90468750000002 -6.90166015624996
-79.99497070312495 -6.768945312500009
-80.11025390625 -6.64960937500004
-80.81162109374995 -6.282226562499972
-81.05844726562498 -6.129394531250014
-81.14204101562504 -6.056738281249949
-81.18051757812498 -5.942382812500014
-81.16430664062497 -5.875292968750031
-81.09184570312493 -5.812402343750009
-80.99165039062495 -5.860937500000034
-80.93066406249997 -5.840820312500014
-80.88271484374997 -5.758984374999955
-80.88193359374998 -5.635058593750017
-80.94311523437503 -5.475390625
-81.16767578125001 -5.167089843749991
-81.15073242187495 -5.101855468750017
-81.10849609374995 -5.027832031249943
-81.195068359375 -4.87949218750002
-81.28940429687495 -4.760742187499986
-81.33662109374998 -4.669531249999963
-81.28320312500003 -4.322265625
-81.23203124999998 -4.234277343750023
-80.89194335937498 -3.881640625000031
-80.79858398437497 -3.731054687499991
-80.65273437500002 -3.638183593749986
-80.50366210937503 -3.49609375
-80.32465820312495 -3.387890624999983
-80.29833984375003 -3.406445312500026
-80.27353515624995 -3.424609375
-80.271875 -3.461035156249963
-80.26523437499995 -3.492480468749974
-80.24541015624999 -3.522167968749983
-80.24375 -3.576757812500006
-80.22060546875 -3.613183593749966
-80.21894531250001 -3.654492187500026
-80.21728515625003 -3.710742187500031
-80.22885742187498 -3.738867187499991
-80.21757812499999 -3.787695312499991
-80.17924804687502 -3.877734375000031
-80.19414062500002 -3.90585937499999
-80.23051757812496 -3.924023437499955
-80.26689453125002 -3.948828125000034
-80.30327148437496 -4.00507812500004
-80.35786132812498 -4.003417968749972
-80.43720703124998 -3.978613281249977
-80.49013671875002 -4.010058593749989
-80.51000976562497 -4.069531250000026
-80.49345703124999 -4.119140625000014
-80.48847656249995 -4.165527343749957
-80.45375976562497 -4.205175781250034
-80.35288085937495 -4.20849609375
-80.44384765625 -4.335839843750009
-80.48847656249995 -4.393652343749977
-80.47856445312496 -4.430078125000023
-80.42416992187498 -4.461425781250014
-80.38349609374995 -4.463671875000031
-80.293359375 -4.416796874999989
-80.23217773437494 -4.349023437500037
-80.19746093749998 -4.311035156250028
-80.13955078125 -4.29609375
-80.06352539062496 -4.327539062500009
-79.96289062499997 -4.390332031250011
-79.84511718749997 -4.445898437499963
-79.797265625 -4.47636718749996
-79.71098632812499 -4.467578125000031
-79.63852539062498 -4.454882812500017
-79.57768554687502 -4.500585937500006
-79.51616210937502 -4.539160156249963
-79.50190429687495 -4.670605468749997
-79.45576171874995 -4.766210937500034
-79.39941406250003 -4.840039062499969
-79.33095703125002 -4.927832031250006
-79.26811523437502 -4.957617187500034
-79.18666992187494 -4.958203124999969
-79.07626953125 -4.990625
-79.03330078124995 -4.96914062499998
-78.99526367187502 -4.90800781249996
-78.97539062499996 -4.873242187499983
-78.91918945312497 -4.858398437499986
-78.91420898437494 -4.81865234374996
-78.92578125 -4.770703124999969
-78.90761718750002 -4.714453124999963
-78.86152343749995 -4.665039062500028
-78.74306640625 -4.592675781250023
-78.68603515625 -4.56240234374998
-78.67446289062494 -4.51767578125002
-78.6529296875 -4.458203124999983
-78.66123046875 -4.425097656249989
-78.68515625 -4.383984374999969
-78.67939453124998 -4.325878906250026
-78.64799804687499 -4.248144531250006
-78.60336914062495 -4.157324218749977
-78.56513671874998 -4.04160156250002
-78.550439453125 -3.986914062499977
-78.50908203125002 -3.9521484375
-78.49345703124993 -3.902050781250011
-78.47104492187498 -3.843066406249989
-78.41977539062492 -3.77685546875
-78.42143554687502 -3.705761718749997
-78.39995117187499 -3.674316406249986
-78.39804687499995 -3.594824218750034
-78.347265625 -3.43125
-78.34536132812497 -3.397363281249952
-78.32304687499993 -3.388281249999977
-78.28417968750003 -3.399023437500034
-78.25073242187494 -3.436132812500034
-78.24038085937497 -3.472558593749994
-78.22631835937494 -3.489160156250009
-78.19487304687493 -3.485839843749957
-78.15849609374999 -3.465136718750003
-78.16098632812498 -3.432128906250028
-78.18745117187495 -3.399804687500009
-78.19462890624999 -3.380468749999977
-78.18330078124998 -3.350195312500034
-78.12822265624996 -3.283886718750026
-78.06791992187502 -3.20683593749996
-77.93847656250003 -3.046972656249977
-77.86059570312497 -2.981640625
-77.65898437500002 -2.912402343750017
-77.50649414062494 -2.859960937499991
-77.36005859374995 -2.809667968749949
-77.161474609375 -2.737695312500037
-76.88076171875002 -2.6359375
-76.67910156249997 -2.562597656249977
-76.49936523437495 -2.432324218749997
-76.36015624999999 -2.331347656250031
-76.24091796874995 -2.243945312499989
-76.08979492187498 -2.13310546874996
-75.88544921875001 -1.893457031249994
-75.74453125 -1.728125
-75.64165039062499 -1.607324218749966
-75.57055664062497 -1.53125
-75.51386718749998 -1.316308593750009
-75.44916992187495 -1.07119140624998
-75.42041015624994 -0.962207031249989
-75.408056640625 -0.92431640625
-75.380126953125 -0.940234374999946
-75.34819335937499 -0.966796875000028
-75.30917968749995 -0.968066406250031
-75.27241210937498 -0.966796875000028
-75.24960937499998 -0.951855468750011
-75.28359374999997 -0.707128906249977
-75.27871093749994 -0.653906249999977
-75.259375 -0.590136718750031
-75.26323242187499 -0.555371093749969
-75.32524414062502 -0.506542968749969
-75.42470703125002 -0.408886718749969
-75.465966796875 -0.321777343749986
-75.49106445312495 -0.248339843750031
-75.56059570312499 -0.20009765624998
-75.63203124999998 -0.157617187500023
-75.62626953124996 -0.12285156249996
-75.583740234375 -0.12285156249996
-75.4759765625 -0.157128906250023
-75.39838867187498 -0.145996093749972
-75.340478515625 -0.1421875
-75.28447265624996 -0.10654296875002
-75.22460937500003 -0.041748046874957
-75.18408203125003 -0.041748046874957
-75.13837890624995 -0.050488281249969
-75.05468749999997 -0.116699218749957
-75.00498046874995 -0.15585937500002
-74.94531249999997 -0.18818359375004
-74.888818359375 -0.199414062500011
-74.8375 -0.203320312500011
-74.80175781249994 -0.20009765624998
-74.78046874999995 -0.244531249999966
-74.75537109375 -0.298632812499974
-74.69165039062497 -0.335253906249974
-74.61635742187502 -0.370019531249952
-74.55507812499997 -0.429882812499983
-74.51386718750001 -0.470117187500009
-74.46518554687495 -0.51767578125002
-74.41787109375 -0.580664062499977
-74.37490234375002 -0.691406249999972
-74.353125 -0.766601562500014
-74.32861328125 -0.808398437500003
-74.33442382812495 -0.85087890624996
-74.28388671874995 -0.927832031250006
-74.24638671874996 -0.970605468750009
-74.18076171875 -0.99775390625004
-74.05439453125001 -1.028613281250017
-73.98681640625 -1.098144531249972
-73.92695312499998 -1.125195312499969
-73.86318359374997 -1.196679687499966
-73.80717773437502 -1.21796875000004
-73.73574218750002 -1.214160156249974
-73.66430664062503 -1.248828125000031
-73.61025390624994 -1.316406250000028
-73.57548828124996 -1.401367187500014
-73.52138671874997 -1.44970703125
-73.49433593749995 -1.536621093749943
-73.52524414062495 -1.638867187499997
-73.49628906249998 -1.693066406250026
-73.44028320312495 -1.737402343749991
-73.34951171875002 -1.783886718749969
-73.26645507812498 -1.772265624999989
-73.22397460937495 -1.787695312500034
-73.19697265624995 -1.830273437499997
-73.18149414062498 -1.880371093749986
-73.14521484374998 -2.003320312499994
-73.12651367187499 -2.081054687500014
-73.16020507812502 -2.156347656249991
-73.17265625 -2.208398437500023
-73.15449218749998 -2.278222656250037
-73.06816406249999 -2.31201171875
-72.9896484375 -2.339746093749966
-72.94111328124995 -2.394042968750014
-72.88715820312498 -2.408496093750031
-72.81123046874995 -2.405468750000026
-72.71416015624999 -2.3921875
-72.66015625 -2.36103515625004
-72.62534179687492 -2.351660156249991
-72.58671875 -2.36513671874998
-72.50068359374993 -2.395019531250028
-72.39560546874992 -2.428906250000011
-72.30073242187495 -2.409277343750006
-72.21845703124998 -2.400488281249991
-72.13681640624998 -2.380664062499946
-72.05380859374992 -2.32460937499999
-71.98427734374997 -2.326562500000037
-71.932470703125 -2.288671875000034
-71.86728515624995 -2.227734374999969
-71.80273437500003 -2.166308593749974
-71.75253906249992 -2.152734374999966
-71.67148437499995 -2.18212890625
-71.55947265624994 -2.224218749999963
-71.49609375 -2.27919921874998
-71.44746093749995 -2.29375
-71.39697265624997 -2.334082031249963
-71.30009765624996 -2.334863281250037
-71.19638671874995 -2.313085937500034
-71.11337890625 -2.245410156250017
-71.02729492187498 -2.225781250000011
-70.96855468749999 -2.206835937499974
-70.91455078125 -2.21855468749996
-70.70537109375002 -2.341992187499983
-70.64799804687496 -2.40576171875
-70.57587890625001 -2.418261718749974
-70.51679687499998 -2.453125
-70.41821289062497 -2.490722656249986
-70.36416015624997 -2.529296875000028
-70.29462890625001 -2.552539062499974
-70.24443359374999 -2.606542968749963
-70.16474609375001 -2.63984375
-70.09584960937502 -2.658203125
-70.06474609374999 -2.701660156249972
-70.064453125 -2.73076171874996
-70.07402343750002 -2.750195312500011
-70.14707031249998 -2.864062500000017
-70.29013671874998 -3.087304687500023
-70.41899414062493 -3.288281250000026
-70.62167968749995 -3.604589843749991
-70.73510742187494 -3.781542968749974
-70.70620117187502 -3.78896484374998
-70.52968750000002 -3.86640625000004
-70.48583984374997 -3.869335937500011
-70.42109375000001 -3.849609374999986
-70.37919921875002 -3.81875
-70.339501953125 -3.814355468749994
-70.29843749999998 -3.844238281249957
-70.24028320312496 -3.88271484374998
-70.19838867187494 -3.995117187499972
-70.16752929687496 -4.050195312499994
-70.09477539062496 -4.092187500000023
-70.01718749999998 -4.162011718750037
-69.96591796875 -4.2359375

