120.22324218750003 5.196240234375011
120.19160156250018 5.168310546875006
120.15 5.184082031250028
120.11835937500018 5.215380859375003
120.10058593750011 5.168994140624974
120.01328125000009 5.151123046874972
119.9581054687502 5.07954101562504
119.87753906250003 5.060205078125009
119.82148437500018 5.069531249999955
119.82734375000001 5.133154296874949
119.98271484375016 5.228417968749994
120.0796875000002 5.263623046874983
120.16523437500001 5.332421874999966
120.20800781249994 5.340087890625014
120.22939453125014 5.284082031249966
120.25039062499997 5.256591796874972

121.2138671875 6.00351562499999
121.28251953125005 6.022265624999989
121.39150390625002 6.002099609374966
121.4146484375002 5.964501953125037
121.41103515625002 5.93984375
121.29443359374994 5.869970703124963
121.21816406250014 5.942724609375034
121.08300781249994 5.89301757812504
121.0185546875 5.922949218750006
120.93066406250011 5.896191406249969
120.87636718750014 5.952636718750014
120.89824218750016 6.006933593749977
121.03769531250003 6.095996093750003
121.15937500000018 6.075634765625026

121.99140625000001 6.414550781249972
121.95917968750001 6.41582031249996
121.87988281249994 6.517578125
121.87246093750014 6.562744140624972
121.8086914062502 6.613720703124955
121.83203124999994 6.6640625
121.91494140624997 6.676220703124997
122.05830078125007 6.740722656249986
122.2880859375 6.638916015625028
122.32353515624999 6.602246093750026
122.25175781250005 6.579785156249969
122.20097656249999 6.482910156250043
122.09287109375009 6.42832031250002

125.76894531250002 6.905761718750043
125.70751953125011 7.039990234375026
125.68300781249997 7.07319335937504
125.7144531250002 7.185546875000014
125.78339843750001 7.130664062500031
125.78457031249997 6.962744140625006

122.94804687500016 7.385742187500028
122.94365234375016 7.361035156249969
122.83955078125007 7.314599609375023
122.8046875 7.315966796875031
122.79658203125018 7.393359374999989
122.82216796874997 7.428466796875028
122.8711914062502 7.397314453124991
122.91484375000005 7.433398437499974
122.93710937500003 7.409130859374997

117.02832031250011 7.80751953124998
116.96953125000005 7.894921875000023
116.97578125000007 8.01665039062496
116.99355468750014 8.050537109375028
117.07705078124997 8.069140624999989
117.07988281250005 7.883398437499991

117.28701171875014 8.191015624999949
117.27226562500016 8.25351562499999
117.2808593750002 8.314990234374989
117.32958984375011 8.308496093749994
117.35371093750007 8.289257812499983
117.35527343749999 8.214648437499974

124.77792968750009 9.083105468749977
124.66582031250016 9.132324218749972
124.63906250000014 9.175097656249974
124.65332031250011 9.225830078125014
124.70810546875009 9.243017578124963
124.73681640624994 9.243164062499986
124.79023437500018 9.190087890625009
124.806640625 9.142626953125017

123.70625 9.133544921875043
123.61445312500018 9.103320312500003
123.54072265625018 9.129736328124977
123.49345703125016 9.192089843749969
123.49355468749997 9.21552734375004
123.53515625000011 9.213574218749997
123.62607421875009 9.26826171875004
123.65488281250009 9.27875976562504
123.69765625000002 9.237304687500043

125.95244140624999 9.56796875
125.92207031250001 9.621484374999966
125.94853515624999 9.739208984374969
125.96777343750011 9.759082031250017
125.99296875000016 9.684570312500028
125.97050781250005 9.59355468749996

126.08759765625018 9.260742187500014
126.19335937499994 9.276708984374977
126.1919921875002 9.124902343749966
126.20908203125003 9.080566406249986
126.30458984374997 8.952050781250009
126.31953125000018 8.8447265625
126.26298828125005 8.743945312499974
126.22021484375011 8.696289062500043
126.1416015625 8.62729492187502
126.13955078125002 8.595654296874969
126.17304687500018 8.56005859375
126.28232421875003 8.539306640625028
126.3653320312502 8.483886718750028
126.37978515625002 8.326757812499991
126.45869140625018 8.202832031249969
126.45664062500003 8.148779296874963
126.42529296874994 7.927441406249997
126.43535156250016 7.832812499999989
126.49443359374999 7.756982421874994
126.54443359375 7.724804687500011
126.57011718750016 7.67724609375
126.5933593750002 7.54677734374998
126.58925781250014 7.32514648437504
126.58154296875 7.247753906249983
126.54667968749999 7.175830078124989
126.4390625000002 7.012353515624994
126.29404296875003 6.882324218749972
126.21689453125003 6.891015624999966
126.19208984375007 6.852539062500028
126.24023437500011 6.733886718750014
126.22119140625011 6.483398437499972
126.18935546875014 6.309667968750006
126.14248046874997 6.397558593749977
126.10976562499997 6.489648437499994
126.080078125 6.733349609374997
126.04306640625009 6.84316406249998
125.98496093750003 6.943554687500011
125.96162109375018 7.033203124999972
125.90117187500005 7.116992187499989
125.82441406250001 7.333300781250003
125.77363281250018 7.322167968749966
125.68925781250005 7.263037109374991
125.67021484375016 7.222314453124952
125.66025390625009 7.160595703124997
125.64072265625009 7.105078124999963
125.54218750000018 7.016601562499972
125.46474609375014 6.911132812499972
125.4009765625002 6.795751953125006
125.38066406250005 6.689941406250028
125.43291015625005 6.60712890625004
125.48662109375005 6.573730468749986
125.5645507812502 6.499609374999977
125.5884765625002 6.465771484375011
125.67070312500016 6.225
125.66796874999994 5.978662109374994
125.60781250000014 5.870166015625003
125.45585937500016 5.664257812499969
125.34648437499999 5.598974609374991
125.28789062500016 5.632275390625026
125.24101562499999 5.75693359375002
125.23320312499999 5.808300781250011
125.26494140624999 5.925585937500017
125.26845703125002 6.033154296874983
125.2315429687502 6.069531250000026
125.1910156250002 6.0625
125.17402343750001 6.046972656249963
125.07617187500011 5.90625
125.03535156250001 5.870654296875017
124.9751953125002 5.865722656249986
124.92734375000003 5.875341796874991
124.6363281250002 5.998193359374966
124.39882812500014 6.119726562500034
124.21279296875014 6.233251953124991
124.078125 6.404443359374952
124.04970703125014 6.532568359375034
124.04814453124999 6.666552734374974
123.98789062500009 6.862988281250026
123.98085937500014 6.929687500000028
123.98525390624997 6.993701171875017
124.04511718750018 7.114111328125034
124.11757812500002 7.175097656250017
124.15820312500011 7.218798828124946
124.19072265624999 7.267333984374986
124.212890625 7.332128906250034
124.20664062500003 7.396435546874997
124.18242187499999 7.436718750000026
124.0679687500002 7.577880859375014
123.96845703125018 7.664648437500006
123.76474609375009 7.742626953124997
123.7173828125002 7.785400390625014
123.66582031249999 7.817773437500037
123.60888671875011 7.83164062500002
123.55322265625 7.83212890625002
123.49306640624997 7.807910156249974
123.47744140624997 7.756347656250043
123.48164062500007 7.710253906249974
123.47636718750005 7.665380859374977
123.39091796875005 7.407519531250031
123.28203125000016 7.464111328125014
123.17822265624994 7.529443359374994
123.15068359375005 7.5751953125
123.1387695312502 7.62993164062496
123.12119140625009 7.666894531250023
123.09667968749994 7.700439453125014
123.04892578125009 7.614355468749977
122.98955078125016 7.546289062499966
122.91689453125002 7.530517578125043
122.84296875000007 7.529296874999972
122.81875 7.558496093749966
122.79179687499999 7.722460937499974
122.71396484375003 7.774121093750026
122.61621093749994 7.763134765624997
122.49794921875002 7.67275390624998
122.47441406249999 7.638964843750017
122.44863281250002 7.561132812499977
122.31972656250014 7.34023437499999
122.25146484375 7.170019531249963
122.17617187500002 7.004199218750017
122.14248046874997 6.949658203125011
122.09814453125011 6.913720703124966
122.02763671875005 6.92861328124998
121.96425781250002 6.968212890624969
121.90419921875002 7.0751953125
121.92460937499999 7.199511718750017
121.99111328125014 7.278759765624997
122.04716796874999 7.36357421874996
122.1148437500002 7.659912109375028
122.11992187499999 7.765380859375014
122.13183593750011 7.810498046874969
122.24335937500001 7.945117187499946
122.33710937500001 8.028417968749963
122.38671875000011 8.045898437499972
122.5894531250002 8.093310546875031
122.67294921875003 8.133105468749974
122.80439453125018 8.133691406249994
122.9111328125 8.156445312500011
122.99628906250001 8.220507812500017
123.00273437499999 8.286914062499946
122.99882812499999 8.356054687500006
123.01757812500011 8.398339843750009
123.05058593750016 8.433935546874977
123.09589843750007 8.48081054687502
123.14716796875001 8.51601562499999
123.29287109375014 8.541455078125026
123.34121093750014 8.570410156249977
123.38017578125016 8.615625
123.43457031249994 8.703320312499969
123.49892578125002 8.681542968749966
123.56367187500007 8.647460937500043
123.68007812499997 8.620605468749986
123.78339843750007 8.547705078124963
123.84921875000003 8.432714843749991
123.86054687500007 8.376074218749991
123.87744140625011 8.188818359375034
123.85341796875014 8.14511718750002
123.753125 8.058251953124994
123.7994140625002 8.049121093750003
123.93115234374994 8.128417968749986
123.996875 8.158984375
124.15937500000018 8.201464843749946
124.19765624999997 8.229541015624989
124.22578125000001 8.27138671874998
124.28320312500011 8.385986328124972
124.32519531249994 8.508447265624966
124.35791015624994 8.559423828124963
124.4048828125002 8.599853515625028
124.45126953125003 8.606347656250009
124.62177734375007 8.522656250000011
124.73115234375007 8.562988281249972
124.76171875 8.689794921874963
124.78681640625001 8.874121093750034
124.80615234374994 8.924023437499983
124.86894531250016 8.972265624999949
124.94384765624994 8.95668945312498
125.04638671874994 8.890527343749994
125.14101562499997 8.86875
125.17617187500014 8.922070312500026
125.20966796875001 9.027148437500031
125.24785156250016 9.0265625
125.37558593750009 8.99179687500002
125.49873046875001 9.014746093749991
125.53339843750018 9.140917968750031
125.51015625000014 9.275878906249986
125.41396484374997 9.669189453125
125.4712890625002 9.756787109374997
125.52089843750002 9.759130859375034
125.64248046875002 9.654492187500026
125.87666015625018 9.513134765625011
125.9546875000002 9.42666015624998
126.00595703125003 9.320947265625023

126.04677734375014 9.760791015625017
125.9912109375 9.838525390625037
125.99863281250009 9.92705078124996
126.0738281250002 10.05922851562498
126.1294921875002 9.94355468750004
126.12890625 9.891113281250014
126.12080078125018 9.865185546874969
126.17255859375018 9.799951171874994
126.13691406250018 9.767773437500011
126.059375 9.766210937499963

125.2876953125002 9.932714843749963
125.15898437499999 10.062939453125026
125.13300781250001 10.155029296875043
125.17587890625003 10.15107421875004
125.23095703125011 10.115673828125011
125.28076171875011 9.982177734375

124.58427734375016 9.750488281250043
124.50566406250005 9.753515624999949
124.4775390625 9.747900390624963
124.40341796875009 9.654101562499946
124.35986328125 9.630224609374977
124.12246093750014 9.599316406249983
123.93564453125009 9.623974609375026
123.8716796875002 9.675732421875011
123.82998046875014 9.761132812499994
123.81718749999999 9.8173828125
123.8638671875002 9.878808593749994
123.90888671875007 9.91962890625004
124.05976562500007 10.000195312500026
124.09384765625009 10.06132812499996
124.17285156250011 10.135205078124997
124.33574218750016 10.159912109374972
124.3515625 10.141357421875014
124.37324218750007 10.129589843750011
124.40585937500003 10.126416015624983
124.48632812500011 10.065478515625003
124.57714843750011 10.026708984375006
124.55507812499997 9.879199218749974
124.58222656250018 9.82958984375
124.59384765625003 9.787207031249977

125.67255859375018 9.886474609375043
125.64863281250018 9.944091796874972
125.59052734375018 9.99819335937498
125.53447265625005 10.090087890625043
125.49482421875001 10.118701171875017
125.52197265624994 10.191503906250006
125.52460937500007 10.309716796875023
125.5801757812502 10.363671875
125.60585937500002 10.379589843749955
125.64794921874994 10.436816406249989
125.66679687500016 10.44013671875004
125.68457031249994 10.392041015625011
125.64667968750007 10.245410156249974
125.70332031250007 10.071777343750043
125.684375 9.963183593750031
125.69248046875003 9.939013671875003
125.69023437500016 9.914453124999966

119.79316406250018 10.455273437500011
119.76445312499999 10.551611328125006
119.85205078125011 10.640136718750014
119.95019531250011 10.604785156250003
120.00839843750003 10.57011718749996
119.98115234375001 10.538720703124966
119.91621093750001 10.485986328124966

124.28847656250002 10.601464843750037
124.33466796875018 10.70668945312498
124.37109375 10.691357421874969
124.38232421874994 10.679833984375023
124.38134765625011 10.632568359374986
124.31621093750016 10.606005859374989

122.621875 10.459033203124974
122.59716796875 10.461035156250034
122.53837890625016 10.424951171874966
122.5166992187502 10.492529296874963
122.5375 10.607568359375037
122.62578125000005 10.695019531250011
122.64843750000011 10.722509765625006
122.67255859375007 10.73881835937496
122.70126953125003 10.740625
122.72919921875007 10.70639648437502
122.73720703125002 10.654589843750031
122.68125 10.498242187499969
122.64951171875009 10.472705078125017

123.06464843750018 9.053369140624952
122.99472656250003 9.058837890625
122.9478515625002 9.107958984374974
122.86660156249997 9.319824218749972
122.7724609375 9.371337890624986
122.66455078125011 9.410351562500026
122.61035156250011 9.443212890624977
122.56250000000011 9.482812499999966
122.41093750000016 9.693896484374974
122.3995117187502 9.823046875
122.42558593749999 9.896093749999963
122.47148437500005 9.961523437499963
122.52324218749999 9.979199218750011
122.64824218750016 9.981542968749963
122.7129882812502 9.990136718750023
122.85556640625003 10.086914062500014
122.86582031250009 10.125
122.86650390625016 10.284033203125034
122.85234374999999 10.395263671875043
122.81699218750009 10.503808593750037
122.85556640625003 10.553417968750026
122.90585937500009 10.6025390625
122.95839843750014 10.698339843749977
122.96875000000011 10.76572265625002
122.96972656250011 10.836181640624986
122.98330078125014 10.886621093749966
123.0244140625 10.911816406250026
123.22177734375003 10.988671874999966
123.25664062500005 10.993945312499974
123.51064453125002 10.923046875000011
123.56250000000011 10.81606445312498
123.56757812500007 10.780761718749972
123.52773437500014 10.662011718750037
123.49287109375001 10.58232421874996
123.40693359375018 10.458984374999972
123.34355468750016 10.325390625000026
123.29609375000018 10.124511718750043
123.2662109375002 10.059033203125026
123.18662109375009 9.933300781249983
123.16201171875014 9.864257812500043
123.16269531250009 9.714648437500031
123.14941406249994 9.659326171875037
123.14980468750014 9.60615234375004
123.30839843749999 9.356982421874989
123.3218750000002 9.317480468750034
123.32050781250018 9.272949218750014
123.29335937500014 9.217285156250043
123.22871093750001 9.12138671874996
123.1924804687502 9.087890624999972
123.130859375 9.064111328125009

123.33173828125007 9.42294921875002
123.31601562500003 9.488964843749969
123.32705078124997 9.578076171875011
123.40371093749997 9.889257812499991
123.38623046874994 9.967089843750031
123.51435546875007 10.140332031249983
123.59287109375003 10.302929687499969
123.71142578124994 10.473681640625031
123.72646484375002 10.56220703125004
123.83154296875011 10.73100585937496
123.92988281250007 10.963818359374969
123.92460937500016 11.040917968750037
123.95009765625002 11.079150390625017
123.96406250000018 11.137451171874986
123.96718750000014 11.186914062500037
124.03886718750016 11.273535156250006
124.05791015625005 11.217236328124997
124.03652343750014 11.106689453125028
124.03984375000016 11.053613281249966
124.05253906249999 11.028759765624969
124.05332031250009 10.925781250000028
124.02753906250007 10.767871093750017
124.05126953125011 10.585595703125009
124.00498046875009 10.400097656249969
123.9521484375 10.316601562500011
123.87392578125014 10.257714843749994
123.78867187500009 10.220800781250034
123.70048828125016 10.128320312500023
123.64335937500005 10.020214843750026
123.63398437500018 9.921728515625034
123.49355468749997 9.589306640624983
123.37031250000018 9.449609375000037

123.815625 11.150732421875034
123.73671875000014 11.151464843750006
123.70761718750009 11.24799804687504
123.74140625000001 11.279150390624991
123.75703125000001 11.283300781250034

117.21855468750005 8.367285156249977
117.22851562500011 8.456689453124994
117.25585937500011 8.540966796875011
117.34990234375016 8.713574218750011
117.41777343750005 8.766650390624989
117.52998046875018 8.902587890624972
117.59326171875 8.968310546875031
117.74492187500016 9.098242187500034
117.88476562499994 9.240673828125011
117.93154296874997 9.251269531249946
117.98300781250009 9.253417968750028
118.02382812500014 9.269775390624986
118.1148437500002 9.346679687500028
118.34394531250018 9.602783203124972
118.53339843750001 9.793652343749955
118.7275390625 10.03500976562502
118.82011718749999 10.105322265625034
118.84511718750014 10.131298828124997
119.02382812500014 10.353564453124989
119.07988281249999 10.385839843749991
119.14306640625 10.409277343749963
119.18603515624994 10.439453124999986
119.22382812500018 10.477294921874972
119.28701171875002 10.57402343749996
119.31269531250018 10.68710937499999
119.29667968749999 10.750976562500043
119.26113281249997 10.84516601562504
119.3056640625 10.973632812500014
119.34072265625002 11.032910156250011
119.46533203125011 11.293798828124963
119.50126953125005 11.346435546875028
119.55332031250009 11.313525390624974
119.56025390625018 11.266796874999969
119.53457031249997 11.156835937500034
119.53261718750014 11.101611328124974
119.56191406250014 11.045507812500006
119.52666015625016 10.953173828125017
119.61611328124997 10.707373046875034
119.684375 10.551708984375026
119.68691406250014 10.500341796874963
119.59521484375 10.40742187500004
119.54052734374994 10.379345703124997
119.42246093750003 10.35439453124998
119.36933593750018 10.327294921874966
119.28476562500009 10.251708984375014
119.23193359374994 10.152148437499989
119.21855468749999 10.100683593749977
119.19150390625009 10.061083984375003
118.94863281249997 9.993457031249989
118.83466796875001 9.949316406249963
118.78212890624997 9.916113281250034
118.75498046875003 9.86210937499996
118.77382812499997 9.766796875
118.56962890625016 9.42275390624998
118.5044921875002 9.332666015625009
118.43496093750014 9.256005859375023
118.349609375 9.201464843750017
118.22929687500016 9.167968750000028
118.13408203125005 9.10136718749996
118.0694335937502 8.983544921875037
117.98955078124999 8.877099609375023
117.88857421875014 8.798242187500023
117.77978515625 8.728613281249963
117.67988281250007 8.677832031250006
117.57216796875014 8.641992187499994
117.53964843750009 8.595605468749952
117.51660156250011 8.538330078125014
117.46914062500014 8.511376953125023
117.41250000000014 8.495849609374972
117.31113281250009 8.439599609374966

119.88291015625009 11.472412109375014
119.85488281250014 11.393066406250014
119.8306640625002 11.375683593750026
119.79863281250016 11.408740234375017
119.72998046875011 11.431933593750031
119.72558593750011 11.474658203125031
119.76142578125001 11.4736328125
119.8267578125002 11.515429687499989
119.86142578125003 11.525341796874969

124.64433593750005 11.308105468750028
124.72431640625018 11.322070312500031
124.82109375000016 11.401416015625031
124.92998046875016 11.372851562499989
124.99394531250005 11.25590820312496
125.02656250000001 11.211718750000017
125.04433593750002 11.135253906249986
125.03974609375001 10.951904296875028
125.01318359374994 10.785693359375003
125.03378906250009 10.751464843750043
125.08388671874997 10.721582031249994
125.12753906250009 10.684716796875037
125.16416015625009 10.637451171875
125.18769531250018 10.584863281250037
125.19716796875014 10.457226562499969
125.26005859375016 10.349609374999986
125.26845703125002 10.307714843749977
125.25332031250014 10.263818359374994
125.1484375 10.272412109374969
125.14003906250014 10.235351562499972
125.14257812500011 10.189453125000043
125.10537109375002 10.21831054687496
125.04394531250011 10.323437499999983
124.9875 10.36757812499999
125.00488281249994 10.197070312499989
125.0235351562502 10.115283203125031
125.02656250000001 10.03310546874998
124.92910156250014 10.095898437499983
124.81279296875016 10.134619140624963
124.78076171875011 10.168066406250034
124.79169921875007 10.274560546874966
124.78955078124994 10.327539062500009
124.73769531250014 10.43974609374996
124.79863281250005 10.682226562499977
124.79716796874999 10.731787109375034
124.7867187500002 10.781396484375023
124.73867187499997 10.879736328124977
124.66269531250003 10.961962890625031
124.61611328124997 10.962207031249989
124.50283203124997 10.904443359375037
124.44550781250001 10.923583984375028
124.41171875000009 11.15034179687504
124.36601562499999 11.37070312499999
124.33095703125014 11.42709960937502
124.30820312500003 11.486181640624977
124.33066406250009 11.535205078125017
124.37412109375003 11.514990234374991
124.43593750000014 11.45722656250004
124.51093750000007 11.423876953124989
124.54824218750002 11.395019531249972
124.57460937500014 11.34306640624996

124.48349609375003 11.48583984375
124.4288085937502 11.531738281250028
124.36035156250011 11.665917968750009
124.43740234374997 11.695019531249983
124.51093750000007 11.687109374999977
124.56494140625011 11.639697265624989
124.62226562500018 11.549560546875014
124.60839843750011 11.492187499999957

124.8359375 11.543310546874991
124.806640625 11.557568359374955
124.78105468749999 11.580761718749983
124.74365234375011 11.65854492187502
124.73085937499997 11.715332031250043
124.78837890625016 11.683105468750043
124.82148437500018 11.626611328124994
124.85439453125014 11.594775390624989

122.61269531250014 11.564160156249969
122.72626953125018 11.60791015625
122.83808593750001 11.595654296874997
122.9312500000002 11.529296874999972
122.90078125000002 11.48735351562496
122.89453125 11.441308593749994
123.10273437500001 11.541455078124969
123.15830078125009 11.535546875
123.15644531250007 11.442529296874966
123.1441406250002 11.36357421874996
123.11953124999997 11.28681640625004
123.07548828125016 11.196875
123.01650390625014 11.116503906249989
122.93876953125005 11.058154296875003
122.84667968750011 11.022460937500014
122.80292968750007 10.990039062499974
122.78945312499997 10.941210937499974
122.79111328125003 10.879736328124977
122.76992187500002 10.823828124999963
122.67314453124999 10.800927734374994
122.52207031250003 10.691894531249986
122.19765625000014 10.622900390624963
122.10859375000018 10.575537109375006
122.05175781249994 10.5140625
121.9883789062502 10.458300781250003
121.95400390625014 10.444384765625017
121.93828125000005 10.470898437499997
121.93378906250018 10.493652343750014
121.9800781250002 10.638574218749966
121.97236328125007 10.698876953124994
121.95029296875009 10.757373046875003
121.96435546875011 10.87167968750002
122.02070312500001 10.979101562499977
122.05087890625003 11.097363281249997
122.05966796875009 11.325683593749972
122.10351562499994 11.642919921875034
122.10136718750005 11.680859375000026
122.06699218750003 11.723730468749977
121.94082031250002 11.75830078125
121.89121093750003 11.790869140624977
121.91601562500011 11.85434570312502
121.96367187500016 11.897363281249994
122.02919921874997 11.895410156250037
122.08681640625002 11.85507812499999
122.29072265625018 11.772021484374946
122.39921875000016 11.702197265625031
122.4961914062502 11.615087890624949

119.96386718749994 11.669384765624997
119.9449218750002 11.690722656250003
119.93173828125009 11.740332031249977
119.93281250000001 11.774462890625003
119.86093750000003 11.953955078124977
119.916015625 11.981347656249966
119.95654296875 11.960253906250017
119.99785156250016 11.932128906249972
120.03593750000016 11.917236328125043
120.07070312500014 11.86054687500004
120.06240234375014 11.82133789062496
120.07314453125002 11.783496093749974
120.03876953125001 11.703320312499983

120.15468750000014 12.152392578124989
120.19375 12.16704101562496
120.22822265625018 12.219824218749963
120.26054687499999 12.141748046874952
120.34140625000003 12.077441406250003
120.31455078125009 12.012402343749983
120.24345703125016 12.004785156250037
120.17363281250016 12.019628906250034
120.10009765625011 11.99375
120.01054687500016 12.008251953125026
119.95703125 12.069238281250023
119.8960937500002 12.178759765625031
119.86591796875018 12.199023437499989
119.86962890624994 12.243994140625006
119.89179687500001 12.272509765624946
119.88007812500001 12.279882812500034
119.88574218750011 12.299853515625017
119.89667968750001 12.313427734375026
119.91640624999997 12.319091796875028
119.96386718749994 12.270410156249966
120.07753906250014 12.19775390625
120.1 12.167675781249997

122.60332031250016 12.28559570312504
122.49931640625005 12.383691406250037
122.43886718750014 12.42949218749996
122.4229492187502 12.455078125000014
122.471875 12.491943359374986
122.60361328125003 12.491601562499994
122.67363281249999 12.424267578124955
122.68330078125001 12.382324218750028
122.65449218750001 12.309033203125026

125.31035156249999 12.4462890625
125.32753906250014 12.387207031250043
125.32021484374997 12.32182617187496
125.35224609375001 12.292773437499989
125.40878906250009 12.284863281249983
125.48125 12.251953125000028
125.53564453125 12.191406250000043
125.50332031249997 12.135791015624989
125.51337890625018 12.054589843749966
125.45654296874994 11.952539062499952
125.46425781250002 11.771582031250034
125.496875 11.71376953124998
125.50000000000011 11.655419921874994
125.4917968750002 11.594335937499991
125.50576171875014 11.544238281250003
125.59296875000001 11.378222656250017
125.6089843750002 11.32304687499996
125.58232421874999 11.279492187499969
125.57353515625016 11.238232421875011
125.62734375000014 11.233886718750014
125.70400390625002 11.164794921874972
125.74912109375003 11.073583984375034
125.73564453125016 11.049609375000031
125.6744140625002 11.120800781249969
125.62812500000018 11.13203125000004
125.43183593750018 11.112597656249989
125.3115234375 11.142285156249997
125.23339843749994 11.145068359375031
125.15585937500009 11.267041015625011
125.087890625 11.287353515624972
125.03427734375009 11.34125976562504
124.9453125 11.479150390624966
124.9169921875 11.558398437499946
124.97890624999997 11.638476562500017
124.99824218750001 11.702343749999969
124.99501953124997 11.764941406250017
124.93564453125003 11.754638671874957
124.88427734375 11.775488281250034
124.82109375000016 11.852099609375017
124.79580078124997 11.896337890624963
124.74980468750005 11.933349609375043
124.6767578125 12.020898437500023
124.5718750000002 12.055126953124983
124.52910156249999 12.079199218750006
124.44570312499997 12.152783203124983
124.3848632812502 12.243994140625006
124.32578125000009 12.403808593749972
124.29472656250016 12.569335937500028
124.56582031250014 12.526220703125034
124.84013671875016 12.534570312499966
125.15019531250016 12.572558593749974
125.23955078125016 12.527880859375017

123.9083007812502 12.169091796875023
124.04033203124999 11.966796875000014
124.05566406250011 11.811572265625017
124.04550781250009 11.752441406250043
123.98271484375016 11.818896484375003
123.8477539062502 11.913574218750014
123.7540039062502 11.934472656250009
123.7251953125002 11.951562500000023
123.73603515625018 12.00263671875004
123.67480468749994 12.05
123.6675781250002 12.069335937500043
123.61201171875007 12.090234375000037
123.53105468750016 12.196630859375034
123.4737304687502 12.216650390625034
123.41884765625014 12.194238281249994
123.29267578125018 12.036376953124986
123.15781250000009 11.925634765624977
123.1558593750002 11.96796875
123.21054687500003 12.106591796874994
123.24531250000001 12.32802734374998
123.26718750000003 12.39545898437504
123.23984375000009 12.494677734375003
123.2364257812502 12.583496093749986
123.33701171875009 12.542382812500037
123.46298828125009 12.501220703125
123.55898437499997 12.444824218749972
123.5748046875002 12.406933593749983
123.71660156250005 12.287353515625043

122.27978515625 12.498291015625028
122.26093750000007 12.503076171875023
122.24785156250005 12.556933593749989
122.27802734375007 12.592919921875037
122.28750000000014 12.589257812499994
122.31083984374999 12.528808593750028

122.01396484374999 12.105615234374966
121.96015625000007 12.191406250000043
121.98193359374994 12.245312500000011
121.9356445312502 12.290380859375034
121.92324218749997 12.331298828125028
121.94101562500003 12.385400390625037
121.98945312500018 12.435302734374986
122.00156250000003 12.598535156250023
122.10380859374999 12.650634765624986
122.14501953124994 12.652636718750031
122.13027343749997 12.61259765624996
122.13164062499999 12.53754882812504
122.09404296875016 12.354882812500037

123.77910156250016 12.36625976562496
123.74150390625016 12.398535156249963
123.62060546875011 12.570507812499997
123.58720703125016 12.63330078125
123.62148437500014 12.674902343750034
123.70869140625001 12.61079101562504
123.77539062500011 12.45390625

123.36718750000011 12.700830078124994
123.27421875000016 12.805078125
123.16640625000014 12.875878906250037
123.05419921875011 12.993457031250017
122.97343750000016 13.034716796874974
122.94902343750016 13.058691406249977
122.95751953125011 13.107177734375
123.01708984375 13.116162109374969
123.04355468750003 13.11337890625002
123.20625000000018 12.905419921875023
123.2818359375002 12.853417968749994

120.75537109375011 13.470996093750045
120.91533203124999 13.501074218749949
120.98076171874999 13.485986328124994
121.02470703125016 13.428710937500043
121.07929687500018 13.41074218750002
121.12246093750002 13.38125
121.2027343750002 13.432324218749983
121.284375 13.37412109375002
121.35683593749997 13.265478515625006
121.44218750000005 13.188427734375026
121.52275390625005 13.131201171875006
121.53867187500009 13.0888671875
121.48974609374994 13.019580078125003
121.47480468750001 12.931591796875026
121.47968750000007 12.83710937500004
121.5406250000002 12.638183593750014
121.51923828125001 12.584228515625043
121.4580078125 12.507958984374952
121.41230468750018 12.423046874999983
121.41816406250001 12.388769531250006
121.40009765625018 12.36074218749998
121.39433593750016 12.300585937499989
121.35683593749997 12.313085937499963
121.32236328125003 12.30361328124998
121.28886718750016 12.276708984375006
121.23671875000002 12.218798828125017
121.15546875000018 12.236328125000043
121.11699218750016 12.253417968749972
121.10761718750018 12.30361328124998
121.08339843750014 12.338964843749991
121.04853515625007 12.359960937500006
120.9625000000002 12.446533203124972
120.92216796875016 12.511621093749994
120.9214843750002 12.581103515625031
120.89941406249994 12.645849609374977
120.85478515624999 12.703662109375031
120.7959960937502 12.747998046875011
120.77636718750011 12.790576171874974
120.76875000000018 12.84091796875002
120.76367187500011 12.969824218749991
120.68027343750009 13.130615234374972
120.65136718749994 13.169140625000011
120.57314453125002 13.208886718750023
120.50830078125011 13.260058593749974
120.48066406250018 13.311035156249957
120.45546875000002 13.393505859374983
120.4380859375002 13.405419921875009
120.3875 13.401660156250045
120.33847656250009 13.412353515625
120.35273437500007 13.472949218750003
120.40126953124997 13.517041015625011
120.46835937500009 13.52241210937504
120.65332031250011 13.497607421875045
120.70439453124999 13.4794921875

121.97656250000011 13.537402343749989
121.9957031250002 13.546777343750023
122.11455078125016 13.463183593750045
122.10732421875002 13.42084960937504
122.12236328125016 13.365136718749966
122.05468749999994 13.268652343750034
122.04238281250002 13.236181640624991
122.00488281250011 13.204980468750023
121.87587890625014 13.281738281250028
121.8291992187502 13.328613281249986
121.81503906250003 13.42446289062498
121.86621093750011 13.566162109374986
121.91484375000016 13.540332031250045

120.27285156250014 13.682958984374977
120.10419921875001 13.78237304687498
120.09941406250005 13.816943359375003
120.10341796874997 13.842529296874972
120.1207031250002 13.858056640625023
120.21142578124994 13.820654296874963
120.27128906250016 13.750683593749997

124.32705078124997 13.567382812499957
124.2945312500002 13.590332031250014
124.24824218750018 13.586669921874986
124.17539062500009 13.531542968750031
124.05703125000014 13.60556640625002
124.03886718750016 13.663134765625017
124.12373046875001 13.790478515625026
124.12285156250005 13.979687500000026
124.15371093750002 14.026171874999989
124.18623046875007 14.05952148437504
124.22490234375005 14.077587890624983
124.30830078125007 13.946972656250026
124.33671875000016 13.931103515624983
124.41718750000001 13.871044921875011
124.39628906250016 13.750097656249977
124.40400390625001 13.679443359374972
124.35361328125003 13.632226562500023

122.17226562500002 14.008007812500026
121.95625 14.156054687499989
121.94638671875009 14.18149414062502
121.94599609375018 14.205126953125031
121.95917968750001 14.228759765624972
122.1753906250002 14.048828124999986

122.05156250000005 14.969873046874966
122.03173828125 14.971630859374969
122.01728515625007 14.965283203124997
121.97031250000009 14.89296875
122.02167968750007 14.75942382812498
121.98964843750002 14.662158203124974
121.93300781250014 14.656054687499974
121.91064453125011 14.666503906249972
121.92216796875005 14.714550781249997
121.9345703125 14.736621093750045
121.92304687500001 14.8
121.88925781250009 14.839843750000028
121.86230468750011 14.917187499999969
121.8203125 14.963574218750011
121.83984374999994 15.038134765625017
121.97167968750011 15.04638671875
122.03349609375016 15.005029296875023

121.25449218750009 18.56342773437504
121.59296875000001 18.37646484375003
121.71679687500011 18.330078125
121.84560546874997 18.295410156250057
121.94755859375016 18.28515625
122.03847656250002 18.327929687500017
122.07695312500005 18.371679687500034
122.14667968750001 18.486572265625
122.22119140625011 18.500634765625023
122.26552734375002 18.458837890625034
122.29980468749994 18.402783203124983
122.31503906250003 18.32031249999997
122.29384765625002 18.234277343750023
122.22285156250018 18.157128906250023
122.17949218750016 18.064257812500017
122.1509765625002 17.756494140625023
122.15234374999994 17.664404296875006
122.17519531249997 17.57568359374997
122.23681640625011 17.434863281250045
122.26904296875011 17.39526367187497
122.36230468750011 17.344873046875023
122.38750000000016 17.306787109374994
122.39287109374999 17.238378906250006
122.40751953125016 17.178125
122.4678710937502 17.155126953125006
122.51914062500009 17.124853515625063
122.5 17.058007812500023
122.46796875000001 16.990039062500017
122.42578124999994 16.822656250000023
122.22587890624999 16.435205078124966
122.21416015624999 16.351513671874983
122.13515625000002 16.18481445312503
121.97470703125009 16.157910156249955
121.7886718750002 16.077441406250017
121.68515625000009 16.014746093750034
121.59531250000003 15.933251953125023
121.56093749999997 15.826757812500006
121.59042968750003 15.778027343750011
121.60917968750016 15.726025390625011
121.60703125000003 15.669824218749994
121.57919921875009 15.623193359375023
121.48984375000009 15.509521484375028
121.45205078125002 15.416650390625037
121.41191406249999 15.375048828124989
121.39228515625018 15.324414062499983
121.39892578125011 15.266601562500014
121.43496093749997 15.216308593749986
121.5439453125 14.99916992187498
121.66054687500014 14.789501953124983
121.68564453125009 14.76542968749996
121.6954101562502 14.737304687500014
121.6265625000002 14.681738281249963
121.62792968749994 14.581152343749991
121.64853515625009 14.481494140625031
121.75185546874997 14.234179687500003
121.76660156249994 14.168066406250034
121.80048828125001 14.113867187500006
121.85332031250016 14.063085937499963
121.91171875000003 14.02041015624998
122.07958984374994 13.947119140624963
122.14433593749999 13.932714843749963
122.21171875000016 13.930175781249972
122.22841796874997 13.979492187499986
122.28750000000014 13.99619140625002
122.27441406249994 14.044726562500045
122.20253906250014 14.111669921875006
122.19970703125011 14.148046874999949
122.2375 14.175048828125043
122.28261718750002 14.190820312499966
122.38369140625002 14.263867187500011
122.49082031250009 14.322363281250034
122.62714843750007 14.317529296875023
122.76103515625016 14.284863281250026
122.85605468750003 14.250781250000017
122.93417968750009 14.188085937500034
123.01455078125002 14.079833984375
123.07099609375007 13.9599609375
123.07070312499997 13.90273437499998
123.05693359375005 13.845458984375043
123.05996093750014 13.78876953125004
123.10195312500014 13.750244140625
123.23144531249994 13.747363281250031
123.29697265625009 13.836425781249972
123.30537109375001 13.936572265625031
123.25927734374994 13.975439453124963
123.28046875000018 14.02480468749998
123.32031249999994 14.061669921875037
123.37744140624994 14.028662109374963
123.43232421875001 13.96625976562504
123.63281250000011 13.898486328125003
123.68408203125 13.897021484374974
123.72597656250002 13.884326171875045
123.81572265625016 13.837109375000026
123.85761718750018 13.799609375000017
123.8062500000002 13.72172851562496
123.60712890625001 13.704443359374991
123.54960937500005 13.645751953125028
123.60810546875007 13.528076171875043
123.70361328124994 13.431591796875011
123.76484375000018 13.353515625
123.81923828124997 13.269482421875026
123.81660156250018 13.191601562499969
123.78515625 13.110546874999969
123.87275390625007 13.11699218749996
123.95517578125003 13.099707031249991
124.06914062499999 13.03193359375004
124.1045898437502 13.025
124.14277343750018 13.035791015625023
124.13730468750003 12.791162109375009
124.05976562500007 12.567089843750011
123.96171875000016 12.594970703125014
123.87783203125014 12.689697265625028
123.89492187500014 12.804980468749989
123.94853515625005 12.916406250000037
123.91796875000011 12.939941406250028
123.8638671875002 12.930664062500014
123.8023437500002 12.90556640624996
123.73603515625018 12.896923828124969
123.62675781250005 12.91176757812498
123.40234374999994 13.033105468750009
123.31093750000002 13.044091796875023
123.29042968749997 13.099023437500023
123.29550781250003 13.215576171874972
123.20595703125002 13.353515625
123.19160156250001 13.402880859375017
123.16328125000001 13.441748046875034
122.89619140625007 13.591943359374994
122.86347656250007 13.617236328124989
122.7813476562502 13.737060546874986
122.59521484375011 13.907617187499994
122.54306640625003 13.925048828125
122.48632812499994 13.929980468750031
122.46796875000001 13.88671875
122.49375 13.820214843749952
122.50419921875016 13.763085937500037
122.50019531250001 13.703173828125003
122.50800781250001 13.656835937499977
122.59619140624994 13.562011718750028
122.609375 13.517138671875031
122.66787109374997 13.395361328125006
122.67509765625016 13.253173828124986
122.59990234374999 13.194140624999946
122.51523437500009 13.260009765625043
122.51250000000016 13.313623046874952
122.49794921875002 13.363525390625
122.40693359375001 13.492773437500034
122.37656250000009 13.52060546875002
122.20527343750018 13.648242187500003
122.07275390625 13.788378906250045
121.77792968750003 13.937646484374994
121.74287109375001 13.945849609374974
121.69169921875016 13.934570312499986
121.64345703125002 13.915966796875011
121.50107421875003 13.8421875
121.4507812500002 13.790771484375
121.4462890625 13.711865234374997
121.34414062500014 13.649121093750011
121.20351562500002 13.64028320312498
121.09550781250005 13.679492187499974
121.00615234375005 13.758105468750003
120.93232421875018 13.761865234374966
120.84072265624997 13.88471679687504
120.72910156250009 13.90053710937498
120.63710937499997 13.804492187500045
120.61738281250007 13.995312500000011
120.6167968750002 14.188037109375017
120.64267578125003 14.244335937500026
120.68828124999999 14.291210937499983
120.92207031250001 14.493115234374997
120.95156250000002 14.557958984374977
120.94130859375014 14.645068359375045
120.88808593750014 14.715771484374969
120.80449218750016 14.758789062500028
120.70791015625002 14.776611328125028
120.63828125000003 14.816162109375
120.58369140625001 14.88125
120.54677734375014 14.766113281250014
120.58271484375018 14.59462890624998
120.58867187500016 14.483105468749997
120.55566406250011 14.441357421875026
120.49570312500003 14.440185546874957
120.43876953125016 14.453369140624986
120.39609375000009 14.493310546875037
120.36523437500011 14.608300781250023
120.28388671875007 14.684375
120.25078125000016 14.793310546874963
120.21386718750011 14.808789062500011
120.13798828124999 14.800390624999977
120.08212890625009 14.85107421875
120.04453125000003 14.978125
120.03662109374994 15.114550781250031
120.00498046875009 15.229248046875043
119.95937500000014 15.340234375
119.93281250000001 15.430908203125
119.8916015625 15.837695312500017
119.88144531250003 15.875
119.85966796875016 15.905761718750028
119.80820312500003 15.951953125000017
119.76894531250014 16.008447265624994
119.7618164062502 16.054980468750045
119.77255859375009 16.25512695312497
119.79023437500001 16.303320312500006
119.83076171875001 16.32656250000005
119.88613281250014 16.287402343750045
119.93037109375007 16.23876953125
119.98515625000005 16.215429687500063
120.03339843750018 16.18457031249997
120.1240234375 16.066210937500017
120.15976562500009 16.047656250000074
120.27128906250016 16.051416015625023
120.33701171875003 16.06645507812499
120.3687500000002 16.109570312499983
120.3887695312502 16.160937500000045
120.3892578125002 16.221630859374983
120.325 16.400341796874983
120.30527343750003 16.529248046874955
120.30439453125007 16.645458984374983
120.32119140625002 16.761865234374994
120.40888671875001 16.955615234375045
120.42011718750018 17.09008789062497
120.41171875000009 17.269921875000023
120.42714843750002 17.376904296874983
120.42451171875001 17.438330078125063
120.3720703125 17.535107421874955
120.35839843749994 17.63818359375
120.50507812500018 18.16264648437499
120.55097656250001 18.264062499999966
120.58447265625011 18.36875
120.5997070312502 18.50786132812499
120.70937500000014 18.545947265625017
120.81376953124999 18.603417968749994
120.86777343750009 18.59892578124999
120.925 18.585107421874994
121.0513671875002 18.613671874999966
121.10156250000011 18.615283203125017

121.85820312500016 18.822900390624966
121.82519531250011 18.842724609374983
121.86074218750014 18.91254882812501
121.85976562500014 18.93676757812497
121.88886718750018 18.991552734375034
121.94335937500011 19.010449218749983
121.9878906250002 18.956640625000034
121.92167968750005 18.89472656250001

121.2466796875002 19.015185546875045
121.19609374999999 19.050683593749994
121.18486328125005 19.101416015625034
121.18994140625 19.13891601562503
121.21318359374999 19.18359374999997
121.24472656250003 19.143017578124983
121.25224609375016 19.082421874999966

121.53125 19.271337890625006
121.47207031250002 19.273339843749966
121.38291015625003 19.328466796875006
121.37460937500003 19.356298828125006
121.37597656249994 19.379687500000045
121.39160156249994 19.399365234374983
121.52089843750002 19.361962890624994

121.94130859375014 20.353710937499983
121.9140625 20.35942382812499
121.94121093749999 20.453710937500006
121.9912109375 20.479589843750034
122.03115234375014 20.469384765625023
121.9600585937502 20.365869140624966

121.82958984375011 20.700292968749977
121.790625 20.70117187499997
121.7964843750002 20.746630859375017
121.84785156250018 20.84125976562501
121.86699218750016 20.839208984375034
121.878125 20.781884765624994

