19.64423828125001 54.44707031249999
19.924316406250057 54.43398437499999
20.208203125000068 54.420751953125034
20.66474609375001 54.40664062500002
21.140527343750023 54.39179687500001
21.63417968750005 54.37646484375
22.16845703125003 54.35986328124997
22.73183593750005 54.35009765625003
22.766210937500034 54.35678710937498
22.82373046875003 54.39580078125002
22.893945312500023 54.39052734375002
22.97675781250001 54.366357421874966
23.015527343750023 54.34833984375004
23.031933593750068 54.32788085937503
23.04218750000004 54.30419921875
23.0875 54.29946289062502
23.170312500000023 54.28144531249998
23.282324218750006 54.24033203125006
23.370117187500057 54.20048828125002
23.45361328125 54.14345703125005
23.48134765625005 54.079003906249966
23.483007812500034 54.005957031250006
23.477636718750006 53.95893554687501
23.484667968750017 53.939794921875034
23.598925781250017 53.59921875
23.789257812499983 53.27094726562501
23.859179687500017 53.11210937499999
23.887109375000023 53.02753906249998
23.909375 52.904882812500034
23.916308593750017 52.81875
23.915429687500023 52.77026367187497
23.90126953125008 52.70361328124997
23.8447265625 52.66420898437502
23.479589843750063 52.55156249999999
23.410937500000017 52.516210937500006
23.303320312500034 52.42836914062505
23.204101562500057 52.337890625
23.18125 52.306982421875006
23.175097656250017 52.28662109375003
23.19697265625004 52.256933593750006
23.3271484375 52.20844726562501
23.458398437499994 52.16953124999998
23.50117187500001 52.140380859375
23.597949218750017 52.10307617187502
23.63330078125003 52.06958007812503
23.652441406250006 52.040380859375034
23.651074218749983 51.972998046875006
23.60742187499997 51.87978515625002
23.625683593750068 51.80932617187506
23.58134765624999 51.76240234374998
23.544824218750023 51.71025390625002
23.539648437500034 51.61889648437497
23.605273437500074 51.517919921875006
23.658886718750068 51.448974609375085
23.679687500000142 51.394921875000165
23.657617187500165 51.35249023437507
23.664453125000136 51.310058593750114
23.712207031250102 51.26513671875003
23.863476562500097 51.12622070312514
23.93808593750012 50.99252929687509
23.985742187500136 50.94042968750014
24.09580078125009 50.8727539062501
24.10576171875016 50.84497070312514
24.061621093750063 50.81953125000001
24.02597656250009 50.816162109375114
23.997070312500142 50.809375
23.978417968750165 50.785595703125125
24.007324218750085 50.760156250000165
24.046289062500136 50.72280273437502
24.094726562500142 50.61704101562515
24.089941406250148 50.5304687500001
24.05263671875008 50.50844726562505
24.004980468750063 50.45703125000006
23.972656250000142 50.41005859375008
23.711718750000102 50.377343750000165
23.64902343750012 50.32705078125005
23.50615234375013 50.22983398437512
23.408593750000165 50.17392578125012
23.264453125000102 50.07285156250012
23.036328125000068 49.89907226562508
22.95224609375009 49.8263671875001
22.89072265625009 49.76625976562511
22.706152343750148 49.606201171875085
22.649414062500114 49.53901367187507
22.660644531250114 49.4836914062501
22.719921875000097 49.35380859375002
22.732421875000057 49.29516601562514
22.72197265625016 49.240966796875114
22.702343750000068 49.19272460937506
22.705664062500034 49.1711914062501
22.760156250000136 49.136230468750085
22.847070312500165 49.08125
22.852050781250114 49.06274414062514
22.839746093750165 49.03891601562506
22.809765625000097 49.020751953125114
22.70126953125012 49.03994140625011
22.579980468750108 49.07719726562513
22.538671875000034 49.07270507812504
22.47304687500008 49.081298828125
22.202539062500023 49.153222656249994
22.020117187500006 49.20952148437502
22.002148437500068 49.24609375
21.96767578125005 49.29907226562506
21.89013671874997 49.34345703125004
21.71210937500004 49.38193359375006
21.63964843750003 49.411962890625034
21.35048828125008 49.42875976562499
21.225 49.42944335937506
21.136132812500023 49.41704101562502
21.079394531250017 49.41826171874999
21.001171875000068 49.33984375
20.947265625 49.31708984374998
20.868457031250017 49.31469726562503
20.79951171875001 49.328662109375045
20.72900390625003 49.36992187500002
20.61611328125005 49.391699218750006
20.53457031250005 49.381201171875006
20.47451171875005 49.39018554687496
20.422656250000074 49.39233398437503
20.40468750000005 49.38408203124996
20.362988281250068 49.38525390625003
20.302539062500017 49.36552734374999
20.236523437500068 49.337646484375
20.163671875000063 49.31640625000003
20.10761718750001 49.27075195312506
20.05761718750003 49.18129882812502
19.916113281249977 49.22138671875004
19.868945312500045 49.20400390625005
19.802246093750057 49.19233398437498
19.756640625000017 49.204394531250045
19.767382812500074 49.235205078125006
19.78798828125008 49.26997070312498
19.78701171875005 49.31855468750001
19.773925781250057 49.372167968750006
19.730078125 49.38959960937501
19.664160156250006 49.39604492187499
19.630273437500023 49.40664062500002
19.626660156249983 49.42436523437499
19.593066406250074 49.447119140625006
19.534765625 49.50478515625002
19.479687500000068 49.576367187499955
19.44160156250004 49.59770507812496
19.38623046875003 49.56362304687502
19.30234375 49.524853515624955
19.25019531250004 49.511425781249955
19.14941406250003 49.4
18.968359375 49.39624023437503
18.95722656250004 49.44829101562499
18.938183593750068 49.49829101562506
18.832226562500068 49.51079101562502
18.829296874999983 49.540136718750034
18.806933593750045 49.61372070312501
18.59462890625005 49.75781249999997
18.568847656250057 49.81791992187496
18.577148437500057 49.84111328124999
18.56240234375008 49.879345703124955
18.516210937500063 49.902392578125045
18.34843749999999 49.92983398437502
18.305273437500006 49.91406250000003
18.26630859375004 49.930273437500034
18.20527343750004 49.96474609375005
18.099218750000034 49.99277343749998
18.087695312500074 50.00727539062501
18.04951171875004 50.031933593749955
18.028320312500057 50.035253906250006
18.01464843750003 50.02026367187497
17.98378906250005 49.99907226562502
17.874804687500045 49.97226562499998
17.83125 49.983300781249994
17.791699218749983 50.00659179687503
17.74658203125003 50.056787109374966
17.681054687500023 50.100781249999955
17.627050781250034 50.11640625000004
17.596289062500063 50.139501953125034
17.58935546874997 50.15747070312506
17.709277343750074 50.19355468750001
17.735449218750006 50.23076171874996
17.72011718750008 50.29863281250002
17.702246093750063 50.30717773437499
17.65468750000005 50.28422851562502
17.554589843749994 50.2640625
17.462304687500023 50.254785156249966
17.41523437500004 50.254785156249966
17.151953125000034 50.37832031250002
16.980761718750074 50.41611328124998
16.880078124999983 50.42705078124999
16.86914062499997 50.41450195312501
16.91474609375004 50.34521484375003
16.993359375000068 50.25971679687501
16.989648437500023 50.23691406249998
16.895312500000074 50.20195312499996
16.841796875 50.186718749999955
16.778613281250017 50.15703125
16.725292968750068 50.116064453125034
16.67910156250008 50.09746093749999
16.63916015625003 50.10214843750006
16.5966796875 50.121923828125006
16.487597656250045 50.248388671875006
16.350488281250023 50.34521484375003
16.334179687500068 50.36689453124998
16.291308593750045 50.371875
16.230761718750045 50.39409179687502
16.21035156250005 50.42373046875002
16.24072265625003 50.454687500000034
16.282519531250017 50.483007812500034
16.35664062500001 50.50048828125003
16.379101562500068 50.51689453124999
16.39228515625001 50.541650390624966
16.41972656249999 50.57363281250002
16.4125 50.585156249999955
16.359960937499977 50.62138671874996
16.282226562500057 50.655615234375006
16.066406250000057 50.62993164062502
16.00722656250008 50.61162109375002
15.973828125000011 50.63544921874998
15.948535156250017 50.67026367187498
15.89394531250008 50.676904296874994
15.819238281250051 50.70869140624998
15.730566406250006 50.73969726562501
15.643945312500051 50.748876953125006
15.463964843750063 50.79384765625002
15.394628906250063 50.796289062499994
15.354394531250023 50.81176757812503
15.312597656250034 50.84575195312502
15.277050781249983 50.88300781249998
15.258593750000045 50.95854492187499
15.125976562500028 50.99287109374998
14.99375 51.01435546875001
14.984472656249977 51.00341796875
14.98994140625004 50.92724609375003
14.982910156250028 50.886572265625006
14.895800781250045 50.86137695312502
14.809375 50.85898437500006
14.814257812500045 50.87163085937496
14.917480468750028 51.00874023437501
14.963867187500057 51.09511718750002
15.016601562500057 51.25273437499999
14.953125 51.37714843750001
14.935546875000057 51.43535156249996
14.905957031250068 51.46333007812498
14.724707031250006 51.52387695312498
14.710937500000028 51.544921875
14.73867187499999 51.627148437499955
14.724902343750045 51.66171875
14.68134765625004 51.698193359374955
14.62392578125008 51.77080078125002
14.601660156250063 51.832373046875034
14.674902343750063 51.90483398437496
14.69296875 51.95800781250006
14.724804687500011 52.03085937500006
14.748144531250063 52.07080078125003
14.752539062499977 52.08183593749996
14.70458984375 52.11020507812506
14.6923828125 52.150048828124994
14.705371093750045 52.20747070312498
14.679882812500011 52.25
14.615625 52.27763671874996
14.573925781250011 52.314160156249955
14.55458984375008 52.35966796874999
14.569726562500051 52.43110351562498
14.619433593750045 52.52851562500001
14.51406250000008 52.64560546874998
14.253710937500045 52.78251953124999
14.128613281250068 52.87822265625002
14.138867187500011 52.93286132812506
14.193652343750074 52.982324218749994
14.293164062500011 53.026757812499994
14.368554687499994 53.10556640624998
14.410937500000017 53.19902343750002
14.41230468750004 53.21674804687498
14.414550781250057 53.28349609374999
14.29873046875008 53.55644531249999
14.279882812500063 53.62475585937497
14.26611328125 53.70712890625006
14.258886718750034 53.72963867187502
14.487597656250017 53.671875
14.58349609375 53.63935546875001
14.571582031250074 53.675878906250006
14.552148437500023 53.70732421875002
14.564941406250057 53.753515625
14.558398437500045 53.82319335937498
14.350878906250045 53.858740234375034
14.213671875000074 53.870751953124994
14.198242187500028 53.91904296875006
14.211425781250057 53.95034179687505
14.249316406250045 53.93193359375002
14.38417968750008 53.924707031249966
14.715722656250023 54.01831054687503
15.288378906250074 54.13989257812503
15.9 54.25395507812499
16.042773437500017 54.26635742187503
16.186328125000045 54.290380859375034
16.239355468750034 54.33305664062502
16.292285156250045 54.36162109374999
16.375585937500063 54.436865234375034
16.55976562500001 54.55380859375006
16.88544921875001 54.59638671875004
17.00703125000001 54.65185546875006
17.261914062500068 54.72954101562499
17.84296875000004 54.81669921874996
18.08564453125001 54.835839843749966
18.323437500000068 54.83818359374999
18.53515625000003 54.76943359375002
18.75927734375003 54.68457031250006
18.799609375000074 54.63334960937502
18.678320312500063 54.66528320312503
18.5015625 54.74150390625002
18.43623046875004 54.74472656250006
18.58710937500004 54.51289062499998
18.669628906250068 54.43090820312497
18.83642578125003 54.36958007812501
18.97626953125001 54.34892578124999
19.407128906250023 54.386083984375006
19.560156250000034 54.43461914062502
19.60439453125008 54.459179687499955

