-17.05449218749999 32.81586914062501
-16.929199218749943 32.84140625000006
-16.77397460937496 32.773535156250006
-16.693261718749937 32.75800781250004
-16.765283203124966 32.70971679687506
-16.83740234375 32.64829101562498
-17.018261718749983 32.66279296874998
-17.17119140624996 32.721875
-17.226025390624955 32.76684570312497
-17.24101562499999 32.80737304687506
-17.190869140624983 32.86860351562501

-25.031542968749932 36.94155273437502
-25.08837890624997 36.94887695312502
-25.15991210937497 36.94335937500006
-25.198388671874994 36.996533203124955
-25.163525390624926 37.0185546875
-25.082910156250023 37.024023437500034
-25.044335937499966 37.00019531249998
-25.02734374999997 36.95996093749997

-25.58549804687499 37.83403320312496
-25.26660156249997 37.8486328125
-25.181933593749932 37.83789062500003
-25.19072265624996 37.76435546874998
-25.251123046874994 37.73500976562502
-25.43901367187499 37.71533203125003
-25.734472656249977 37.76289062500004
-25.833691406249926 37.82607421875002
-25.847851562499983 37.872412109375034
-25.845898437499926 37.89404296875
-25.78374023437499 37.91113281250003
-25.64897460937496 37.840917968750034

-28.064794921875006 38.412744140624994
-28.18974609374996 38.404150390625006
-28.231152343749955 38.384667968749966
-28.33242187499999 38.41289062500002
-28.454492187499994 38.408642578124955
-28.531152343749966 38.46254882812502
-28.54882812500003 38.51855468749997
-28.51025390624997 38.55302734374996
-28.40214843749999 38.55336914062505
-28.147265625000017 38.45268554687496

-28.743847656249955 38.52236328125002
-28.84204101562497 38.59843749999999
-28.69775390624997 38.63847656249996
-28.655419921874966 38.6140625
-28.62421875000001 38.58632812499999
-28.605810546874977 38.550732421874955
-28.641308593749926 38.525

-27.825878906249983 38.543554687500006
-28.092333984375017 38.620556640624955
-28.18725585937497 38.655371093750034
-28.310644531249977 38.74389648437506
-27.96264648437497 38.63632812499998
-27.778466796875023 38.555615234374955

-27.0953125 38.63403320312506
-27.302832031250006 38.66103515625005
-27.361914062499977 38.69785156249998
-27.385937499999983 38.76582031249998
-27.351025390624983 38.788964843749994
-27.259667968750023 38.80268554687504
-27.12700195312499 38.78984374999999
-27.041943359374983 38.74121093750003
-27.0419921875 38.678906249999955
-27.075244140625017 38.64345703125002

-31.181347656249955 39.35893554687502
-31.25761718749996 39.37597656250003
-31.28295898437497 39.39409179687499
-31.260839843749977 39.496777343749955
-31.199853515624994 39.52084960937498
-31.138623046874955 39.47944335937498
-31.13710937499999 39.40693359375004

-8.152490234374994 41.81196289062498
-8.094433593749983 41.814208984375
-7.990966796874943 41.851904296875034
-7.920849609374955 41.883642578125034
-7.896386718749937 41.87055664062504
-7.693066406250011 41.88847656249996
-7.644677734374994 41.87397460937501
-7.61259765624996 41.85795898437496
-7.512597656249994 41.83598632812499
-7.403613281250017 41.83369140624998
-7.268554687499943 41.86440429687502
-7.209619140625023 41.895263671875
-7.19833984374992 41.92939453125001
-7.19536132812496 41.955224609374966
-7.177929687499955 41.97167968750003
-7.147119140624966 41.98115234375001
-7.099121093749972 41.964208984375006
-7.030468749999926 41.95063476562501
-6.865527343749989 41.94526367187498
-6.833203124999983 41.96416015624999
-6.777294921874955 41.95849609375
-6.703613281249943 41.9345703125
-6.618261718749977 41.9423828125
-6.575341796874937 41.9130859375
-6.557519531249937 41.874121093750034
-6.55258789062492 41.78955078125006
-6.558984374999966 41.704052734374955
-6.542187499999926 41.672509765624994
-6.484667968749932 41.664404296875034
-6.391699218750006 41.66538085937498
-6.308056640624926 41.642187500000034
-6.243115234374926 41.601806640625
-6.2216796875 41.560449218749994
-6.2125 41.53203124999999
-6.244335937500011 41.51591796874999
-6.289355468749932 41.45502929687501
-6.403125 41.375390624999966
-6.565917968749972 41.3037109375
-6.690136718749955 41.21450195312505
-6.77578125 41.10771484374996
-6.882812499999943 41.062402343749966
-6.915527343749972 41.03803710937498
-6.928466796875028 41.009130859375034
-6.857714843749989 40.87832031250002
-6.835888671874983 40.777490234374994
-6.818359374999972 40.654052734375
-6.829833984375 40.61909179687498
-6.835693359374943 40.483154296875
-6.85205078125 40.44326171875005
-6.84794921874996 40.410986328125034
-6.821777343749943 40.37626953124999
-6.810156249999977 40.34311523437498
-6.858886718749972 40.300732421874955
-6.948437500000011 40.251611328124994
-7.014697265624989 40.20834960937506
-7.032617187500023 40.16791992187498
-7.02783203125 40.14262695312499
-6.916406249999966 40.05683593750001
-6.89609375 40.02182617187498
-6.91118164062496 39.937109375000034
-6.975390624999989 39.79838867187502
-7.036718749999949 39.71396484375006
-7.047412109375017 39.70556640625003
-7.117675781250028 39.68168945312496
-7.4541015625 39.68066406250003
-7.535693359375017 39.661572265624955
-7.524218749999989 39.64472656249998
-7.445117187499932 39.53618164062499
-7.362695312499937 39.47832031250002
-7.335449218749972 39.46513671874999
-7.305761718749977 39.33813476562506
-7.172412109374989 39.13520507812501
-7.04296875 39.107080078124966
-6.997949218749966 39.056445312500045
-7.00625 38.98525390625002
-7.046044921874994 38.90703125
-7.12548828125 38.82695312499999
-7.219921874999983 38.77050781250006
-7.281542968750017 38.71455078125001
-7.286376953125028 38.64936523437498
-7.305957031250017 38.566845703124955
-7.335791015624949 38.50146484375003
-7.343017578125 38.45742187500002
-7.106396484374955 38.181005859375034
-6.974804687499955 38.194433593750006
-6.957568359374989 38.18789062500002
-6.981103515624994 38.121972656249994
-7.022851562499966 38.04472656249999
-7.072509765624972 38.030029296875
-7.185449218749966 38.00634765624997
-7.292236328124972 37.906445312499955
-7.378906249999943 37.78637695312503
-7.443945312499977 37.728271484375
-7.50351562499992 37.585498046875045
-7.496044921874926 37.52358398437502
-7.4671875 37.42802734375002
-7.406152343749994 37.179443359375
-7.493603515624955 37.168310546875034
-7.834130859374966 37.005712890625034
-7.939697265624972 37.00541992187499
-8.136767578124989 37.07705078125002
-8.484326171875011 37.10004882812498
-8.59765625 37.12133789062497
-8.739111328124949 37.074609374999966
-8.848437499999932 37.07568359375
-8.93535156249996 37.01601562500002
-8.997802734374972 37.03227539062496
-8.926269531249972 37.16606445312502
-8.814160156249955 37.430810546874966
-8.818554687499955 37.59243164062502
-8.791845703124949 37.73281250000002
-8.82265625 37.871875
-8.878955078124932 37.958691406249955
-8.802246093750028 38.183837890625
-8.810937500000023 38.29975585937498
-8.881103515625 38.446679687499966
-8.668310546875006 38.42431640625003
-8.733984374999977 38.48242187499997
-8.79887695312496 38.51816406249998
-8.86162109374996 38.50996093749998
-8.914794921874943 38.51210937499999
-9.095996093749989 38.45522460937502
-9.186718749999926 38.43818359375001
-9.21328125 38.448095703125006
-9.203369140624943 38.53896484375005
-9.250390625000023 38.65673828124997
-9.177832031249977 38.68779296874999
-9.093310546874989 38.69667968750002
-9.021484375 38.746875
-8.977050781250028 38.80292968749998
-9.00048828125 38.903027343749955
-8.938085937499977 38.99809570312496
-8.791601562499977 39.07817382812502
-8.867480468749989 39.06596679687502
-8.954296875000011 39.01606445312498
-9.091015624999955 38.83466796874998
-9.135791015624932 38.742773437500006
-9.252294921874949 38.71279296875002
-9.356738281250017 38.697900390624994
-9.410205078124989 38.70751953125
-9.474121093749943 38.730859374999966
-9.479736328125028 38.798779296874955
-9.474755859374994 38.852929687499966
-9.43144531249996 38.96044921875003
-9.414355468749932 39.11210937500002
-9.352832031250017 39.248144531250006
-9.357226562499932 39.284277343750006
-9.374755859374943 39.33828125
-9.319628906249989 39.39111328125
-9.251416015624955 39.426025390625
-9.148291015625006 39.542578125000034
-9.004052734375023 39.820556640625
-8.837841796874983 40.11567382812501
-8.851318359374972 40.15180664062498
-8.886621093749966 40.17944335937503
-8.872656249999977 40.25908203124999
-8.772412109374983 40.60566406249998
-8.731591796875023 40.65092773437499
-8.68461914062496 40.75253906249998
-8.673974609374994 40.91650390625
-8.655566406249989 41.02949218750001
-8.659814453124966 41.086279296875034
-8.67460937499996 41.15449218749998
-8.738378906249977 41.28466796875003
-8.8056640625 41.56000976562501
-8.810839843749989 41.65195312499998
-8.755419921874989 41.69838867187502
-8.846386718749955 41.705175781250006
-8.887597656249994 41.76459960937501
-8.87822265624996 41.83208007812502
-8.77714843749996 41.941064453124994
-8.682958984374977 42.00849609374998
-8.58964843749996 42.05273437500003
-8.538085937499943 42.06933593750003
-8.322558593749989 42.115087890625006
-8.266064453124955 42.137402343749955
-8.213085937499983 42.133691406249994
-8.204199218749949 42.11186523437499
-8.173583984375028 42.069384765625045
-8.139306640624966 42.039941406249994
-8.12998046874992 42.01816406249998
-8.213330078124955 41.927099609375006
-8.224755859374966 41.895849609375034
-8.18125 41.83696289062502
-8.173535156249926 41.81997070312502

