-67.88183593749997 18.058935546875006
-67.89116210937502 18.059912109375034
-67.89545898437501 18.06279296874999
-67.90190429687499 18.071875
-67.93037109375001 18.08691406250003
-67.93706054687496 18.10063476562499
-67.93061523437495 18.115136718749994
-67.9189453125 18.120898437500017
-67.861083984375 18.12255859375
-67.85517578124995 18.12114257812499
-67.84365234375002 18.111035156249955
-67.84335937500003 18.103955078124955
-67.84907226562495 18.097021484375034
-67.85917968749999 18.079589843750057
-67.86342773437497 18.07519531250003
-67.86679687500003 18.070654296875006
-67.86811523437493 18.06279296874999
-67.87246093750002 18.059863281250017

-65.50400390624995 18.099511718750023
-65.55507812499997 18.107666015625
-65.57221679687501 18.137304687499977
-65.4771484375 18.165039062500057
-65.36621093749994 18.161083984374955
-65.30268554687498 18.144384765625006
-65.29487304687498 18.13334960937499
-65.42558593749996 18.105615234375023

-66.098486328125 18.425195312500023
-66.06840820312502 18.42802734374999
-66.09267578125 18.46899414062497
-66.07041015624998 18.46899414062497
-65.878759765625 18.44384765625
-65.75556640624995 18.401611328125
-65.62880859375 18.38139648437499
-65.62084960937497 18.242333984374994
-65.71840820312502 18.186669921875023
-65.78222656249997 18.128613281249983
-65.834130859375 18.057324218749955
-65.97080078125003 17.974365234375
-66.135498046875 17.949462890625
-66.24501953125002 17.947265625
-66.285888671875 17.949951171875
-66.32578124999995 17.964160156250074
-66.40854492187503 17.950585937499966
-66.51079101562499 17.98701171875001
-66.59843749999999 17.977880859375006
-66.77241210937501 17.986572265625
-66.83759765624995 17.955078125
-66.9 17.94790039062505
-66.96123046875002 17.953759765624994
-67.01333007812497 17.967871093750034
-67.14238281249996 17.966699218749966
-67.196875 17.994189453125045
-67.17431640625 18.152539062499983
-67.17246093749998 18.224218750000034
-67.20415039062502 18.28339843750001
-67.23896484375001 18.320654296875034
-67.26406249999997 18.364599609375034
-67.21337890624994 18.39360351562499
-67.17177734375 18.43579101562497
-67.15864257812498 18.49921875000001
-67.11303710937503 18.514794921874966
-67.05961914062499 18.522167968749983
-66.812890625 18.492529296874977
-66.18857421874998 18.47578125000001
-66.15307617187503 18.470654296874955
-66.12939453125 18.444921875000034

