51.178027343750045 24.586718750000017
51.09335937500009 24.564648437499983
51.02275390624999 24.56523437499999
50.96601562500007 24.573925781249983
50.928320312500034 24.595117187499966
50.85566406250018 24.679638671874955
50.80439453125001 24.789257812499983
50.83593750000006 24.850390625000017
50.846777343750034 24.888574218749966
50.77734375 25.17744140625001
50.75458984375001 25.399267578125006
50.76289062500001 25.444726562500023
50.80263671875002 25.49707031250003
50.86865234375006 25.612695312499966
50.90380859375 25.72407226562501
51.003125 25.98144531250003
51.10810546875007 26.08056640624997
51.262304687500034 26.153271484374955
51.38906250000002 26.011132812499966
51.543066406250034 25.902392578125017
51.57226562500006 25.78100585937497
51.526953125000034 25.68212890625
51.4853515625 25.52470703124999
51.51025390625 25.452343749999983
51.51953125000006 25.389746093750034
51.56142578125008 25.284472656250074
51.60195312500008 25.14794921874997
51.60888671875006 25.052880859374966
51.5869140625 24.96484374999997
51.53339843750001 24.890869140625
51.42792968750001 24.668261718750017
51.396484375 24.645117187500034
51.267968750000136 24.607226562500017

