20.301367187500034 46.05068359375005
20.358593750000068 45.975488281249994
20.43798828125 45.940771484375034
20.53261718750008 45.89951171874998
20.581152343750034 45.86948242187498
20.65273437500005 45.779394531250034
20.709277343750017 45.735253906249994
20.727832031250074 45.737402343750006
20.746875 45.748974609374955
20.76015625000008 45.758105468750045
20.775 45.749804687500045
20.77578125000005 45.72250976562498
20.77929687499997 45.662011718749994
20.765820312500068 45.59746093749999
20.786035156250023 45.536474609375006
20.786523437500023 45.51748046875005
20.7724609375 45.50009765625006
20.774218750000017 45.48442382812496
20.794042968750063 45.46787109374998
20.870800781250068 45.42753906250002
20.94179687500005 45.365332031250034
21.02382812500005 45.321533203125
21.099902343750017 45.29355468749998
21.147851562500023 45.29174804687497
21.22646484375005 45.241308593750006
21.38173828125005 45.205078125
21.431445312500045 45.19252929687502
21.465429687500063 45.171875
21.490234375000057 45.14790039062498
21.491796875 45.12226562499998
21.467871093750006 45.10986328125006
21.43447265625005 45.07514648437498
21.42070312499999 45.032958984375
21.395898437500023 45.02221679687503
21.37109375000003 45.021386718749966
21.35292968750005 45.00898437500001
21.35703125 44.99077148437502
21.377734375000045 44.9734375
21.409960937500045 44.957714843749955
21.471972656250045 44.941992187500034
21.533203125 44.91884765625002
21.532324218750006 44.90068359374996
21.51992187500005 44.88081054687501
21.442187500000017 44.873388671875006
21.384375 44.870068359374955
21.35791015625 44.86181640625006
21.360058593749983 44.82666015625
21.52314453125001 44.79008789062499
21.59707031250005 44.75541992187496
21.636132812500023 44.71044921875003
21.740234375 44.6806640625
21.909277343750063 44.66611328125006
22.026953125000063 44.61987304687506
22.093066406250017 44.54194335937498
22.200976562500074 44.560693359374994
22.350683593750006 44.67612304687506
22.497656250000034 44.70625
22.642089843750057 44.650976562500006
22.72089843750004 44.60551757812496
22.734375 44.569921875
22.70078125 44.555517578125006
22.62011718750003 44.56235351562506
22.554003906250045 44.54033203125002
22.50234375 44.48959960937498
22.494531250000023 44.435449218749966
22.53066406250008 44.37797851562499
22.581835937500045 44.33833007812498
22.64794921875 44.31645507812496
22.68330078125001 44.28647460937498
22.68789062500005 44.24829101562503
22.705078125 44.23779296875003
22.66748046874997 44.22021484375
22.6265625 44.194091796875
22.60341796875008 44.148583984374966
22.597460937500017 44.075292968750034
22.469042968750045 44.01801757812501
22.42080078125008 44.00742187499998
22.399023437500006 43.96953124999999
22.36542968750001 43.862109375000045
22.369628906250057 43.78129882812502
22.38691406250001 43.740136718749966
22.394824218750045 43.70664062499998
22.436328125000045 43.665478515624955
22.47412109375003 43.60224609375004
22.499121093750063 43.51884765625002
22.55458984375008 43.45449218750005
22.69697265625004 43.39106445312501
22.76757812500003 43.35415039062502
22.819726562499994 43.30073242187498
22.85957031250004 43.25234375
22.976855468750045 43.18798828125003
22.96796875000001 43.14204101562498
22.942285156250023 43.097070312499966
22.91523437500001 43.07597656250002
22.856835937500023 43.01826171874998
22.799902343750063 42.98574218750002
22.706152343750034 42.883935546874966
22.55810546875 42.87846679687502
22.522753906250074 42.870312499999955
22.466796875000057 42.84248046874998
22.439257812500017 42.791650390624994
22.465625 42.75078125000002
22.46328125000005 42.70947265625006
22.43623046875004 42.62910156250001
22.47207031250005 42.543310546875034
22.524218750000017 42.50390625
22.53242187500001 42.481201171875
22.523535156250063 42.44096679687496
22.445703125000023 42.359130859375
22.422070312499983 42.32885742187506
22.344042968750074 42.31396484375003
22.31738281249997 42.32172851562501
22.27705078125001 42.34985351562497
22.239746093750057 42.35815429687497
22.14667968750001 42.325
22.052050781250017 42.30463867187501
21.97753906250003 42.32006835937503
21.904101562500074 42.32207031249999
21.853027343750057 42.30839843749996
21.814648437500068 42.303125
21.739257812500057 42.26772460937502
21.618261718750006 42.242138671874955
21.5625 42.24750976562498
21.541601562500034 42.28081054687502
21.518945312500023 42.32841796874996
21.529980468750068 42.35
21.60986328125 42.387451171875
21.61904296875008 42.423242187499994
21.73066406250001 42.595458984375
21.75214843750001 42.651513671874966
21.7529296875 42.669824218749966
21.72382812500004 42.681982421875034
21.6625 42.681494140625034
21.390625 42.75141601562498
21.40302734375004 42.83154296875006
21.323144531250023 42.874707031249955
21.237109375000074 42.913232421874994
21.222656250000057 42.95620117187505
21.127050781250034 43.04301757812496
21.05703125000008 43.09169921875002
20.96767578125008 43.11601562500002
20.890722656250034 43.15166015624999
20.84443359375001 43.17343749999998
20.823828125 43.21396484374998
20.823828125 43.237939453124966
20.800585937500045 43.26108398437498
20.76337890625001 43.25859375000002
20.700585937500023 43.22636718750002
20.623144531250063 43.198632812499966
20.609667968750074 43.17841796875001
20.63759765625008 43.13037109375
20.65761718750005 43.099853515625
20.648535156249977 43.070947265624966
20.624023437500057 43.03417968750003
20.47509765625 42.95302734375002
20.45839843750005 42.924560546875
20.48681640625 42.879052734374966
20.468847656250063 42.85791015625
20.344335937500006 42.82792968750002
20.347656250000057 42.85278320312503
20.339941406250006 42.89287109375002
20.268457031249994 42.935449218749994
20.167871093750023 42.96850585937497
19.944042968749983 43.081640625000034
19.858007812500063 43.096533203125034
19.781152343750023 43.109765624999966
19.670996093750063 43.163964843749994
19.614453124999983 43.17343749999998
19.551562500000045 43.21225585937498
19.414648437500063 43.34282226562502
19.29824218750005 43.41396484375005
19.21875 43.449951171875
19.19648437500001 43.48500976562505
19.19160156250001 43.52104492187502
19.19433593750003 43.533300781250034
19.254492187500034 43.584375
19.30078125000003 43.59179687500003
19.3603515625 43.59345703125001
19.39960937500001 43.56757812499998
19.451269531250063 43.56206054687502
19.47998046875003 43.59516601562501
19.49511718750003 43.64287109374996
19.488183593750023 43.70356445312498
19.364062500000045 43.84477539062496
19.25722656250005 43.94331054687498
19.24501953125005 43.965039062499955
19.26806640625003 43.98344726562499
19.305273437500063 43.993359374999955
19.34521484375003 43.98510742187497
19.44941406250004 43.97802734375003
19.549511718749983 43.98710937500002
19.58369140625004 44.011083984375006
19.583789062500045 44.04345703125003
19.547167968750045 44.07348632812503
19.43017578125003 44.15449218750001
19.33886718749997 44.22583007812497
19.231542968750063 44.28056640625002
19.15185546874997 44.30253906249996
19.12832031250008 44.33027343750004
19.118457031250017 44.359960937500034
19.12734375000005 44.41455078124997
19.132421875000034 44.48378906250005
19.151367187500057 44.52734375000003
19.22314453125003 44.60957031249998
19.291894531249994 44.69677734375
19.334472656250057 44.78066406250002
19.356835937499994 44.858544921874994
19.34863281250003 44.88090820312502
19.312695312500068 44.89746093750003
19.236816406250057 44.91425781249998
19.13154296875001 44.89960937500001
19.042089843750006 44.87133789062503
19.007128906250074 44.86918945312496
18.995507812500023 44.90400390625004
19.009570312500045 44.919384765624955
19.03759765624997 44.91752929687502
19.06054687500003 44.910986328125034
19.085253906250017 44.92675781250006
19.1 44.97377929687502
19.06289062500008 45.13720703125003
19.12968749999999 45.151708984375034
19.13076171875005 45.17548828125001
19.13691406250004 45.196240234374955
19.20595703125008 45.16777343750002
19.303027343750045 45.16728515625002
19.38808593750005 45.17299804687502
19.400976562500034 45.1890625
19.4 45.2125
19.38232421875003 45.230615234374966
19.35224609375004 45.24541015624996
19.33027343750001 45.26806640625003
19.272851562500023 45.27797851562502
19.09306640624999 45.33691406250003
19.004687500000017 45.39951171874998
19.00761718749999 45.4658203125
19.033300781249977 45.50219726562503
19.064257812500074 45.51499023437498
19.05507812500008 45.527246093749994
18.953710937500034 45.55800781250005
18.917871093750023 45.60083007812497
18.947265625000057 45.65581054687499
18.894531250000057 45.76708984375
18.83906250000004 45.83574218749996
18.89355468750003 45.86552734374999
18.90107421875004 45.90761718750002
18.905371093750034 45.93173828124998
18.927832031250006 45.931396484375
19.015722656250063 45.959716796875
19.047656250000074 45.98266601562506
19.066210937500045 46.009521484375
19.08730468750008 46.01616210937502
19.146289062500017 45.987011718749955
19.20839843750005 45.98442382812496
19.278125 46.00288085937498
19.33027343750001 46.02851562499998
19.392871093750045 46.04980468750006
19.42128906250008 46.064453125
19.45751953125 46.087353515624955
19.53076171875 46.15517578125002
19.613476562500068 46.16918945312503
19.724511718750023 46.15190429687496
19.84443359375004 46.145898437499994
19.93408203125 46.16147460937506
20.161425781250045 46.14189453124999
20.21015625000004 46.12602539062502
20.241796874999977 46.10859375000004

