18.622167968749977 3.304052734374991
18.54707031250004 3.087011718750006
18.490917968750068 2.924414062500006
18.34345703125004 2.655419921875009
18.21162109375001 2.414941406250051
18.072167968750023 2.01328125000002
18.072851562499977 1.719384765625009
18.05781250000004 1.534863281249983
18.011718750000057 1.422119140625014
17.902441406250006 1.11806640624998
17.885742187500057 0.856884765624969
17.925195312500023 0.537304687499969
17.8876953125 0.234130859375028
17.77314453125004 -0.052392578124994
17.72412109375 -0.27753906250004
17.75283203125008 -0.549023437500011
17.542871093750023 -0.775
17.278808593750057 -0.999609374999963
17.107617187500068 -1.064453125000028
16.974707031250006 -1.13994140624996
16.87988281250003 -1.225878906249974
16.84912109375 -1.272460937499957
16.780078125000045 -1.37636718749998
16.62246093750008 -1.698925781249969
16.54072265625004 -1.84013671874996
16.43359374999997 -1.960839843750037
16.273925781250057 -2.10820312499996
16.21533203125 -2.17783203125002
16.191601562500068 -2.27910156249996
16.20185546875001 -2.464746093750023
16.217382812499977 -3.030273437499957
16.190625 -3.194433593750006
16.146777343750074 -3.464160156249974
15.990039062500045 -3.766210937499963
15.872460937500051 -3.934277343750011
15.75458984375004 -3.985546874999969
15.60009765625 -4.030957031249983
15.525976562500006 -4.087988281249963
15.480957031250057 -4.17177734374998
15.394628906250063 -4.24492187499996
15.267187500000034 -4.307617187499943
15.10625 -4.461035156250034
14.912109375 -4.705566406250014
14.779296875000028 -4.845703124999972
14.707910156250051 -4.881738281250023
14.633984374999983 -4.885058593749989
14.557617187500057 -4.855761718749974
14.493945312500074 -4.851660156250034
14.46162109375004 -4.864941406249983
14.44091796875 -4.854101562499991
14.410742187499977 -4.83125
14.411914062500045 -4.775
14.402929687500006 -4.681640625000028
14.365429687499983 -4.58554687499999
14.409960937500017 -4.508105468750031
14.449804687500034 -4.449511718749989
14.442773437500023 -4.419042968750006
14.402929687500006 -4.369726562499991
14.358300781250051 -4.299414062499963
14.316210937499989 -4.304101562500037
14.227050781250057 -4.358105468750026
14.133886718750063 -4.4
14.046875 -4.417480468749943
13.978417968750023 -4.461230468749974
13.940917968750028 -4.48466796874996
13.882324218749972 -4.48466796874996
13.849511718750051 -4.458886718750037
13.77802734375004 -4.433886718750003
13.739062500000017 -4.442480468749977
13.717089843750074 -4.454492187500023
13.707617187500006 -4.543261718749989
13.699414062500011 -4.618359375000011
13.685351562499989 -4.68867187500004
13.65957031250008 -4.721484374999974
13.551660156250023 -4.756738281249966
13.478417968750023 -4.804980468750017
13.414941406250051 -4.837402343749972
13.375781250000074 -4.829394531250017
13.29726562500008 -4.765234375
13.219628906250051 -4.705859374999989
13.176464843750068 -4.65585937500002
13.152343750000028 -4.620312499999969
13.136621093750023 -4.604296874999989
13.087402343750028 -4.601953124999966
13.072753906249972 -4.634765624999986
13.048046875000011 -4.61923828125002
12.97138671875004 -4.551757812499943
12.881054687500011 -4.445117187499989
12.848144531250057 -4.428906249999969
12.798242187500023 -4.430566406250037
12.71943359375004 -4.469726562500028
12.641699218750006 -4.531152343750009
12.501464843750028 -4.5875
12.384570312500017 -4.619140625
12.3740234375 -4.657714843749957
12.346679687500028 -4.724121093749986
12.307910156250045 -4.76552734374998
12.204296875000068 -4.778613281249974
12.167089843750034 -4.837695312500031
12.077539062499994 -4.952148437499986
12.018359375000017 -5.004296875000037
12.002734375000045 -4.982031250000034
11.966796875 -4.954394531250003
11.89326171875004 -4.865722656249957
11.82070312500008 -4.755468749999977
11.801269531250028 -4.705175781250034
11.780859375000034 -4.676562499999974
11.777539062499983 -4.565820312499966
11.668066406250063 -4.434277343749997
11.393847656250074 -4.20029296875002
11.36445312500004 -4.130566406250026
11.130175781249989 -3.916308593749989
11.190039062500034 -3.762011718749989
11.234472656250034 -3.690820312499966
11.288281250000068 -3.641113281249972
11.504296875000023 -3.5203125
11.536816406250068 -3.525
11.68574218750004 -3.682031250000037
11.733398437500057 -3.694531250000011
11.786425781250017 -3.690234375000031
11.84912109375 -3.696679687500009
11.879882812500057 -3.665917968749952
11.884765625 -3.625390624999966
11.839453125 -3.580078124999972
11.83291015625008 -3.531445312500011
11.86474609375 -3.478613281249991
11.882812500000028 -3.420214843749989
11.929296875 -3.350976562500009
11.934179687500006 -3.318554687499983
11.885058593750045 -3.283203124999972
11.784375 -3.229101562499963
11.715429687500034 -3.176953125
11.6890625 -3.126953125000028
11.708007812500028 -3.063085937499977
11.763476562500045 -3.011230468749986
11.76015625 -2.983105468750026
11.71132812499999 -2.936523437499957
11.675683593750023 -2.886621093749994
11.639062500000023 -2.855371093750023
11.537792968750011 -2.83671875
11.557128906250028 -2.769628906249963
11.594531250000017 -2.670996093750034
11.603417968750051 -2.595410156249997
11.575195312499972 -2.397070312500006
11.577734375000063 -2.36093750000002
11.605468750000028 -2.342578125
11.66591796875008 -2.36455078124996
11.72675781250004 -2.394726562499969
11.892382812500017 -2.351464843750037
11.950292968750006 -2.34482421875002
11.998242187500011 -2.382812500000028
12.064453125 -2.412597656249972
12.446386718750006 -2.329980468750023
12.453808593750011 -2.245605468749972
12.475683593750034 -2.16923828124996
12.478515624999972 -2.112011718750026
12.462597656250011 -2.075292968750006
12.44375 -2.04755859375004
12.432421875000017 -1.990332031250006
12.432128906250028 -1.928906250000026
12.468652343750023 -1.9
12.590429687500034 -1.826855468750011
12.628417968750057 -1.829589843749943
12.713671875000017 -1.869433593749989
12.793554687500034 -1.931835937499997
12.864453125000011 -2.063281249999946
12.913574218750057 -2.176269531249972
12.991992187500045 -2.313378906250009
13.158593750000051 -2.369140625
13.357324218750051 -2.404785156249986
13.464941406250034 -2.395410156250023
13.61855468750008 -2.278613281250031
13.705566406250028 -2.1875
13.733789062499994 -2.138476562499989
13.784375 -2.163769531249997
13.841601562500045 -2.28369140625
13.878515625 -2.330175781249963
13.8876953125 -2.374511718750028
13.861816406250057 -2.429882812500026
13.88691406250004 -2.465429687499991
13.99384765625004 -2.490625
14.087402343750028 -2.46689453125002
14.129785156250023 -2.41796875
14.199804687500006 -2.354199218749983
14.20039062500004 -2.300585937499974
14.162890625000017 -2.265527343750037
14.162890625000017 -2.217578125000031
14.201757812500034 -2.179882812499997
14.239648437500023 -2.076757812500034
14.251464843750057 -2.001464843749972
14.288378906250017 -1.953515624999966
14.358593750000011 -1.920214843750031
14.38398437500004 -1.890039062500009
14.423242187500051 -1.711523437499963
14.402929687500006 -1.646972656249957
14.402929687500006 -1.593359374999963
14.447265625000057 -1.525097656249997
14.455566406250057 -1.41318359375002
14.43691406250008 -1.22978515624996
14.42402343750004 -1.10390625
14.410644531250057 -0.972070312500037
14.444921875000034 -0.798828125000014
14.480566406250006 -0.618359375000011
14.474121093750028 -0.573437500000011
14.42470703125008 -0.518652343750034
14.36376953125 -0.46855468749996
14.206738281249983 -0.42734375
14.14833984375008 -0.361914062499991
14.102832031250045 -0.292382812500037
14.069433593750006 -0.270117187500034
13.898046874999977 -0.242578125000023
13.860058593750068 -0.203320312500011
13.87548828125 -0.090820312500014
13.890625 0.075292968749991
13.884570312500074 0.190820312499994
13.915136718750006 0.28398437499996
13.949609375000023 0.353808593749974
14.025292968750051 0.427734375000028
14.065527343750006 0.514990234375048
14.0875 0.536572265624997
14.230957031250028 0.551123046875034
14.283105468749994 0.587451171874974
14.324218750000028 0.62421875
14.341503906250011 0.673828124999986
14.390625 0.755712890624963
14.434472656250023 0.811474609375054
14.439160156250011 0.849121093749986
14.429882812500068 0.901464843749991
14.386425781250011 1.004443359375017
14.33447265625 1.09023437499999
14.303027343750074 1.120849609375014
14.239746093750057 1.322558593749989
14.18085937500004 1.37021484375002
14.066210937500045 1.395898437500009
13.851367187500074 1.41875
13.721191406250028 1.382275390624983
13.523339843750023 1.314599609374966
13.372363281250017 1.267773437500011
13.274121093750068 1.241015624999989
13.21630859375 1.2484375
13.190136718750011 1.27924804687504
13.228320312500045 1.305419921875043
13.247363281250017 1.366699218750014
13.222753906249977 1.454589843749972
13.184570312500028 1.535058593750023
13.162695312500006 1.648095703124966
13.172167968750074 1.788574218749986
13.209472656250028 1.920410156250014
13.288671875 2.091699218750009
13.293554687500034 2.161572265625026
13.533496093750045 2.159521484374963
13.772753906250045 2.157421874999983
14.034375 2.158886718750011
14.287011718749994 2.160351562500054
14.484082031250011 2.154736328124969
14.578906250000045 2.199121093750037
14.66914062500004 2.132080078124972
14.71328125000008 2.11713867187504
14.728320312500017 2.122412109374963
14.76289062500004 2.075195312500014
14.875 2.080468750000023
14.89277343750004 2.069335937499986
14.902441406250063 2.012304687499991
15.006445312500034 2.013769531250034
15.057812500000011 2.00087890624998
15.099609375 2.00234375
15.160058593750051 2.03559570312504
15.203515625000023 2.024462890624989
15.282421875000011 1.981738281249989
15.338769531250051 1.944726562499994
15.41748046875 1.95673828125004
15.60029296875004 1.950390625
15.741601562500051 1.914990234374983
15.881640625000074 1.816601562500011
15.975195312500034 1.760009765625028
16.059375 1.676220703125011
16.09033203125003 1.691259765624963
16.119531250000023 1.714111328125
16.13613281250005 1.72421875000002
16.134960937500068 1.795947265624974
16.08789062499997 1.918066406249977
16.069628906250074 2.02167968750004
16.080078125 2.106787109374977
16.115722656250057 2.167822265624977
16.176562500000017 2.20478515625004
16.1826171875 2.262451171874972
16.183398437500074 2.270068359375017
16.251757812500074 2.406787109374989
16.319628906250045 2.542773437499974
16.40126953125005 2.701025390624977
16.46855468749999 2.831738281250054
16.459570312500034 2.896533203125017
16.46621093750005 2.993212890624989
16.480078125000034 3.100976562500009
16.476757812500068 3.16513671875002
16.49628906250004 3.208837890624963
16.543066406249977 3.36953125
16.570410156250063 3.463085937499969
16.610742187500023 3.505371093749972
16.673339843750057 3.535205078125017
16.76435546875004 3.536279296874966
17.002539062500063 3.556689453125031
17.224707031250034 3.598437500000017
17.298437500000034 3.617187500000014
17.437988281250057 3.684619140624989
17.49160156250005 3.687304687500003
17.537695312500034 3.661621093750014
17.80664062500003 3.58417968750004
17.88037109375003 3.553857421874994
17.90712890625005 3.558398437500031
17.94794921875004 3.551757812500014
18.01074218750003 3.550830078125003
18.072265625000057 3.560302734374972
18.111328125 3.55107421874996
18.160937500000074 3.499804687499989
18.193945312500063 3.505419921874989
18.237109375000045 3.542675781250026
18.318164062500045 3.580810546874972
18.474414062500074 3.62299804687504
18.499804687500017 3.60410156250002
18.553808593750006 3.510205078124983
18.610351562500057 3.478417968749994

