28.317675781250188 45.34711914062515
28.45126953125012 45.29218750000015
28.760742187500114 45.23413085937506
28.788281250000125 45.24096679687503
28.791406250000136 45.251904296875125
28.769824218750102 45.266894531250074
28.766601562500057 45.28623046875009
28.781738281250142 45.3098632812501
28.82431640625009 45.3110839843751
28.89433593750016 45.28994140625005
29.02744140625009 45.32055664062506
29.22353515625025 45.40292968749998
29.40371093750008 45.419677734375114
29.567675781250102 45.3708007812501
29.651953125000148 45.313916015625125
29.705859375000216 45.259912109375136
29.689062500000034 45.19321289062498
29.67861328125008 45.151660156250045
29.635351562500034 44.979638671874994
29.60546875 44.915478515624955
29.55751953125008 44.84340820312502
29.04824218750008 44.75756835937503
29.0810546875 44.798828125
29.069140625000074 44.87114257812499
29.04775390625005 44.925683593749994
29.095312500000063 44.97504882812501
28.980664062500068 44.99291992187503
28.93056640625008 44.9658203125
28.891503906250023 44.91865234374998
28.92617187500008 44.81000976562498
28.870410156250074 44.74995117187498
28.84902343750008 44.71630859374997
28.84648437499999 44.636865234374966
28.813574218750034 44.60249023437498
28.80703125000005 44.56503906249998
28.888183593750057 44.57475585937502
28.85175781250001 44.50610351562497
28.69921875000003 44.37421875000001
28.64541015625008 44.295654296875
28.65859375 43.98383789062498
28.590722656250023 43.79741210937502
28.585351562499994 43.74223632812496
28.423437500000063 43.74047851562503
28.375195312499983 43.74477539062502
28.221972656250045 43.772851562499966
28.05 43.82241210937502
27.94892578125001 43.918603515624994
27.88427734375 43.98735351562499
27.738574218750074 43.95629882812506
27.710742187500074 43.96459960937506
27.67089843750003 43.99780273437497
27.56103515625003 44.02006835937499
27.425390625000034 44.02050781249997
27.120703125000034 44.146142578124994
27.0869140625 44.167382812499966
26.847753906250034 44.14619140625001
26.4892578125 44.08398437500003
26.2158203125 44.007275390624955
25.933398437500017 43.87055664062498
25.81884765625003 43.766845703125
25.686132812499977 43.71176757812506
25.49707031250003 43.670800781249966
25.15966796875003 43.68632812500002
24.808203125 43.738427734374966
24.43056640625008 43.79438476562501
24.22675781250004 43.76347656250002
23.950781250000034 43.786669921875045
23.53457031250005 43.85356445312499
23.224609375000057 43.873876953125034
22.919042968749977 43.83447265625
22.86767578125 43.86455078125002
22.85644531250003 43.899023437500006
22.868261718750034 43.94790039062502
22.91132812500001 43.98720703125002
22.9853515625 44.016992187499966
23.024414062500057 44.047216796875006
23.028515624999983 44.07797851562506
22.945410156250034 44.12729492187498
22.775195312500074 44.19521484375005
22.705078125 44.23779296875003
22.68789062500005 44.24829101562503
22.68330078125001 44.28647460937498
22.64794921875 44.31645507812496
22.581835937500045 44.33833007812498
22.53066406250008 44.37797851562499
22.494531250000023 44.435449218749966
22.50234375 44.48959960937498
22.554003906250045 44.54033203125002
22.62011718750003 44.56235351562506
22.70078125 44.555517578125006
22.734375 44.569921875
22.72089843750004 44.60551757812496
22.642089843750057 44.650976562500006
22.497656250000034 44.70625
22.350683593750006 44.67612304687506
22.200976562500074 44.560693359374994
22.093066406250017 44.54194335937498
22.026953125000063 44.61987304687506
21.909277343750063 44.66611328125006
21.740234375 44.6806640625
21.636132812500023 44.71044921875003
21.59707031250005 44.75541992187496
21.52314453125001 44.79008789062499
21.360058593749983 44.82666015625
21.35791015625 44.86181640625006
21.384375 44.870068359374955
21.442187500000017 44.873388671875006
21.51992187500005 44.88081054687501
21.532324218750006 44.90068359374996
21.533203125 44.91884765625002
21.471972656250045 44.941992187500034
21.409960937500045 44.957714843749955
21.377734375000045 44.9734375
21.35703125 44.99077148437502
21.35292968750005 45.00898437500001
21.37109375000003 45.021386718749966
21.395898437500023 45.02221679687503
21.42070312499999 45.032958984375
21.43447265625005 45.07514648437498
21.467871093750006 45.10986328125006
21.491796875 45.12226562499998
21.490234375000057 45.14790039062498
21.465429687500063 45.171875
21.431445312500045 45.19252929687502
21.38173828125005 45.205078125
21.22646484375005 45.241308593750006
21.147851562500023 45.29174804687497
21.099902343750017 45.29355468749998
21.02382812500005 45.321533203125
20.94179687500005 45.365332031250034
20.870800781250068 45.42753906250002
20.794042968750063 45.46787109374998
20.774218750000017 45.48442382812496
20.7724609375 45.50009765625006
20.786523437500023 45.51748046875005
20.786035156250023 45.536474609375006
20.765820312500068 45.59746093749999
20.77929687499997 45.662011718749994
20.77578125000005 45.72250976562498
20.775 45.749804687500045
20.76015625000008 45.758105468750045
20.746875 45.748974609374955
20.727832031250074 45.737402343750006
20.709277343750017 45.735253906249994
20.65273437500005 45.779394531250034
20.581152343750034 45.86948242187498
20.53261718750008 45.89951171874998
20.43798828125 45.940771484375034
20.358593750000068 45.975488281249994
20.301367187500034 46.05068359375005
20.241796874999977 46.10859375000004
20.280957031250068 46.13300781250004
20.508105468750074 46.16694335937501
20.61367187500008 46.133496093749955
20.66103515625005 46.14565429687502
20.70742187500008 46.172802734374955
20.732714843750074 46.194433593750034
20.737402343750063 46.21748046875001
20.76025390625 46.246240234374994
20.837011718750006 46.25971679687501
21.039843750000045 46.24223632812499
21.121679687500006 46.28242187500001
21.151953125000063 46.30434570312502
21.17041015625 46.35268554687502
21.19179687500008 46.39155273437504
21.26455078125008 46.41230468750001
21.26328125 46.44775390625003
21.252246093750045 46.48637695312499
21.294531250000063 46.57246093750004
21.32021484375005 46.60781250000005
21.36132812499997 46.62075195312502
21.41103515625008 46.64785156250002
21.49707031250003 46.70429687499998
21.47705078125003 46.75336914062504
21.494433593750017 46.78974609374998
21.58417968750001 46.87836914062501
21.65263671874999 46.963769531249994
21.651464843750034 47.00654296875001
21.661425781250017 47.04389648437498
21.721777343750063 47.08481445312506
21.785449218750045 47.13813476562498
21.86933593750001 47.304589843749966
21.899218750000045 47.33256835937499
21.954296874999983 47.36425781250006
21.99531250000001 47.39570312499998
21.99970703125001 47.50502929687505
22.03798828125008 47.53662109375
22.111914062500034 47.572021484375
22.18505859375003 47.629052734374994
22.24462890625 47.696386718750034
22.290625 47.72783203124996
22.35146484375008 47.736230468749966
22.41748046875003 47.76264648437504
22.491406249999983 47.772558593750006
22.56289062500008 47.75957031250002
22.60839843750003 47.76630859374998
22.6767578125 47.79902343749998
22.85175781250004 47.92255859375001
22.876660156250153 47.947265625000085
22.91289062500016 47.96425781250008
23.05478515625012 48.00654296875015
23.090820312500085 48.04912109375013
23.13945312500013 48.087402343750114
23.202636718750114 48.084521484375045
23.408203125000085 47.989990234375085
23.62871093750016 47.995849609375114
23.66904296875009 47.99233398437511
23.682031250000165 47.99038085937505
23.708984375000057 47.98261718750007
24.001855468750136 47.93579101562514
24.047363281250085 47.94101562500012
24.059765625000125 47.94477539062501
24.177734375000085 47.9060546875001
24.281933593750097 47.9111816406251
24.38095703125009 47.938037109375045
24.484082031250153 47.94711914062512
24.578906250000102 47.93105468750005
24.650976562500034 47.87651367187513
24.837890625000114 47.76083984375012
24.89335937500013 47.717773437500114
24.97910156250009 47.72412109375
25.073828125000034 47.74570312500012
25.169628906250097 47.82309570312509
25.464257812500165 47.91079101562511
25.689257812500102 47.93247070312509
25.908691406250114 47.967578125000045
26.16269531250009 47.99252929687515
26.236230468750136 48.064355468750136
26.27695312500009 48.11323242187504
26.305664062500085 48.20375976562511
26.442382812500142 48.229980468750114
26.572460937500068 48.24848632812507
26.61894531250013 48.25986328125006
26.713769531249994 48.26347656250002
26.787304687500068 48.255810546874955
26.900976562500034 48.21113281250001
26.980761718750045 48.15502929687503
27.012207031250057 48.11049804687502
27.08037109374999 48.04765625000002
27.15205078125004 47.959277343750045
27.230859375000023 47.84174804687498
27.248144531250063 47.78222656250003
27.277929687500006 47.71796874999998
27.33691406250003 47.639746093750034
27.44921875 47.553125
27.46484374999997 47.53666992187499
27.515820312500068 47.47563476562499
27.614062500000017 47.34052734375001
27.69619140625005 47.28642578124999
27.767968750000023 47.22758789062502
27.80234375 47.168310546875006
27.85380859374999 47.11450195312497
27.97421875 47.043212890625
28.07177734375 46.97841796875005
28.15 46.792089843750006
28.204687499999977 46.70639648437506
28.23945312500004 46.64082031250001
28.22265625 46.50805664062497
28.244335937500068 46.451269531250034
28.199609375000023 46.34755859375005
28.119140625000057 46.13867187500003
28.099707031250006 45.972607421874955
28.113574218750074 45.883056640625
28.115527343750017 45.825537109375006
28.134960937499983 45.78886718749999
28.15625 45.71308593750001
28.159765624999977 45.647119140624994
28.130859375000057 45.62827148437506
28.090332031250057 45.61274414062501
28.074707031250057 45.598974609375034
28.111914062500006 45.56914062499999
28.1625 45.513769531250006
28.2125 45.45043945312506

