30.477050781250114 -1.0830078125
30.470214843750057 -1.131152343750031
30.508105468750045 -1.208203125000011
30.631933593750034 -1.367480468749946
30.71074218749999 -1.396777343749974
30.762207031250114 -1.458691406249969
30.81259765625009 -1.563085937500006
30.827539062500023 -1.69365234374996
30.806738281250034 -1.850683593749977
30.819140625000045 -1.967480468749969
30.864648437500023 -2.044042968750034
30.876562500000034 -2.143359375000017
30.854980468750114 -2.265429687500017
30.82871093750009 -2.338476562499977
30.79765625000016 -2.362695312500023
30.762500000000102 -2.371679687499991
30.714843750000057 -2.363476562499997
30.656640625000023 -2.373828124999974
30.59335937500009 -2.396777343750031
30.55361328125008 -2.400097656249997
30.52890625000009 -2.395605468749977
30.48222656249999 -2.376074218749991
30.40849609374999 -2.312988281250014
30.270996093750057 -2.347851562500011
30.233789062500023 -2.347070312500037
30.18330078125001 -2.37705078125002
30.14228515625001 -2.41396484374998
30.11728515625009 -2.416601562499991
30.091894531250034 -2.411523437500023
29.97343749999999 -2.337109374999955
29.930175781250057 -2.339550781250011
29.91240234374999 -2.548632812499974
29.892578125000057 -2.664648437499991
29.868164062500057 -2.716406249999963
29.78339843750001 -2.766406250000017
29.698046875000045 -2.794726562500017
29.6513671875 -2.792773437499974
29.46367187499999 -2.80839843749996
29.390234375000034 -2.80859375
29.349804687500068 -2.791503906249986
29.297070312500068 -2.673046875000011
29.197558593750017 -2.620312500000011
29.10205078125003 -2.595703124999972
29.06318359375001 -2.602539062500028
29.028613281250074 -2.664550781249972
29.01435546875001 -2.720214843750028
28.92177734375005 -2.68203125
28.89394531250008 -2.635058593750003
28.89140624999999 -2.555566406249966
28.85761718750004 -2.446679687499994
28.85791637821137 -2.445939502146445
28.910253906250034 -2.432812500000011
28.99453125000005 -2.360058593750011
29.047460937500006 -2.355371093750037
29.07666015625 -2.34492187500004
29.11201171875001 -2.303027343750031
29.148925781250057 -2.277441406249977
29.24013671875008 -2.162011718749994
29.256054687500068 -2.129882812500014
29.283203125000057 -2.094824218749977
29.337988281250034 -2.058300781249997
29.35761718750001 -2.015917968749989
29.28886718749999 -1.86025390624998
29.249414062500023 -1.735839843750028
29.221363135671822 -1.685877438229497
29.268164062500034 -1.621582031250028
29.35166015625009 -1.517578124999972
29.40195312500009 -1.507421875000034
29.467968750000068 -1.468066406250017
29.537792968750068 -1.409765625000034
29.576953125000045 -1.387890625000026
29.609667968750045 -1.387109375000037
29.82539062500001 -1.33554687500002
29.846875 -1.35166015625002
29.881640625000045 -1.451757812499977
29.9 -1.466308593750014
29.930078125000023 -1.46992187500004
29.99052734374999 -1.446972656249983
30.1015625 -1.368652343750014
30.15 -1.32109375
30.20703125 -1.25419921874996
30.27988281250009 -1.178808593749977
30.32050781250001 -1.113085937499989
30.360253906250023 -1.074609374999966
30.412304687500068 -1.06308593750002
30.469921875000068 -1.06601562499999
30.509960937500068 -1.067285156249994

