-62.58242187500002 17.1005859375
-62.624902343749966 17.129589843749955
-62.61528320312496 17.199121093749994
-62.57470703124994 17.201025390625034
-62.53417968749994 17.170117187499955
-62.5322265625 17.121875

-62.656494140625 17.22441406249999
-62.702001953125034 17.286035156250023
-62.775537109374994 17.302832031249977
-62.83891601562496 17.339257812500023
-62.840478515624994 17.347070312500023
-62.83940429687496 17.365332031250006
-62.82705078125002 17.386425781249955
-62.79462890624998 17.40258789062497
-62.713720703125034 17.353271484375057
-62.67578125000003 17.29091796875005
-62.64052734374994 17.262304687499977
-62.63066406249999 17.23999023437497

