-5.78251953124996 -16.004003906250006
-5.775048828124966 -15.956738281249969
-5.707861328124949 -15.906152343749966
-5.6625 -15.912792968749997
-5.659716796874989 -15.970898437500011
-5.692138671874943 -15.997753906249983

-14.398681640625 -7.975781250000026
-14.40869140625 -7.967480468750026
-14.414941406249937 -7.94375
-14.398583984374994 -7.905761718749972
-14.383642578124977 -7.88261718749996
-14.360400390624932 -7.885937500000026
-14.328857421875 -7.912597656250028
-14.30253906249996 -7.93544921874998
-14.316796874999937 -7.95615234375002
-14.364355468749949 -7.974316406249997

