-61.34453125 12.694726562499994
-61.35351562500003 12.69814453124998
-61.35112304687499 12.701171874999972
-61.339746093749966 12.703613281250028
-61.334423828124955 12.710205078125043
-61.33632812499999 12.719042968749974
-61.335839843749966 12.728808593750003
-61.326806640624994 12.734814453124983
-61.31987304687502 12.735449218750034
-61.31679687499999 12.731689453124972
-61.314843749999966 12.72255859374998
-61.32011718749996 12.715527343749969
-61.325927734375 12.709863281249966
-61.328808593749955 12.701123046874969
-61.334375 12.695214843750009

-61.24223632812502 12.983691406249974
-61.23471679687498 12.983691406249974
-61.24223632812502 12.976269531249969
-61.247265624999955 12.983642578124972
-61.25522460937498 12.988183593750009
-61.26533203125001 12.990185546874969
-61.27695312499998 12.989892578124994
-61.27695312499998 12.997363281250003
-61.26206054687495 12.992773437499963
-61.239355468750034 12.997265624999983
-61.23925781250003 13.005371093750043
-61.24594726562495 13.012695312500028
-61.24902343749997 13.017822265625
-61.240625 13.02573242187502
-61.212841796874955 13.043261718750031
-61.201171875 13.052539062499974
-61.19980468749998 13.048730468749994
-61.19931640624998 13.045117187499969
-61.197949218749955 13.041699218749983
-61.19375 13.03828125
-61.20805664062496 13.024707031249989
-61.22622070312502 12.994628906249986

-61.20390625000002 13.14228515625004
-61.277294921874955 13.209570312499991
-61.26845703125002 13.287695312500006
-61.224072265624955 13.330664062499963
-61.18212890625003 13.355957031249972
-61.13896484375002 13.358740234375006
-61.1240234375 13.294042968749963
-61.134521484375 13.202880859375043
-61.17451171874998 13.15810546874998

