-56.17167968749996 46.752832031249994
-56.24326171874998 46.7671875
-56.209179687499955 46.79824218750002
-56.18505859375 46.807275390624994
-56.15263671874999 46.81108398437496
-56.137353515624966 46.80156249999999
-56.139257812500006 46.778662109375034
-56.150732421875034 46.76240234375001

-56.35419921875001 46.795312499999966
-56.38476562500003 46.81943359374998
-56.37724609374999 46.84765624999997
-56.33256835937496 46.91596679687501
-56.333935546874955 46.935644531250034
-56.38691406250001 47.06796875
-56.37792968749994 47.089550781249955
-56.364648437499994 47.098974609375006
-56.28735351562497 47.07099609374998
-56.27836914062502 47.035009765625034
-56.31489257812498 46.95385742187503
-56.28979492187503 46.89990234375003
-56.25546874999998 46.86098632812502
-56.26708984375003 46.838476562500034

