-171.72822265625007 -14.04726562499998
-171.86376953124994 -14.002050781250006
-171.9119140625 -14.001660156250026
-172.02807617187503 -13.906835937499977
-172.04589843750003 -13.857128906249969
-171.98486328125003 -13.824414062499969
-171.85815429687497 -13.80712890625
-171.60390624999997 -13.879199218750031
-171.5654296875 -13.943066406249983
-171.506884765625 -13.94990234375004
-171.46137695312504 -13.977636718750006
-171.44956054687503 -14.0224609375
-171.4541015625 -14.046484375

-172.221533203125 -13.559570312500014
-172.17685546874998 -13.684667968750006
-172.224951171875 -13.804296875000048
-172.330859375 -13.774707031249974
-172.48452148437502 -13.800195312500009
-172.535693359375 -13.791699218750054
-172.6587890625 -13.644824218749974
-172.74409179687498 -13.578710937500006
-172.77851562499998 -13.516796875000011
-172.66962890625 -13.523828125000023
-172.510888671875 -13.4828125
-172.33349609375 -13.46523437499998

