6.556835937499983 0.047363281249986
6.519726562500068 0.066308593750023
6.496972656250051 0.11738281250004
6.468164062500051 0.227343749999974
6.4775390625 0.280126953124977
6.524316406250023 0.340283203124983
6.625878906250023 0.40024414062502
6.686914062500023 0.404394531249977
6.749804687500045 0.325634765625011
6.75 0.243457031249974
6.659960937500045 0.120654296875003

7.386621093750023 1.541552734375017
7.342382812500063 1.563574218749977
7.330664062499977 1.603369140624991
7.387597656250051 1.680175781250014
7.41445312499999 1.699121093749966
7.437011718749972 1.683056640624983
7.45039062500004 1.661962890625034
7.452343749999983 1.631103515624957
7.423828125000057 1.56772460937502

