42.065039062500034 16.710058593750006
42.033203125000114 16.74194335937503
42.02636718749994 16.757666015625034
42.059960937500136 16.803515625000045
42.17041015625 16.708642578124994
42.16718750000007 16.596386718749955
42.15781250000009 16.57070312500005
42.12773437499999 16.594824218749977
42.10839843749994 16.61845703124999
42.10234375000016 16.64394531250005
42.07177734374994 16.671484374999977
41.96416015625016 16.653466796875023
41.897265625000045 16.68427734375001
41.80156250000016 16.778759765624983
41.77607421875001 16.846875
41.81611328125001 16.860156250000045
41.85820312500016 16.892919921875063
41.88496093750018 16.946826171875017
41.86044921875009 17.002539062500006
41.917285156250045 16.99365234374997
41.94794921875007 16.936425781250023
41.953906250000045 16.80625
41.9625 16.778662109375034
41.946679687499966 16.748925781250023
41.987695312499966 16.715625

36.87519531250018 25.383056640625
36.80507812500002 25.450732421875017
36.76386718750007 25.500585937500034
36.722070312499966 25.534033203125006
36.5302734375 25.6015625
36.50429687500002 25.645117187500006
36.533593750000136 25.688720703125
36.554101562500136 25.645361328125063
36.58876953125002 25.61982421875001
36.747558593750114 25.558740234374994
36.92441406250009 25.42553710937503
36.95478515625007 25.414648437500034
36.90166015625016 25.383056640625

36.58613281250018 25.69921875
36.543945312500114 25.734277343749966
36.54648437500009 25.811621093750006
36.58271484375018 25.855517578125045
36.57988281250016 25.79541015624997
36.595605468750136 25.73486328125
36.595507812500045 25.712792968750023

45.05029296875006 29.167089843750063
45.49892578125008 29.13154296875001
45.94970703125006 29.095849609375023
46.35644531250006 29.06367187500004
46.53144531250007 29.096240234375017
46.72480468750007 29.07460937500005
46.98222656249999 29.045654296875
47.138769531250034 29.026171875000045
47.433203125000034 28.989550781250045
47.52128906250016 28.837841796874955
47.55322265625 28.731542968750063
47.583105468750034 28.62797851562499
47.671289062500136 28.533154296874955
47.871972656249966 28.53544921874999
48.049609375000045 28.5375
48.26875000000018 28.54052734375003
48.442480468750034 28.542919921874983
48.498535156250114 28.448876953125023
48.523046875000034 28.35502929687499
48.626367187500136 28.13256835937497
48.773730468750045 27.959082031249977
48.80898437500002 27.895898437499994
48.83281250000016 27.800683593750023
48.807226562500034 27.765283203125023
48.79716796874999 27.72431640625001
48.90644531250018 27.629052734374966
49.0869140625 27.548583984375
49.15751953125016 27.52822265625005
49.23750000000018 27.49272460937499
49.17509765624999 27.437646484374966
49.28154296874999 27.31049804687501
49.4052734375 27.18095703124999
49.537695312500034 27.151757812499994
49.71650390625018 26.95585937499996
49.986132812500045 26.828906250000017
50.149804687499966 26.66264648437499
50.13466796875002 26.659521484374977
50.08662109375018 26.676416015624966
50.02636718749994 26.69921875
50.00810546875016 26.678515625000045
50.01132812500009 26.60878906250005
50.02734375 26.526855468750057
50.11074218750002 26.455957031249994
50.184960937500136 26.404931640624994
50.21386718749994 26.308496093749966
50.15546875000007 26.100537109374955
50.135253906250114 26.100683593750006
50.095996093750045 26.118701171875017
50.05390625000018 26.12285156249999
50.031640624999966 26.110986328124966
50.081054687500114 25.961376953124955
50.130273437499966 25.84663085937501
50.18964843750018 25.755810546874983
50.23896484375001 25.62285156249999
50.281250000000114 25.566113281249983
50.455175781250034 25.42480468749997
50.50849609375007 25.30668945312499
50.55791015625016 25.086669921875
50.666894531249966 24.96381835937501
50.72558593749994 24.86938476562497
50.80439453125001 24.789257812499983
50.85566406250018 24.679638671874955
50.928320312500034 24.595117187499966
50.96601562500007 24.573925781249983
51.02275390624999 24.56523437499999
51.09335937500009 24.564648437499983
51.178027343750045 24.586718750000017
51.267968750000136 24.607226562500017
51.338476562500034 24.564355468749994
51.411230468750034 24.57080078124997
51.418359375000136 24.530957031249955
51.369921875000045 24.476904296875034
51.30986328125016 24.340380859375017
51.39521484375001 24.31884765625
51.47675781250001 24.308203125000034
51.534765625000034 24.28632812500001
51.56835937499994 24.28618164062499
51.56835937499994 24.257910156250006
51.572167968750136 24.128320312499994
51.59257812499999 24.07885742187503
51.629296875000136 24.035009765624977
51.68437500000016 23.969531250000045
51.73935546875009 23.90400390625004
51.794335937499966 23.838476562500006
51.849414062500045 23.77299804687499
51.904394531250034 23.70751953124997
51.95947265624994 23.641992187500023
52.01445312500016 23.57646484374999
52.06943359375009 23.51098632812497
52.124511718750114 23.445458984374966
52.179492187500045 23.379980468750034
52.23457031250007 23.314453125
52.28955078125 23.248974609374983
52.34453124999999 23.183496093749966
52.39960937500001 23.117968750000017
52.454589843750114 23.05244140625001
52.50957031250016 22.986962890624994
52.555078124999966 22.932812499999955
52.63916015625 22.922509765624994
52.66591796875002 22.919287109374977
52.741601562499966 22.910009765625034
52.859277343750136 22.895605468750034
53.01191406250018 22.877001953125045
53.1923828125 22.85493164062501
53.394042968750114 22.83032226562497
53.60957031250007 22.804003906250017
53.83212890625009 22.776806640624983
54.054589843750136 22.749658203124966
54.27011718750009 22.72333984375001
54.471679687500114 22.69873046874997
54.652246093750136 22.676660156249994
54.80488281250001 22.658007812500017
54.92246093750009 22.643652343750034
54.99824218750018 22.634375
55.025 22.631152343750074
55.10429687499999 22.621484374999966
55.11943359375016 22.623925781250023
55.185839843750045 22.7041015625
55.25927734374994 22.590917968750034
55.320117187500045 22.496923828124977
55.403808593750114 22.367822265624966
55.492773437500034 22.23066406250001
55.57773437500009 22.099511718750023
55.641015625000136 22.001855468750023
55.607421875000114 21.900390625000057
55.570800781250114 21.789697265624966
55.534179687500114 21.679003906250074
55.497558593750114 21.568310546874983
55.460937500000114 21.457617187499977
55.424316406250114 21.346923828125
55.387695312500114 21.236230468749994
55.351074218750114 21.125537109375017
55.314453125000114 21.014794921875023
55.277929687500034 20.904101562500017
55.241210937500114 20.793408203124955
55.204589843750114 20.682714843750034
55.168066406250034 20.57202148437497
55.131445312500034 20.461328124999966
55.094726562500114 20.35063476562499
55.058203125000034 20.239941406249983
55.021484375000114 20.129248046875006
54.97734374999999 19.995947265625006
54.871093750000114 19.96049804687499
54.69902343750016 19.903125
54.52705078125018 19.845800781249977
54.35498046874994 19.788476562500023
54.18300781250002 19.731152343749983
54.01093750000001 19.67382812500003
53.83886718749994 19.61650390624999
53.66689453125002 19.559130859375017
53.49482421875001 19.501806640624977
53.32285156250009 19.444482421875023
53.150781250000136 19.387158203124983
52.97871093750007 19.32978515625001
52.80673828125009 19.27246093749997
52.634667968750136 19.215136718750017
52.46269531249999 19.157812499999977
52.290625 19.100488281250023
52.118554687500136 19.043164062499983
51.977636718750034 18.99614257812499
51.74296874999999 18.964550781249955
51.51494140624999 18.933886718750017
51.258398437500034 18.899365234374983
50.95 18.857861328124983
50.70820312500007 18.825292968750006
50.35527343749999 18.77778320312501
50.038964843750136 18.73525390625005
49.742089843750136 18.69531249999997
49.445117187500045 18.655322265625017
49.19238281249994 18.621337890625
49.04199218749994 18.58178710937503
48.864843750000034 18.495214843749977
48.59296875000007 18.362402343750006
48.31582031250002 18.22705078124997
48.17216796875016 18.156933593749983
48.02167968750001 17.97695312499999
47.94550781250007 17.885839843750006
47.80781250000018 17.721093750000023
47.70371093750009 17.596826171875023
47.579589843750114 17.448339843750063
47.525390625 17.31611328125001
47.44179687500002 17.11186523437499
47.36962890624994 17.060400390624977
47.25126953124999 16.993945312500017
47.143554687500114 16.946679687499994
46.97568359375009 16.953466796875034
46.879980468750034 17.079003906250023
46.77851562500018 17.212109374999983
46.72763671875009 17.26557617187504
46.682031250000136 17.26855468750003
46.51347656250016 17.251660156249955
46.31035156249999 17.231298828124977
46.07080078124994 17.253173828125
45.79443359374994 17.278417968749977
45.53535156250001 17.30205078124999
45.40654296875016 17.319775390624983
45.23662109374999 17.406201171874983
45.192773437500136 17.423388671875017
45.14804687500009 17.427441406249955
44.94648437500007 17.429589843749966
44.74677734375007 17.431689453125045
44.54648437500009 17.404345703125045
44.35468750000018 17.414355468750045
44.15595703125001 17.398535156250034
44.08593749999994 17.365527343750045
44.008203125000136 17.367480468750017
43.95966796875018 17.33833007812501
43.916992187500114 17.32470703125
43.86640625000018 17.349609375
43.804296875000034 17.344140624999966
43.712988281250034 17.365527343750045
43.653417968750034 17.421875
43.59726562500009 17.471435546875057
43.53925781250007 17.49873046875001
43.474218750000034 17.515917968750045
43.41796874999994 17.516259765625023
43.346093750000136 17.48603515625001
43.302148437499966 17.456787109375
43.19091796875 17.359375
43.18632812499999 17.32470703125
43.236914062500034 17.266455078125034
43.22138671875007 17.2392578125
43.15595703125007 17.205029296874955
43.13593750000007 17.11298828125004
43.12617187500001 17.062451171874955
43.11650390624999 16.941992187500006
43.14560546875009 16.846777343749977
43.184472656249966 16.811816406250045
43.18632812499999 16.77099609375
43.165039062500114 16.689404296874983
43.10478515624999 16.664160156249977
43.06074218750018 16.58662109375001
43.033593749999966 16.550390624999977
42.98632812499994 16.509082031250017
42.79931640624994 16.37177734375001
42.78984375000016 16.451562500000023
42.73066406250018 16.56982421875003
42.72636718749999 16.6533203125
42.69882812500009 16.736962890624994
42.647460937500114 16.801367187500063
42.55292968750001 16.868457031250045
42.54414062500018 16.959667968749983
42.475000000000136 17.049853515625045
42.383300781250114 17.122460937499994
42.332421875000136 17.25664062499999
42.293945312500114 17.434960937499994
42.05224609375 17.66933593750005
41.75 17.8857421875
41.65800781250016 18.007666015625034
41.50761718750016 18.25610351562503
41.431738281250034 18.45244140624999
41.22949218749994 18.67841796875001
41.22080078125009 18.765234375
41.19082031250002 18.871191406250034
41.14414062500009 18.989062500000045
41.116015625000045 19.082177734375023
40.91328125000001 19.490136718749994
40.84785156250001 19.555273437500034
40.791601562500034 19.646386718750023
40.77705078125018 19.716894531250006
40.759179687499966 19.755468750000063
40.61591796875001 19.822363281250006
40.48222656250016 19.993457031250045
40.080664062500034 20.265917968750045
39.88408203125016 20.29296875000003
39.728320312500045 20.390332031249983
39.613671875000136 20.517675781249977
39.49121093749994 20.73701171875001
39.27607421875018 20.973974609375034
39.093554687500045 21.310351562500017
39.150683593750045 21.432763671874994
39.14707031250009 21.518994140624983
39.09101562500007 21.663964843750023
39.029785156250114 21.775976562500006
38.98789062500009 21.881738281249966
39.02119140625001 22.03344726562497
39.03398437500016 22.20336914062503
39.06992187500009 22.293652343749955
39.09589843750007 22.392773437499983
39.062011718750114 22.592187500000023
39.001367187499966 22.69897460937503
39.00742187500009 22.770068359375017
38.938769531250045 22.804785156250006
38.882910156250034 22.88203125000001
38.94111328125007 22.88183593749997
38.835546875000034 22.989062500000045
38.796875 23.04858398437503
38.75703125000001 23.194287109374955
38.70605468749994 23.305517578125034
38.54228515625016 23.557910156250045
38.46416015625016 23.711865234374955
38.28886718750016 23.910986328125034
38.098632812500114 24.058007812499966
37.97783203124999 24.124560546875017
37.91972656250016 24.185400390624977
37.82099609375001 24.1875
37.71337890624994 24.2744140625
37.638183593750114 24.277734374999966
37.54306640625009 24.291650390624966
37.43095703125016 24.459033203125045
37.338476562500034 24.615820312500006
37.18085937500018 24.820019531249955
37.22041015625018 24.87333984374999
37.26630859375018 24.960058593749977
37.24345703125016 25.073437499999983
37.21835937500009 25.15068359374999
37.148828125000136 25.291113281250006
36.920703125000045 25.64116210937499
36.860156250000045 25.692480468749977
36.7626953125 25.751318359374977
36.702539062499966 25.902880859375017
36.67519531250002 26.038867187500017
36.51875 26.104882812499966
36.24960937500009 26.594775390625017
36.09375 26.765820312499955
36.03203124999999 26.881005859374994
35.851660156250034 27.07045898437505
35.76298828125016 27.25878906250003
35.58134765624999 27.432470703124977
35.423828125 27.733789062499994
35.18046875000016 28.034863281249955
35.07832031250001 28.087011718750006
34.82753906250002 28.108593749999983
34.72207031250002 28.130664062500017
34.625 28.06450195312496
34.616210937500114 28.148339843749994
34.68330078125001 28.264111328124955
34.77988281250009 28.50732421875003
34.79912109374999 28.720507812500017
34.95078125000009 29.35351562500003
35.16376953125001 29.32094726562505
35.339160156250045 29.294091796874994
35.595312500000034 29.2548828125
35.860351562500114 29.214257812499994
36.0154296875001 29.190478515625017
36.068457031250034 29.200537109375034
36.282812500000034 29.35537109375005
36.47607421875006 29.4951171875
36.591796875 29.666113281250034
36.70390624999999 29.831640625
36.75527343750008 29.86601562499999
36.9270507812501 29.897070312500006
37.19941406250007 29.9462890625
37.46923828125006 29.995068359374983
37.49072265625 30.01171875
37.55361328125002 30.14458007812499
37.63359375000016 30.31328125
37.64990234375 30.330957031250023
37.669726562500045 30.34814453124997
37.862890625000034 30.44262695312503
37.980078125000034 30.5
37.812988281250114 30.669287109375034
37.65546875000007 30.828955078125034
37.47900390625 31.007763671874983
37.32949218750008 31.146826171875063
37.105273437500045 31.355175781249955
36.958593750000034 31.491503906250017
37.215625 31.55610351562504
37.49335937500018 31.62587890625005
37.77382812500002 31.696337890625017
38.111425781250034 31.781152343749966
38.375488281250114 31.84746093749999
38.769628906250034 31.946484374999983
38.962304687500136 31.99492187499999
38.997070312500114 32.007470703124966
39.14541015625002 32.12451171875003
39.368652343750114 32.09174804687501
39.7041015625 32.04252929687502
40.027832031250114 31.995019531250023
40.36933593750007 31.938964843750057
40.47890625000008 31.89335937499999
40.808398437500045 31.725439453124977
41.0224609375 31.616357421874966
41.272460937500114 31.489013671875057
41.585058593750034 31.329736328125023
41.799707031250136 31.220361328125023
42.07441406250007 31.080371093750017
42.28857421875 30.92041015625003
42.55976562500007 30.717773437500057
42.857714843750045 30.495214843750006
43.103125 30.32221679687501
43.44082031250008 30.08398437499997
43.77373046875016 29.849218750000034
44.099609375000114 29.619335937499983
44.36074218750008 29.435253906249983
44.69082031250002 29.202343749999955
44.71650390625007 29.19360351562503

