-12.1865234375 14.648144531250054
-12.20683593749996 14.571142578124991
-12.228417968749994 14.458593749999977
-12.175244140624926 14.376660156249983
-12.11289062499992 14.323291015625045
-12.068359375 14.274218749999989
-12.019189453125023 14.206494140625054
-12.011181640624983 14.07182617187506
-12.02011718749992 13.974658203124974
-11.988085937499989 13.930761718750006
-11.960888671874955 13.875292968749989
-11.966357421874989 13.828955078124963
-11.984179687499989 13.788085937499986
-12.044140624999955 13.733886718750043
-12.054199218749943 13.633056640625014
-11.95708007812496 13.510888671874994
-11.894580078124932 13.444433593749963
-11.895214843749983 13.406298828125003
-11.877783203124977 13.364550781250031
-11.831689453124994 13.315820312500051
-11.803369140624994 13.327294921874994
-11.772216796874972 13.367089843750009
-11.758251953124955 13.394531250000014
-11.674462890624937 13.382373046875017
-11.634960937499983 13.369873046875043
-11.581347656249989 13.290039062500043
-11.561669921874966 13.236962890624966
-11.548779296874926 13.170263671874977
-11.492822265624966 13.08696289062496
-11.444140625000017 13.028222656249994
-11.433935546874977 12.991601562499994
-11.390380859374972 12.941992187500006
-11.417431640624983 12.831884765625048
-11.414355468749989 12.77548828125002
-11.444091796875 12.627587890624994
-11.450585937499994 12.557714843749963
-11.448779296874989 12.53193359375004
-11.382421874999949 12.479248046874972
-11.389404296874972 12.404394531249991
-11.456738281250011 12.41757812500002
-11.573681640624926 12.426318359375017
-11.80810546875 12.387304687499977
-11.888574218749966 12.403320312500043
-12.042382812499937 12.398046875000034
-12.151953124999977 12.376611328125023
-12.291210937499926 12.32802734374998
-12.399072265624966 12.340087890625043
-12.45737304687492 12.378369140625026
-12.53422851562496 12.375781250000031
-12.620800781249926 12.396191406250011
-12.713037109374966 12.433154296874989
-12.797314453124983 12.451904296875
-12.888183593749943 12.520019531250014
-12.930712890624989 12.532275390625031
-12.960546874999949 12.514355468750011
-12.985644531249989 12.491650390625011
-13.011914062499926 12.477636718749991
-13.061279296874943 12.489990234375028
-13.079833984375 12.536279296875037
-13.064404296874955 12.581054687500014
-13.059765624999983 12.615039062500017
-13.082910156249994 12.633544921875057
-13.13847656249996 12.639746093749977
-13.228076171874989 12.63959960937504
-13.372558593749943 12.65361328124996
-13.405761718749972 12.662255859375037
-13.729248046874972 12.67392578125002
-14.064843749999937 12.675292968750028
-14.349218749999977 12.676416015624994
-14.708154296874994 12.677978515625043
-14.960595703124994 12.678955078124972
-15.196093749999932 12.679931640625
-15.377929687499943 12.588964843750034
-15.574804687499977 12.490380859375023
-15.839550781249926 12.43789062499998
-16.144189453124994 12.457421874999966
-16.241503906250017 12.443310546875026
-16.342285156249943 12.399511718749977
-16.416308593750017 12.367675781249972
-16.521337890625006 12.3486328125
-16.65693359375001 12.364355468750006
-16.711816406249994 12.35483398437502
-16.745849609375 12.399707031250017
-16.784863281249955 12.47250976562502
-16.760302734375017 12.525781250000037
-16.677636718749966 12.56005859375
-16.55322265625 12.60488281249998
-16.48808593749996 12.581835937500003
-16.44995117187503 12.580712890625037
-16.44287109375 12.609472656250034
-16.455029296874983 12.62480468749996
-16.548828125 12.663818359375
-16.59765625 12.715283203125011
-16.637841796874937 12.68515625
-16.672558593749983 12.622021484375011
-16.701416015625 12.603173828124994
-16.743896484374943 12.585449218750028
-16.767968749999966 12.628417968749986
-16.778417968749977 12.670166015625057
-16.758984374999926 12.70234375000004
-16.768945312499994 12.883300781250043
-16.757373046874932 12.979785156249974
-16.763330078124994 13.064160156250026
-16.704541015624926 13.119726562499977
-16.64877929687495 13.154150390624977
-16.430859374999955 13.157324218750006
-16.22832031249999 13.16030273437498
-16.033056640625006 13.158349609375037
-15.834277343749989 13.156445312499997
-15.814404296874955 13.325146484374997
-15.751562499999949 13.338378906250028
-15.65732421874992 13.35581054687502
-15.481835937499966 13.376367187500037
-15.286230468750006 13.395996093750043
-15.244531249999937 13.429101562500037
-15.212109374999983 13.485058593749983
-15.191601562499983 13.535253906249991
-15.151123046875 13.556494140624963
-15.096386718749955 13.539648437499991
-15.024609374999983 13.513330078124966
-14.950292968749949 13.472607421875011
-14.865039062499989 13.43486328125006
-14.808251953124966 13.411132812500014
-14.671923828124989 13.351708984374994
-14.438574218749977 13.268896484374991
-14.246777343749983 13.235839843750014
-14.014892578124972 13.29638671875
-13.847509765624977 13.33530273437502
-13.826708984374932 13.407812499999963
-13.852832031250017 13.478564453124989
-13.977392578124977 13.543457031249972
-14.146972656249972 13.536132812499986
-14.199023437499932 13.51875
-14.278027343749955 13.497167968750048
-14.325537109374949 13.488574218749989
-14.405468749999983 13.503710937500045
-14.506982421874966 13.559716796874994
-14.570849609374989 13.61616210937504
-14.66015625 13.642626953125017
-14.766015624999966 13.669091796874994
-14.935791015625 13.785205078125017
-15.02446289062496 13.806005859374991
-15.108349609374983 13.81210937499999
-15.269531249999972 13.789111328125017
-15.426855468749949 13.727001953124969
-15.509667968749937 13.586230468749989
-15.667187499999983 13.588281250000051
-16.001611328124994 13.592773437499986
-16.308740234374937 13.596875
-16.56230468749999 13.587304687500023
-16.587792968749937 13.689550781249977
-16.647851562500023 13.770996093750057
-16.74541015624999 13.840429687499991
-16.76694335937495 13.90493164062498
-16.733886718749943 13.961181640624986
-16.639599609374926 14.007470703125009
-16.618115234374983 14.040527343749986
-16.66748046875003 14.035595703125054
-16.742138671874955 14.005810546875026
-16.79174804687503 14.004150390625043
-16.797753906249994 14.093261718749986
-16.880517578124994 14.208349609374977
-16.973828124999983 14.40322265624998
-17.07939453124999 14.483056640624994
-17.16806640624995 14.640625
-17.260644531249966 14.701074218749994
-17.34580078124992 14.729296874999974
-17.41845703124997 14.723486328125034
-17.445019531249983 14.651611328125043
-17.53564453124997 14.755126953125
-17.411816406249955 14.7921875
-17.147167968749955 14.92202148437498
-16.843408203124966 15.293994140625003
-16.570751953124926 15.734423828125017
-16.535253906249977 15.838378906249972
-16.502050781249977 15.917333984374977
-16.48007812499995 16.097216796875045
-16.441015624999977 16.204541015624955
-16.40434570312496 16.224902343750017
-16.358105468749955 16.30717773437499
-16.30229492187496 16.451318359374966
-16.239013671874943 16.531298828125017
-16.168359374999937 16.54707031250001
-16.11328125 16.540136718750034
-16.07402343749999 16.51044921875001
-15.958984375 16.49213867187501
-15.768212890624966 16.485107421875
-15.620800781249955 16.50659179687503
-15.516699218749949 16.55659179687501
-15.379980468750006 16.58198242187504
-15.210546874999949 16.582617187499977
-15.121435546875006 16.603613281250006
-15.112646484374977 16.644921874999966
-15.090576171875 16.657373046875023
-15.055224609375017 16.640966796875063
-15.021923828124983 16.647460937500057
-14.990625 16.676904296874994
-14.95952148437496 16.678906249999983
-14.928613281249966 16.65351562500004
-14.7867187499999 16.645898437499994
-14.533740234374989 16.65595703125001
-14.300097656249989 16.58027343750004
-14.085644531249926 16.418847656250023
-13.975048828124955 16.311132812500006
-13.968164062499966 16.25722656250005
-13.9326171875 16.20288085937497
-13.868457031249989 16.14814453125001
-13.809814453124943 16.138037109375006
-13.75664062499996 16.172509765625023
-13.714941406249977 16.168798828125063
-13.684667968749949 16.126904296874955
-13.62353515625 16.118310546874994
-13.55551757812492 16.14404296874997
-13.506982421874966 16.135205078124955
-13.498144531249949 16.11030273437504
-13.486962890624994 16.097021484375006
-13.454101562499943 16.091113281250045
-13.409667968749972 16.059179687500006
-13.347558593749994 15.973486328125063
-13.297021484375023 15.853857421875006
-13.258007812499983 15.700390625000011
-13.206445312499937 15.616894531249983
-13.14238281249996 15.603320312500045
-13.105273437499932 15.571777343750028
-13.097900390624943 15.535253906250034
-13.079296874999983 15.510449218749955
-13.048535156249926 15.496630859375074
-12.994335937499983 15.504882812499972
-12.930859374999926 15.453027343749994
-12.862695312499994 15.340429687500048
-12.85190429687492 15.289648437500006
-12.862646484374977 15.262402343750054
-12.858496093749949 15.242529296874991
-12.813183593749955 15.223535156250037
-12.770312499999989 15.18666992187498
-12.735253906249966 15.13125
-12.659619140624926 15.082080078124989
-12.543554687499977 15.039013671875011
-12.459863281249994 14.974658203125045
-12.408691406249972 14.889013671875006
-12.302539062500017 14.816992187499991
-12.280615234374977 14.809033203124969

