77.69697265625024 35.44326171875005
77.57158203125005 35.37875976562506
77.42343750000009 35.30258789062509
77.29296875000006 35.2355468750001
77.16855468750009 35.17153320312502
77.04863281250005 35.10991210937499
77.00449218750009 35.19633789062502
76.97890625000002 35.246435546875006
76.927734375 35.34663085937501
76.88222656250002 35.43574218750004
76.81279296875005 35.57182617187496
76.76689453124999 35.66171874999998
76.87890625 35.61328125000006
77.09003906250001 35.55205078125002
77.29482421875008 35.508154296875034
77.44648437500018 35.47558593749997
77.52001953125006 35.47343749999999
77.57255859374999 35.47182617187502
77.72402343750014 35.480566406250006
77.79941406250015 35.495898437500045

