-12.540625 7.410253906249963
-12.607177734374972 7.474511718749994
-12.951611328124983 7.570849609375003
-12.854394531249994 7.622021484375026
-12.615234374999943 7.637207031250014
-12.544189453124943 7.607373046874983
-12.5125 7.582421874999952
-12.500634765624937 7.535107421874997
-12.526074218749983 7.436328125000031

-11.115673828124983 9.843164062500009
-11.04746093749992 9.786328124999983
-10.963085937499983 9.661621093749972
-10.864794921874932 9.516455078124977
-10.75859375 9.385351562500006
-10.690527343749949 9.314257812499989
-10.682714843749949 9.289355468749989
-10.687646484374994 9.261132812500009
-10.721240234374989 9.194482421875023
-10.749951171874983 9.122363281249974
-10.747021484374926 9.09526367187496
-10.726855468749989 9.081689453125037
-10.615966796874943 9.059179687499991
-10.605761718750017 8.978808593750045
-10.605615234374966 8.867578125000037
-10.551757812500028 8.76376953125002
-10.50053710937496 8.687548828125031
-10.503125 8.660302734374994
-10.628466796874932 8.529980468749997
-10.6773437499999 8.400585937500011
-10.7021484375 8.364208984374983
-10.712109375000011 8.335253906250031
-10.686962890624926 8.321679687500023
-10.65263671874996 8.330273437499997
-10.60400390625 8.319482421875009
-10.557714843749977 8.315673828125043
-10.496435546874949 8.362109374999989
-10.394433593749937 8.480957031250043
-10.360058593749955 8.495507812499994
-10.283203125000028 8.485156250000017
-10.28574218749992 8.4541015625
-10.314648437499926 8.310839843750031
-10.359814453124983 8.18793945312504
-10.389550781250023 8.157617187499994
-10.516748046874994 8.125292968749974
-10.570849609374989 8.071142578125048
-10.617578125000023 7.896435546874983
-10.647460937499972 7.759375
-10.691308593749937 7.736425781249977
-10.878076171874966 7.538232421875009
-11.000244140625 7.463037109374966
-11.085400390624926 7.39858398437498
-11.166113281249949 7.314404296874983
-11.267675781249949 7.232617187500011
-11.376660156249926 7.094677734374983
-11.454541015624983 6.951220703124974
-11.507519531249955 6.906542968750017
-11.547509765625023 6.946972656249997
-11.73344726562496 7.088574218749983
-11.929199218749972 7.183544921874969
-12.346630859374926 7.341796874999957
-12.485644531250017 7.38627929687496
-12.480664062499955 7.442480468749963
-12.432714843749977 7.545019531249977
-12.510449218749983 7.665722656249969
-12.480273437499989 7.753271484375034
-12.510449218749983 7.753369140624969
-12.570214843749994 7.700585937499966
-12.69760742187492 7.71586914062496
-12.781933593749983 7.79111328125002
-12.850878906249989 7.818701171874949
-12.880957031249977 7.85664062500004
-12.92514648437492 8.055175781249986
-12.956933593749994 8.145312499999974
-13.02080078124996 8.200927734375014
-13.14897460937496 8.214599609374957
-13.201757812499977 8.335839843749966
-13.27275390624996 8.429736328125003
-13.26123046875 8.487597656249974
-13.203320312499926 8.484277343750009
-13.157958984375028 8.44228515624998
-13.085009765624989 8.424755859374969
-12.994238281249977 8.526464843749991
-12.91293945312492 8.581542968750028
-12.894091796874989 8.629785156249994
-12.904003906249983 8.65625
-12.953369140625 8.615136718750023
-13.08823242187492 8.625732421874972
-13.121630859374989 8.58876953124998
-13.181835937499983 8.576904296874972
-13.228417968749994 8.695898437499963
-13.226171874999977 8.76596679687502
-13.206933593749966 8.84311523437502
-13.071044921874972 8.856347656249966
-13.059472656249937 8.88115234374996
-13.153710937499937 8.897705078125043
-13.271630859374994 8.98740234375002
-13.292675781249926 9.04921875
-13.23422851562492 9.070117187499989
-13.178369140624994 9.060888671874977
-13.129882812499972 9.047558593750011
-13.077294921875023 9.069628906249989
-13.028027343749926 9.103564453124974
-12.998632812499977 9.146923828125011
-12.958789062499932 9.263330078125009
-12.83110351562496 9.302246093750028
-12.755859375 9.373583984375003
-12.68442382812492 9.484179687499974
-12.651660156249989 9.561914062499994
-12.62216796874992 9.600634765624989
-12.603613281249977 9.634228515624983
-12.58984375 9.671142578125043
-12.557861328124972 9.704980468750009
-12.524365234374983 9.787207031249977
-12.501464843749943 9.862158203124977
-12.427978515624972 9.898144531250026
-12.277734375000023 9.929785156249977
-12.142333984374972 9.875390625
-11.922753906249994 9.922753906249966
-11.911083984374926 9.993017578124991
-11.71005859374992 9.99418945312496
-11.471923828124972 9.995458984375034
-11.273632812500011 9.996533203124997
-11.20566406249992 9.977734374999983
-11.180859374999926 9.92534179687496

