16.427636718750023 46.5244140625
16.32119140625008 46.534619140624955
16.30117187499999 46.52138671875002
16.258398437500006 46.507910156250034
16.236718750000023 46.48383789062501
16.253320312500023 46.38911132812498
16.22744140625008 46.37285156249996
16.10644531250003 46.382226562499994
16.066503906250063 46.371337890625
16.000683593750068 46.30537109374998
15.933300781250011 46.27763671875002
15.847558593750051 46.25786132812499
15.784277343750034 46.233984375
15.704199218750063 46.213232421875034
15.635937500000011 46.20073242187496
15.608984375000034 46.17192382812496
15.592578125000074 46.139990234375034
15.596875 46.10922851562498
15.66621093750004 46.04848632812505
15.675585937500017 45.98369140624999
15.668066406249977 45.904443359374994
15.652148437500017 45.862158203125006
15.624804687500045 45.83403320312496
15.4541015625 45.797607421875
15.277050781249983 45.73261718749998
15.272949218750057 45.71772460937498
15.353710937500068 45.65991210937503
15.356933593750028 45.6455078125
15.290136718750006 45.61264648437498
15.28359375000008 45.5796875
15.29121093750004 45.54155273437496
15.326660156250057 45.50229492187506
15.339453125 45.46704101562497
15.24208984375008 45.44140625
15.110449218750063 45.450781250000034
14.954589843750028 45.49990234375002
14.9 45.49267578125006
14.847070312500051 45.467333984375045
14.793066406250063 45.478222656249955
14.73359375000004 45.50849609374998
14.649511718750034 45.57148437500004
14.608593750000068 45.610107421875
14.591796875 45.65126953125002
14.568847656250057 45.6572265625
14.533984375000045 45.64526367187506
14.505175781250045 45.59521484374997
14.42734375 45.505761718749966
14.369921875000017 45.48144531249997
14.283007812500074 45.48662109374996
14.161230468750034 45.48515625000002
14.085546875 45.47783203124996
13.992773437500006 45.509423828124994
13.970312500000063 45.50336914062501
13.970117187500023 45.482617187499955
13.935644531250006 45.449804687500034
13.878710937500045 45.428369140624994
13.615234375 45.47675781250001
13.577929687500045 45.51689453125002
13.637304687500063 45.53593749999999
13.719824218750006 45.58759765625004
13.775976562499977 45.581982421874955
13.844726562500057 45.592871093750034
13.87470703125004 45.61484374999998
13.831152343750034 45.68041992187503
13.721679687500028 45.76127929687496
13.66347656250008 45.7919921875
13.583398437500023 45.81235351562498
13.569628906250045 45.834130859374994
13.613964843750011 45.96166992187503
13.600585937500057 45.97978515624999
13.50917968750008 45.97377929687502
13.487695312500051 45.98710937499996
13.480273437500045 46.009228515624955
13.486425781250063 46.03955078125
13.548046875000011 46.08911132812497
13.616601562500023 46.13310546874996
13.63496093750004 46.15776367187502
13.632519531250068 46.177050781250045
13.544726562500045 46.19658203125002
13.491796875 46.21660156250002
13.449804687500063 46.223535156249994
13.420996093750063 46.21230468750002
13.39960937500004 46.224951171875034
13.378222656250045 46.26162109375002
13.399511718750034 46.317529296874966
13.478515625000057 46.36918945312502
13.563281249999989 46.415087890625045
13.637109375000023 46.44853515625002
13.6796875 46.462890625
13.7 46.52026367187497
13.743945312500045 46.514306640624994
13.831347656250074 46.51123046875
13.928808593750034 46.498193359374994
14.019628906250063 46.48217773437503
14.09951171875008 46.46191406249997
14.267285156250068 46.44072265625002
14.419921875 46.42792968749998
14.465917968750034 46.41611328124998
14.503515625000063 46.41704101562499
14.549804687499972 46.39970703125002
14.577148437500057 46.412939453125034
14.596972656249989 46.43608398437496
14.68017578125 46.46342773437502
14.756738281250051 46.499121093750006
14.810546875 46.54458007812502
14.840625 46.580468749999966
14.893261718750068 46.60590820312501
14.94941406250004 46.61323242187498
15.000683593750011 46.6259765625
15.216992187500011 46.64296875
15.439257812499989 46.62963867187506
15.545312500000023 46.65463867187498
15.632617187500045 46.69843750000004
15.760253906250028 46.71074218749996
15.766894531250045 46.71127929687498
15.957617187500006 46.677636718749966
15.972265625000063 46.697216796874955
15.980468750000028 46.70585937500002
15.976855468750017 46.801367187500034
16.037207031250063 46.844824218750006
16.093066406250074 46.86328125000003
16.28359375000005 46.85727539062506
16.30849609375008 46.827978515625034
16.318457031250063 46.78251953125002
16.335449218750057 46.721630859374955
16.36718750000003 46.70478515624998
16.384570312500017 46.680810546874994
16.38125 46.63867187500003
16.41845703125 46.60722656250002
16.505664062500017 46.52207031249998
16.516210937500034 46.499902343749994

