22.524121093750097 49.03139648437505
22.483203125000102 48.98325195312509
22.432031250000165 48.93354492187501
22.389453125000188 48.87348632812504
22.332617187500063 48.74506835937515
22.29521484375016 48.685839843750074
22.14287109375013 48.56850585937508
22.131835937500114 48.40532226562496
22.111328125 48.39335937500002
21.766992187500023 48.33808593750001
21.721484375000074 48.346582031249966
21.674609375000045 48.37836914062498
21.648632812500068 48.40146484375006
21.632519531250068 48.41850585937499
21.602636718750034 48.46367187500002
21.563183593750068 48.49570312499998
21.504687500000045 48.521875
21.45136718750004 48.55224609375006
21.382421875 48.55346679687503
21.196386718750034 48.510595703125006
21.067285156250023 48.50590820312502
20.981152343750068 48.519677734374994
20.866601562499994 48.54565429687503
20.643164062500034 48.549707031249966
20.490039062500017 48.526904296875045
20.475 48.49511718750003
20.333789062500074 48.295556640624966
20.12861328125001 48.222021484375006
19.95039062500004 48.14663085937502
19.898632812500068 48.13134765625
19.810058593750057 48.15502929687503
19.70917968750001 48.199804687500006
19.62539062500008 48.223095703124955
19.564257812500074 48.21284179687501
19.49746093750005 48.16210937499997
19.466992187500068 48.11069335937498
19.265136718750057 48.07304687500002
18.914160156250063 48.050830078125045
18.791894531250023 48.000292968750045
18.750097656250034 47.939453125
18.748339843750017 47.89267578125006
18.77802734375004 47.852880859375034
18.740625 47.806494140625006
18.72421875 47.78715820312496
18.47626953125001 47.77700195312502
18.145605468750063 47.763427734375
17.94794921875004 47.76689453125002
17.761914062500068 47.770166015624966
17.63525390625 47.80991210937498
17.48066406250004 47.887597656249994
17.31728515625008 47.99091796874998
17.301562500000074 47.993359374999955
17.27724609375008 48.00434570312498
17.174609375000045 48.012060546875034
17.14736328125008 48.005957031250034
17.0859375 48.03955078125006
17.067871093750057 48.08325195312497
16.97265625000003 48.198095703125006
16.86542968750004 48.38691406250001
16.862695312499994 48.44140625000003
16.904492187499983 48.50351562499998
16.943359375 48.55092773437505
16.948828125000063 48.58857421874998
16.953125 48.59882812500004
16.985253906250023 48.67690429687505
17.063281250000017 48.78076171874997
17.135644531250023 48.841064453125
17.18847656250003 48.86093750000006
17.296875 48.84282226562499
17.48261718750001 48.82778320312505
17.62539062500005 48.84184570312499
17.758496093750068 48.88813476562498
17.830859375000074 48.928613281249994
17.892675781250063 48.97114257812504
17.913281250000068 48.998730468749955
17.940722656250074 49.011962890625
18.050878906250034 49.03652343750002
18.0859375 49.06513671874998
18.10039062499999 49.11933593750001
18.109960937500006 49.179785156250006
18.132617187500074 49.224560546874955
18.160937500000074 49.25737304687499
18.364843750000063 49.33623046874999
18.383105468750045 49.36391601562502
18.415820312500045 49.39091796875002
18.476074218750057 49.421093749999955
18.53457031250008 49.464697265625034
18.596484375000074 49.49145507812497
18.67617187500005 49.48847656250001
18.74970703125004 49.49399414062506
18.80703125000008 49.509228515624955
18.832226562500068 49.51079101562502
18.938183593750068 49.49829101562506
18.95722656250004 49.44829101562499
18.968359375 49.39624023437503
19.14941406250003 49.4
19.25019531250004 49.511425781249955
19.30234375 49.524853515624955
19.38623046875003 49.56362304687502
19.44160156250004 49.59770507812496
19.479687500000068 49.576367187499955
19.534765625 49.50478515625002
19.593066406250074 49.447119140625006
19.626660156249983 49.42436523437499
19.630273437500023 49.40664062500002
19.664160156250006 49.39604492187499
19.730078125 49.38959960937501
19.773925781250057 49.372167968750006
19.78701171875005 49.31855468750001
19.78798828125008 49.26997070312498
19.767382812500074 49.235205078125006
19.756640625000017 49.204394531250045
19.802246093750057 49.19233398437498
19.868945312500045 49.20400390625005
19.916113281249977 49.22138671875004
20.05761718750003 49.18129882812502
20.10761718750001 49.27075195312506
20.163671875000063 49.31640625000003
20.236523437500068 49.337646484375
20.302539062500017 49.36552734374999
20.362988281250068 49.38525390625003
20.40468750000005 49.38408203124996
20.422656250000074 49.39233398437503
20.47451171875005 49.39018554687496
20.53457031250005 49.381201171875006
20.61611328125005 49.391699218750006
20.72900390625003 49.36992187500002
20.79951171875001 49.328662109375045
20.868457031250017 49.31469726562503
20.947265625 49.31708984374998
21.001171875000068 49.33984375
21.079394531250017 49.41826171874999
21.136132812500023 49.41704101562502
21.225 49.42944335937506
21.35048828125008 49.42875976562499
21.63964843750003 49.411962890625034
21.71210937500004 49.38193359375006
21.89013671874997 49.34345703125004
21.96767578125005 49.29907226562506
22.002148437500068 49.24609375
22.020117187500006 49.20952148437502
22.202539062500023 49.153222656249994
22.47304687500008 49.081298828125
22.538671875000034 49.07270507812504

