166.8408203125001 -11.681347656249997
166.80595703125 -11.677343749999977
166.74746093750002 -11.590820312500028
166.79091796874997 -11.571289062499957
166.85546875 -11.578808593749983
166.8750976562501 -11.6296875
166.92919921875 -11.665136718749977

160.50654296875018 -11.832226562500011
160.44306640625 -11.814941406250043
160.39453125 -11.78886718749996
160.3550781250002 -11.711914062500014
160.27021484375007 -11.663964843750009
160.1495117187501 -11.643945312500023
160.10000000000014 -11.610742187500009
160.08710937500007 -11.594335937500034
160.0035156250001 -11.579589843749957
159.97929687500005 -11.537988281250009
159.98632812499994 -11.494726562499991
160 -11.471972656249974
160.07734375 -11.492871093749969
160.4487304687501 -11.695898437500034
160.537109375 -11.758789062499972
160.5762695312501 -11.797851562500014

166.0533203125001 -10.775097656250026
166.02792968750003 -10.770214843750011
165.96816406250014 -10.779492187500026
165.90400390625 -10.851464843750037
165.85654296875003 -10.841406250000034
165.8193359375001 -10.844042968750031
165.7910156250001 -10.784765625000034
165.79042968749997 -10.756054687499969
165.8359375000001 -10.760644531250009
165.8598632812501 -10.703027343749994
165.9091796875001 -10.674316406250014
166.02382812500002 -10.661132812499986
166.12568359375018 -10.679882812499983
166.1621093750001 -10.693066406250011
166.12988281249994 -10.745214843749977
166.13320312500002 -10.757812499999972

161.84111328125 -10.44609375
161.91435546875 -10.436425781250037
162.02285156249997 -10.476855468750017
162.10537109375002 -10.453808593750026
162.1568359375002 -10.506054687500011
162.2872070312502 -10.709960937499986
162.28798828125002 -10.776171874999974
162.37333984375016 -10.823242187499972
162.30126953124994 -10.832128906250006
162.2012695312502 -10.807812500000026
162.1236328125002 -10.82441406250004
162.04267578125 -10.784863281249969
161.90585937500003 -10.764355468749969
161.78681640625 -10.716894531249977
161.53789062500005 -10.566406249999957
161.53925781250007 -10.491308593750034
161.49912109375003 -10.454589843750014
161.48701171875018 -10.361425781250034
161.39794921874994 -10.33193359374998
161.2939453125 -10.326464843750017
161.28554687500014 -10.282421875000011
161.3047851562501 -10.204394531250017
161.38232421874994 -10.205566406249986
161.4756835937501 -10.237988281250026
161.6538085937501 -10.351855468750045
161.69794921875007 -10.371289062499997
161.71533203124994 -10.387304687499977

161.55888671875016 -9.732714843750031
161.5538085937501 -9.769726562500011
161.47792968749997 -9.691113281249983
161.44248046875003 -9.718945312499969
161.40976562500003 -9.681640625000014
161.41201171874997 -9.600390624999974
161.4169921875001 -9.513769531250006
161.40224609375014 -9.448144531249966
161.36416015625002 -9.353417968750023
161.4068359375001 -9.368457031249974
161.5478515625001 -9.625683593749983

159.97060546875014 -9.43330078125004
160.06533203124997 -9.418652343749997
160.3545898437502 -9.421582031249969
160.52519531250016 -9.536230468749963
160.62548828124994 -9.588867187500028
160.68183593750018 -9.691601562499997
160.75146484374994 -9.715039062499983
160.79433593749997 -9.767382812499989
160.8189453125002 -9.862792968749972
160.80166015624997 -9.878320312500023
160.71308593750007 -9.913867187499989
160.64921875 -9.928613281249966
160.48164062500007 -9.894726562499997
160.32109375000005 -9.821289062499957
160.00234375000014 -9.812402343750009
159.8537109375 -9.791503906250014
159.80273437499994 -9.763476562499989
159.7554687500002 -9.72607421875
159.68046875 -9.636816406250034
159.62187500000016 -9.532128906250023
159.61230468749994 -9.470703125000028
159.60742187499994 -9.353808593750017
159.6255859375002 -9.31123046875004
159.68632812500005 -9.268652343749991
159.75039062500014 -9.27265625

160.22568359375003 -9.00957031249996
160.2535156250002 -9.007324218750043
160.3193359375001 -9.061132812499991
160.40751953125016 -9.14033203125004
160.37148437500002 -9.18125
160.30000000000018 -9.16035156250004
160.2759765625001 -9.16865234375004
160.2681640625002 -9.163183593749991
160.253125 -9.1234375
160.17519531249997 -9.084082031250048
160.10537109375014 -9.080761718749983
160.0962890625001 -9.03398437499996
160.16816406250007 -8.995507812500023

159.17509765625016 -9.125976562499957
159.12812500000018 -9.113769531249957
159.07109375000005 -9.109667968750017
159.03632812500007 -9.075
159.0776367187501 -9.025390624999986
159.12978515624997 -8.99306640624998
159.15371093749997 -9.00136718749998
159.17607421875 -9.02207031250002
159.22841796875002 -9.02998046875004
159.2339843750001 -9.09375
159.18857421875003 -9.12353515625

157.6431640625001 -8.79404296875002
157.58583984375014 -8.783105468750009
157.45791015625002 -8.730175781249969
157.45351562499997 -8.705957031250009
157.5263671875001 -8.697070312499974
157.579296875 -8.703710937500006
157.6232421875 -8.734570312499983
157.64541015625002 -8.758886718749963

158.17880859375003 -8.82578125
158.1553710937501 -8.7859375
158.2099609375001 -8.678125
158.23632812499994 -8.764843750000026
158.25341796874994 -8.797363281249986
158.2007812500001 -8.821972656250026

158.00947265625018 -8.763085937500023
157.9375976562502 -8.736425781250006
157.87929687500014 -8.66875
157.89843749999994 -8.587207031249974
157.9092773437502 -8.565625
157.93828125000016 -8.560937500000051
157.96699218750007 -8.544238281250017
157.99843749999997 -8.508203124999966
158.1054687500001 -8.536816406250011
158.13222656249997 -8.556640624999972
158.0683593750001 -8.606640625000026
158.0896484375 -8.62265625
158.103515625 -8.646484374999972
158.10791015625 -8.68417968750002

157.38906250000002 -8.728125
157.33388671875014 -8.7
157.21230468750014 -8.565039062499991
157.23378906249997 -8.519921875000037
157.34511718750014 -8.432421874999974
157.3794921875002 -8.420898437500028
157.41093750000005 -8.475097656249972
157.38349609375 -8.555078125
157.34707031249997 -8.575488281249989
157.33222656250007 -8.650683593750031
157.38896484375016 -8.713476562500034

159.64003906250014 -8.521484375
159.56923828124997 -8.48476562499998
159.53847656250014 -8.451367187500011
159.5532226562501 -8.39921875
159.59462890625002 -8.379492187500034
159.6416015625 -8.414453125000051
159.64628906250016 -8.450390625
159.68769531250007 -8.507910156249991

160.9976562500002 -8.612011718749969
160.98779296874994 -8.664843749999989
160.9541015625001 -8.698925781249997
160.9443359375001 -8.799023437499969
160.97558593749994 -8.8375
161.0434570312501 -8.85507812500002
161.15869140624994 -8.961816406250009
161.2046875000002 -9.092480468749983
161.20878906250016 -9.132617187499989
161.25664062500005 -9.191992187500006
161.25849609375007 -9.316894531249957
161.36796875000016 -9.490332031250034
161.37753906250003 -9.573730468749972
161.3673828125 -9.611230468749966
161.321875 -9.589550781249997
161.1910156250001 -9.392871093749974
161.04150390625 -9.308007812500009
161.02441406249994 -9.271484375000028
160.87343750000014 -9.156835937500034
160.7720703125001 -8.963867187499972
160.66259765625 -8.620605468750028
160.71406250000018 -8.539257812499983
160.5904296875002 -8.372753906249983
160.59628906250003 -8.328222656249977
160.64853515625003 -8.33837890625
160.68476562500007 -8.336328125000023
160.70214843749994 -8.316503906249991
160.74941406249997 -8.31396484375

157.8262695312501 -8.324023437500003
157.89843749999994 -8.506347656250028
157.88544921875007 -8.569140625000031
157.83369140625018 -8.572656250000037
157.8193359375001 -8.612011718749969
157.74921875000018 -8.523632812499997
157.65595703125 -8.499707031250011
157.5878906250001 -8.445410156249963
157.56455078125003 -8.337792968749966
157.55800781250014 -8.26992187499999
157.50419921875 -8.258300781250028
157.35136718750016 -8.275292968750023
157.30244140625 -8.333300781250031
157.232421875 -8.31484375
157.21757812500016 -8.262792968749963
157.228515625 -8.211621093750026
157.32158203125005 -8.161230468749977
157.340625 -8.096386718749997
157.43339843750016 -7.984667968749974
157.490625 -7.965722656250023
157.598828125 -8.005957031249963
157.6123046875001 -8.16484375
157.65126953125014 -8.216796875000014
157.76347656250016 -8.242187500000028

156.59169921875002 -8.196289062500014
156.53964843750003 -8.072949218750011
156.54228515625016 -8.010839843749977
156.5512695312501 -7.970996093750031
156.5703125000001 -7.958789062500031
156.61240234375003 -8.096191406249957
156.60390625000002 -8.17158203125004

157.15 -8.123242187500054
157.04121093750018 -8.117480468750031
156.95830078125 -8.014355468749983
156.95898437499994 -7.937988281249972
157.02412109375018 -7.867871093749983
157.102734375 -7.855468750000028
157.14580078125 -7.88261718749996
157.18613281250003 -7.941210937500003
157.20058593749997 -8.015917968750031
157.1915039062501 -8.08183593749996
157.171875 -8.108105468749983

156.66875000000016 -7.936816406249989
156.6353515625002 -7.8828125
156.61103515625 -7.865917968750026
156.61171875000002 -7.805761718750034
156.51093750000018 -7.707812499999974
156.5024414062501 -7.640234374999963
156.56093750000014 -7.574023437499974
156.6396484375001 -7.612597656250017
156.71767578125002 -7.69570312499999
156.80908203125 -7.722851562500011
156.79023437500007 -7.777929687500048
156.7080078125 -7.876953124999972
156.68789062499997 -7.923046875000026

159.88085937499994 -8.557421875000045
159.74648437500014 -8.473828124999969
159.64453124999994 -8.371679687500034
159.3541015625002 -8.260449218750026
159.29169921875 -8.203417968750045
159.2392578125 -8.196289062500014
159.09023437500002 -8.103320312499989
158.94404296875018 -8.040722656250026
158.85458984375003 -7.95976562499996
158.83183593750005 -7.926660156249966
158.77802734375018 -7.90693359375004
158.68623046875 -7.818066406250054
158.59697265625016 -7.759082031250017
158.5654296875001 -7.651367187500014
158.47880859375016 -7.5771484375
158.45742187500014 -7.54472656249996
158.734375 -7.604296875000017
158.86279296874994 -7.722363281249997
158.9724609375 -7.78916015625002
159.01054687500005 -7.837402343749986
159.1093750000001 -7.903515625000054
159.19804687500005 -7.909570312500037
159.28681640625018 -7.97617187500002
159.36767578124994 -7.994140625000043
159.43144531250016 -8.02900390625004
159.84306640625 -8.326953124999989
159.7939453125001 -8.406054687500017
159.8486328125 -8.463476562499991
159.87910156250007 -8.534277343750034

155.7393554687502 -7.121093749999986
155.67753906250005 -7.08896484375002
155.70498046875002 -7.012695312500014
155.73896484375018 -6.972949218750003
155.86464843750014 -7.043261718750031
155.83984374999994 -7.09716796875

157.5186523437502 -7.365625
157.44130859374997 -7.425683593750051
157.33925781249997 -7.393066406249972
157.31728515625014 -7.359375
157.3146484375 -7.34150390625004
157.24345703125 -7.353027343749986
157.10156249999994 -7.323632812500037
156.9042968750001 -7.18046875
156.69580078125 -6.910937499999989
156.494921875 -6.761621093750023
156.45742187500002 -6.71523437499999
156.45253906249997 -6.638281250000034
156.47939453125014 -6.60888671875
156.60419921875018 -6.641015624999966
156.76542968750016 -6.7640625
157.0302734375001 -6.891992187500037
157.1025390625 -6.957226562499997
157.1484375000001 -7.11376953125
157.1933593750001 -7.160351562499997
157.33613281250007 -7.28046875000004
157.41162109375 -7.30859375
157.45156250000014 -7.313671874999969
157.48671875000002 -7.330371093749989

