48.9384765625 10.982324218750009
48.9384765625 10.714208984375006
48.93837890625002 10.433251953124966
48.93828124999999 9.973486328125006
48.93828124999999 9.807617187500057
48.938085937500034 9.564111328125009
48.938085937500034 9.451757812500034
48.79355468750009 9.232714843749989
48.61660156250008 8.964599609374986
48.42861328125008 8.679589843750009
48.272753906250045 8.443359375000028
48.126757812500045 8.22216796875
47.97822265625007 7.997070312500057
47.63769531250006 7.997070312500057
47.3056640625 7.997070312500057
46.97822265625001 7.997070312500057
46.919531250000034 8.026123046875028
46.64472656250001 8.118164062500028
46.29599609375009 8.23496093750002
45.86328125000006 8.379882812499972
45.555468750000045 8.48300781250002
45.22695312500008 8.590820312500043
44.8935546875 8.700195312500043
44.63203125000001 8.78608398437504
44.30625 8.893066406249986
44.02285156250008 8.986035156250011
43.98378906250002 9.008837890625031
43.826757812500034 9.15078125
43.62050781250002 9.33740234375
43.58105468750006 9.340722656249966
43.482519531250034 9.379492187499963
43.394335937500045 9.480273437499974
43.303125 9.609082031250011
43.21845703125007 9.770166015624966
43.18164062500006 9.879980468749963
43.06894531250009 9.926220703124969
43.014746093750034 10.01259765624998
42.9125 10.140820312499983
42.841601562500045 10.203076171874969
42.81640625000006 10.257373046875017
42.78369140625006 10.369628906249972
42.725195312500034 10.491748046874989
42.66923828124999 10.567578124999983
42.65644531250007 10.6
42.65957031250008 10.621386718750017
42.76308593750002 10.786914062499989
42.80976562500001 10.845996093750031
42.862890625000034 10.903222656249966
42.90615234375002 10.960253906250045
42.92275390625008 10.999316406250003
43.048632812500045 11.194335937500028
43.159375 11.365722656250043
43.24599609375002 11.499804687500003
43.44121093749999 11.346435546875028
43.631152343750045 11.035449218749989
43.85273437500007 10.784277343749977
44.15820312500006 10.550781250000014
44.279296875 10.471875
44.38652343749999 10.430224609374974
44.942968750000034 10.436718750000054
45.33769531249999 10.64975585937502
45.695898437500034 10.803906249999983
45.816699218750045 10.835888671875011
46.024511718750034 10.793701171875043
46.25390625000006 10.781103515625048
46.46025390624999 10.734179687499989
46.56503906250009 10.745996093749994
46.97343749999999 10.925390625000048
47.230078125000034 11.099902343749974
47.40498046875007 11.174023437499983
47.47382812500007 11.174804687500057
47.7125 11.112011718750054
48.01923828125007 11.139355468750026
48.43886718750002 11.290136718750006
48.57255859374999 11.320507812499983
48.674414062500034 11.32265625
48.903125 11.254882812500028
48.938574218750034 11.258447265625037

