41.537597656250114 -1.613183593750009
41.521875000000136 -1.572265625000014
41.42695312500007 -1.44951171874996
41.249804687500045 -1.220507812500031
41.11582031250009 -1.047460937500034
40.97871093750001 -0.870312500000011
40.97822265625001 -0.728710937500026
40.97656250000006 -0.307324218749969
40.97324218750009 0.535400390625028
40.97001953125016 1.378173828125043
40.96669921875008 2.220947265625043
40.96503906250007 2.642333984375014
40.96445312500009 2.814648437500026
40.97871093750001 2.842431640625009
41.13496093750018 2.997070312499986
41.341796875000114 3.20166015625
41.61347656250001 3.590478515624994
41.76093750000007 3.80161132812502
41.88398437500007 3.977734375000026
41.91533203124999 4.031298828125003
42.02412109375001 4.137939453124972
42.22841796875008 4.201660156249986
42.35517578125007 4.21225585937502
42.79160156250009 4.2919921875
42.85664062500001 4.32421875
42.89472656250001 4.361083984375043
42.930957031250045 4.445312499999972
43.01601562500002 4.563330078125034
43.12568359375001 4.644482421875054
43.333984375 4.750390625000051
43.53828125000007 4.840332031249986
43.58349609375 4.854980468750043
43.82919921875009 4.911425781249989
43.88945312499999 4.93076171875002
43.98886718750009 4.950537109374963
44.028125 4.95097656249996
44.36953125000002 4.931201171875017
44.63662109375008 4.915771484374986
44.91162109375006 4.899902343750043
44.94052734375009 4.912011718750023
45.1328125 5.12167968750002
45.4384765625 5.455419921874977
45.633593750000045 5.668261718749989
45.93496093750008 5.997216796875037
46.16679687499999 6.234667968750003
46.422949218750034 6.49726562500004
46.67177734375008 6.737255859374997
46.97119140625 7.026025390625023
47.159765625000034 7.207861328125034
47.45283203125007 7.490478515625057
47.73164062500001 7.759326171875031
47.97822265625007 7.997070312500057
48.126757812500045 8.22216796875
48.272753906250045 8.443359375000028
48.42861328125008 8.679589843750009
48.61660156250008 8.964599609374986
48.79355468750009 9.232714843749989
48.938085937500034 9.451757812500034
48.938085937500034 9.564111328125009
48.93828124999999 9.807617187500057
48.93828124999999 9.973486328125006
48.93837890625002 10.433251953124966
48.9384765625 10.714208984375006
48.9384765625 10.982324218750009
48.938574218750034 11.258447265625037
49.06210937500009 11.270849609374991
49.38828125000009 11.342724609374983
49.64208984375 11.450927734375
50.11005859375007 11.529296874999972
50.46621093750002 11.727539062500043
50.5283203125 11.823193359374983
50.63593750000007 11.94379882812504
50.792285156250045 11.983691406250003
51.19130859375008 11.841992187499997
51.25488281250006 11.830712890625009
51.23183593750008 11.745019531250051
51.21816406250002 11.657666015625011
51.136328125000034 11.505126953125028
51.08427734374999 11.33564453125004
51.12226562500001 11.076757812499977
51.140625 10.656884765624966
51.13125 10.595898437499969
51.10488281250002 10.535839843749997
51.093847656250034 10.488525390625043
51.05078125000006 10.471972656250045
51.03183593750009 10.444775390625011
51.06318359375007 10.43393554687502
51.18828124999999 10.479736328125028
51.18554687500006 10.529833984375017
51.192968750000034 10.554638671875011
51.29570312499999 10.49868164062498
51.36914062500006 10.475244140624994
51.39023437500009 10.422607421875014
51.38457031249999 10.386523437500045
51.26816406250009 10.403125
51.20878906249999 10.431054687499966
51.035937500000045 10.385156250000023
50.93007812500002 10.335546875000048
50.8984375 10.253125
50.87373046875001 9.924169921874991
50.832812500000045 9.710498046874989
50.825 9.428173828125026
50.685156250000034 9.241162109375026
50.637988281250045 9.10927734374998
50.42978515625009 8.845263671875017
50.32119140625008 8.61958007812504
50.285742187500034 8.50942382812498
50.10283203124999 8.199804687499963
49.85205078125 7.962548828125037
49.76123046875006 7.659521484375034
49.67119140624999 7.46953125
49.57001953125007 7.296972656249977
49.34853515625008 6.990527343749989
49.234960937500034 6.777343749999986
49.09267578125008 6.407861328125037
49.04931640625006 6.173632812500003
48.649023437500034 5.494384765625
48.233984375000034 4.95268554687496
47.97529296875001 4.497021484375026
47.51142578125001 3.968261718750043
46.87880859375008 3.285644531249972
46.05117187500002 2.47514648437496
45.826269531250034 2.30986328124996
44.920214843750045 1.81015625000002
44.33271484375007 1.390966796874977
44.03271484375006 1.105908203124997
43.71757812499999 0.857861328124997
43.46767578125002 0.621630859375003
42.71210937500001 -0.17568359374998
42.63417968750008 -0.25078125
42.56074218750001 -0.321484375000011
42.465625 -0.45654296875
42.3994140625 -0.510058593749974
42.21894531250001 -0.737988281249955
42.10625 -0.856152343749969
41.97988281250008 -0.97304687499998
41.92626953125 -1.055566406249994
41.88828125000009 -1.150585937499997
41.84619140625 -1.203417968750017
41.73222656249999 -1.430078125
41.63203125000001 -1.578515624999952
41.532714843750114 -1.695312499999943

