34.0771484375 9.420996093749977
34.08457031250009 9.218505859375028
34.09101562500007 9.041259765624972
34.1015625 8.751855468749994
34.10175781250001 8.676367187499977
34.09453124999999 8.582226562499983
34.07275390625 8.545263671875006
34.01972656250001 8.492089843750009
33.95332031250007 8.443505859374966
33.78505859375008 8.431103515625011
33.644824218750045 8.432568359375054
33.54531250000008 8.443408203125031
33.409375 8.447753906250028
33.28105468749999 8.437255859375028
33.23427734375002 8.396386718750051
33.16523437500001 8.25107421875002
33.06523437499999 8.040478515625011
33.01259765625002 7.951513671875006
32.99892578125008 7.899511718749991
33.0146484375 7.86855468749998
33.08076171875001 7.82373046875
33.22597656250002 7.760644531250023
33.39228515625001 7.723730468749963
33.51630859375007 7.707763671875
33.60097656250008 7.690429687500028
33.66611328125009 7.670996093749977
33.902441406250034 7.509521484375028
33.97792968750002 7.434570312500028
34.02041015625008 7.36796875
34.03017578125002 7.296972656249977
34.064257812500045 7.225732421875037
34.20039062500007 7.084570312499963
34.27929687500006 7.002832031250009
34.484375 6.89838867187504
34.56279296874999 6.77983398437496
34.63876953125009 6.722167968750028
34.71064453125001 6.660302734375037
34.74921875000007 6.567871093750028
34.83808593750001 6.30014648437502
34.89785156250002 6.159814453125037
34.95898437500006 6.045068359375023
34.98359375000001 5.85830078124998
35.03193359375001 5.774902343750043
35.08193359375008 5.673144531250003
35.16445312500008 5.581201171875023
35.25244140625006 5.511035156250017
35.268359375000045 5.49228515625002
35.08447265625006 5.311865234375034
34.878320312500136 5.10957031250004
34.63984375000007 4.875488281250043
34.38017578124999 4.620654296874989
34.176855468750034 4.419091796874966
33.97607421875 4.220214843750043
33.74160156250002 3.985253906250037
33.56845703125009 3.81171875000004
33.53955078125 3.787109375
33.489355468750034 3.75507812500004
33.32431640625009 3.754345703124983
33.15410156249999 3.77470703124996
32.99726562500001 3.880175781250045
32.83808593750007 3.798486328125009
32.73710937499999 3.772705078124986
32.67695312500001 3.76318359375
32.53476562500009 3.749951171874969
32.335742187500045 3.706201171875037
32.24550781250002 3.65131835937504
32.19667968750002 3.607812499999966
32.15625 3.528027343749969
32.13593750000001 3.519726562499969
32.099414062500045 3.529199218750037
32.04824218750002 3.56118164062498
31.94179687500008 3.607568359375009
31.888281250000034 3.709082031249991
31.838671875000045 3.770458984374983
31.79804687500001 3.802636718749966
31.62890625 3.70146484374996
31.54716796874999 3.677587890624977
31.479980468750057 3.680468750000031
31.357421875000057 3.737597656250031
31.22197265624999 3.785937500000017
31.15234375 3.78559570312504
31.048046875000068 3.725
30.929394531250068 3.634082031249989
30.8681640625 3.544140624999969
30.83857421875001 3.490722656250014
30.816894531250057 3.533349609374994
30.79697265625009 3.573144531250009
30.75722656250008 3.624218750000026
30.69990234375001 3.644091796874989
30.647656250000068 3.634130859375006
30.58671874999999 3.624218750000026
30.559375 3.652783203124983
30.553515625000045 3.722949218749974
30.536914062500045 3.78720703125002
30.50830078125 3.835693359375043
30.42070312499999 3.883886718749991
30.19492187500009 3.981933593749986
30.02138671875008 4.17763671874998
29.933984375000023 4.268505859375011
29.870214843750034 4.327148437499972
29.77988281250009 4.480957031250043
29.676855468750034 4.586914062500043
29.552050781250045 4.636035156250017
29.469628906250023 4.611816406249972
29.38486328125009 4.498388671875048
29.22490234374999 4.391894531250017
29.151464843750034 4.388183593749972
29.057421875000074 4.445947265625023
28.939355468749994 4.487060546875043
28.72705078125 4.504980468749963
28.639550781250023 4.45449218749998
28.524804687500023 4.37285156249996
28.42753906249999 4.324169921874983
28.367187500000057 4.318652343750017
28.31103515624997 4.338037109374966
28.24726562500004 4.34853515624998
28.192089843749983 4.350244140624966
28.078613281250057 4.424804687499972
28.019824218750074 4.479394531249994
27.98066406250001 4.532080078124977
27.916601562500006 4.567919921875003
27.84160156249999 4.597753906250034
27.78808593750003 4.644677734375009
27.76142578125001 4.703222656250034
27.71923828125003 4.778320312500057
27.664160156250006 4.845996093749989
27.491015625000074 4.967578124999974
27.439257812500017 5.039208984374994
27.403320312500057 5.109179687500045
27.33242187499999 5.186328125000045
27.25673828125005 5.289648437500034
27.232519531250006 5.440771484375006
27.229101562500006 5.5625
27.21337890625 5.618798828125037
27.18125 5.675146484374977
27.14394531250008 5.722949218750031
27.08339843750008 5.77685546875
26.942285156250023 5.854931640625011
26.796484375000063 5.945507812499983
26.72636718749999 5.998242187499983
26.59365234375005 6.017529296874997
26.514257812500034 6.069238281249966
26.44746093750001 6.183007812499966
26.420507812500034 6.274169921874972
26.353320312500017 6.344921875
26.324609375000023 6.396240234374972
26.308593750000057 6.455322265625014
26.36181640624997 6.635302734375003
26.28457031250005 6.699023437500017
26.169335937500023 6.78173828125
26.08691406250003 6.872119140625017
26.03652343750005 6.955224609374994
25.888964843750017 7.064941406250043
25.566601562500068 7.228710937500011
25.380664062500017 7.333398437500023
25.278906249999977 7.427490234375014
25.19013671875001 7.519335937499989
25.18134765625001 7.557226562499977
25.23867187500005 7.648974609375017
25.247363281250045 7.724560546875054
25.200390625000068 7.807910156249974
25.00722656250005 7.964843749999972
24.853320312500045 8.137548828124991
24.736718750000023 8.19155273437498
24.45605468750003 8.239453125000054
24.375488281250057 8.258447265625009
24.29140625000005 8.29140625
24.208398437500023 8.369140625
24.179980468750017 8.461132812500011
24.22089843750001 8.608251953125048
24.19482421875003 8.653369140625003
24.147363281250023 8.665625
24.160449218750017 8.696289062500043
24.21357421875001 8.767822265625043
24.30019531250008 8.814257812500003
24.53193359375004 8.886914062499969
24.544824218749994 8.914843749999974
24.549414062500034 9.006787109374969
24.56826171875008 9.051708984374969
24.648046875000063 9.179101562499994
24.659375 9.22993164062504
24.662890625000074 9.338134765624972
24.673632812500045 9.389306640625009
24.696679687500023 9.425683593750051
24.760351562500034 9.488916015625051
24.78261718750005 9.527343749999972
24.79218750000004 9.610302734374997
24.785253906250034 9.774658203125
24.817675781250074 9.839599609375
24.96386718750003 9.988867187500034
25.00292968749997 10.055273437499963
25.016210937500034 10.115234375000014
25.01484375000001 10.17587890625002
25.02363281250001 10.235791015624969
25.066992187500063 10.293798828124977
25.104003906250057 10.311816406250003
25.211718750000074 10.329931640624963
25.28515625 10.318505859375037
25.79804687500004 10.420507812500034
25.858203125000045 10.406494140625028
25.885253906250057 10.34609375
25.8828125 10.249609375000034
25.89150390625008 10.20273437499999
25.91914062500004 10.169335937500023
26.000585937500006 10.1234375
26.05703125000005 10.046777343750009
26.087011718750034 10.018457031250023
26.169531250000063 9.965917968749977
26.551367187500034 9.525830078125026
26.658691406250057 9.484130859375057
26.76318359375003 9.499218750000011
26.97050781249999 9.590625
27.07421874999997 9.613818359375003
27.7998046875 9.587890625000057
27.880859375 9.601611328125003
27.885839843750034 9.59965820312496
27.996289062500068 9.378808593749994
28.048925781250063 9.328613281249986
28.844531250000045 9.326074218750009
28.829394531250074 9.388818359374994
28.839453124999977 9.459082031250006
28.932324218749983 9.549462890625037
28.979589843750034 9.594189453124997
28.979589843750034 9.593994140625057
28.999609375 9.610156249999974
29.122363281250074 9.674658203124963
29.24238281250001 9.718066406250017
29.473144531250057 9.768603515625003
29.55742187499999 9.848291015624994
29.603906250000023 9.921386718750043
29.60546875 10.065087890625009
29.635937500000068 10.088623046875014
29.691015625000034 10.121923828125048
29.957910156250023 10.250244140624986
30.00302734375009 10.277392578125017
30.474609375000057 9.978955078125054
30.73935546875009 9.742675781250057
30.755371093750057 9.731201171875028
30.76914062500009 9.726806640625014
30.783105468750023 9.734960937499991
30.794921875 9.745849609374986
30.81416015625001 9.753125
30.82705078125008 9.756298828124983
30.94033203125008 9.759375
31.15449218750001 9.77094726562504
31.224902343750045 9.79926757812504
31.65488281250009 10.221142578125011
31.764257812500034 10.355712890624986
31.7919921875 10.383154296874977
31.854296875000045 10.479052734374974
31.919921875000057 10.643847656249974
31.93300781250008 10.6625
32.404101562500045 11.057763671875009
32.42080078125008 11.089111328125
32.425390625000034 11.113964843749997
32.35419921875007 11.246923828125006
32.33886718750006 11.314501953125003
32.335742187500045 11.418554687499977
32.34990234374999 11.580419921874991
32.34492187500007 11.682714843749963
32.343066406250045 11.694287109375011
32.33847656250009 11.710107421875037
32.33535156250008 11.716015625
32.072265625 12.00673828124998
32.73671875000002 12.009667968750051
32.73828125 12.033740234374974
32.73769531250002 12.046435546874989
32.73564453124999 12.058056640625054
32.72304687500008 12.092919921875051
32.71582031250006 12.139257812499977
32.71533203125 12.152197265625048
32.71630859375006 12.164843750000045
32.72011718750002 12.188818359375048
32.72050781249999 12.201806640625023
32.719824218750034 12.208007812500043
32.718554687500045 12.21376953124998
32.71894531250007 12.218847656250034
32.721875 12.223095703125011
33.199316406250034 12.217285156249986
33.19306640625001 12.135009765625
33.13505859374999 11.94160156250004
33.13613281250002 11.825585937500023
33.12246093750002 11.69316406249996
33.11914062500006 11.682421874999989
33.106054687500034 11.653857421875031
33.09462890625002 11.6375
33.08154296875 11.62172851562498
33.07783203125007 11.615771484375003
33.073339843750034 11.606103515624994
33.07304687499999 11.59150390625004
33.17216796874999 10.850146484374989
33.16845703125006 10.831445312499994
33.16474609375001 10.819189453124991
33.138281250000034 10.772949218749986
33.131445312500034 10.757714843749994
33.13007812500007 10.745947265624991
33.14082031250001 10.737890625000034
33.36074218750008 10.657812499999977
33.37138671874999 10.652734375
33.37988281250006 10.646191406250011
33.459082031250034 10.550830078125031
33.892187500000034 10.198974609375028
33.90703124999999 10.181445312500003
33.95185546875007 10.070947265624966
33.95683593749999 10.054199218750014
33.95839843750002 10.027734375000037
33.95732421874999 10.007177734375034
33.94619140625002 9.940917968750028
33.94990234375001 9.9111328125
33.95732421874999 9.891455078124991
33.96328125000008 9.868701171874974
33.96328125000008 9.861767578124983
33.9625 9.855810546875006
33.95917968750001 9.845263671874989
33.89492187500008 9.71762695312502
33.8740234375 9.626757812499974
33.867773437500034 9.550341796875045
33.87148437500002 9.506152343750003
33.87880859375008 9.477734375
33.882128906250045 9.471191406249986
33.88486328125009 9.46640625
33.88789062500007 9.463525390625023
33.89091796874999 9.462207031250031
34.07675781250009 9.461523437499977
34.078125 9.461523437499977

