126.28203124999999 33.20151367187506
126.24023437500011 33.21484375000003
126.22900390625011 33.225244140624994
126.1787109375 33.282568359375034
126.165625 33.31201171875
126.19941406250001 33.368066406249966
126.33769531250016 33.460400390624955
126.69550781250001 33.54931640625003
126.75986328125009 33.55322265625003
126.90117187499999 33.51513671875
126.9312500000002 33.44384765625003
126.90537109375009 33.38237304687496
126.87285156249999 33.341162109375006
126.70917968750007 33.271679687499955
126.58173828125001 33.23833007812502
126.32695312499999 33.22363281250003

126.76992187500002 34.29643554687502
126.68906250000003 34.30541992187497
126.6460937500002 34.35112304687496
126.65185546875011 34.390332031249955
126.70000000000016 34.39589843750002
126.7530273437502 34.34399414062503

126.16972656250005 34.35517578124998
126.1337890625 34.38959960937498
126.10859375000018 34.39873046874999
126.12285156250016 34.443945312500034
126.22705078125 34.53271484375
126.24746093750014 34.563330078125034
126.34384765625009 34.544921875
126.37988281250011 34.49794921875002
126.33544921874994 34.42641601562502
126.23369140624999 34.370507812499994

127.78779296875018 34.58408203124998
127.73730468750011 34.63090820312502
127.78710937500011 34.68212890624997
127.79902343750007 34.61503906249999

126.1587890625002 34.70698242187498
126.11523437500011 34.714208984375034
126.07060546874999 34.783056640625034
126.05205078125005 34.83754882812502
126.00751953125001 34.86748046874999
126.07841796875016 34.91484375
126.16855468750003 34.829687500000034
126.17197265625003 34.73115234375001

128.0546875000001 34.70805664062502
127.98398437500009 34.703222656250006
127.94179687500002 34.766259765624966
127.896875 34.73549804687502
127.87343750000014 34.734960937500006
127.83828125000014 34.81333007812498
127.83222656250007 34.87451171875
127.91542968750014 34.92099609374998
127.96562500000016 34.893017578124955
128.03798828124997 34.878613281249955
128.06582031250014 34.805859374999955

128.64667968750018 34.73686523437502
128.5195312500001 34.819580078125
128.4892578125 34.86528320312499
128.58593749999994 34.932275390624966
128.66796875 35.0087890625
128.721875 35.013574218749994
128.74101562500005 34.79853515624998

126.40380859375011 36.42788085937502
126.3375000000002 36.470556640625006
126.31855468750007 36.61254882812497
126.38662109374997 36.57114257812498
126.41757812500009 36.492578124999966

130.8706054687501 37.44873046874997
130.81679687500014 37.47846679687498
130.81025390625007 37.509912109374994
130.8383789062501 37.53720703124998
130.90371093750002 37.55371093750006
130.93427734375018 37.529736328124955
130.9160156250001 37.47846679687498

126.51601562500014 37.604687499999955
126.46083984375002 37.61035156250003
126.42333984375011 37.62363281249998
126.40722656250011 37.6494140625
126.36933593750001 37.77202148437502
126.41162109375011 37.82265625000002
126.49355468750002 37.782568359375034
126.52070312500001 37.73681640625006

128.61884765625018 38.17607421875002
128.85244140624997 37.887060546875006
129.05156250000016 37.677636718749966
129.33515625000018 37.27456054687502
129.41826171875016 37.05903320312498
129.42617187499997 36.92553710937497
129.47343750000005 36.741894531249955
129.43300781250014 36.636621093749994
129.44501953125018 36.47070312500003
129.42714843750002 36.385498046875
129.392578125 36.32270507812498
129.39130859375018 36.20214843750003
129.4024414062502 36.137646484374955
129.40351562500018 36.05214843750002
129.42578125 36.01879882812497
129.45830078125016 36.006445312500034
129.50976562499994 36.03759765625
129.5728515625002 36.05053710937497
129.56171875000018 35.947656249999966
129.4854492187501 35.687402343749966
129.41914062500007 35.49785156249999
129.32900390625002 35.33276367187503
129.21416015625016 35.18183593750001
129.0767578125002 35.12270507812502
128.98007812500003 35.10151367187498
128.79570312500016 35.09389648437502
128.64257812499994 35.11958007812501
128.51093750000007 35.100976562499966
128.4581054687502 35.069433593750006
128.41884765625014 35.01567382812499
128.44765625000014 34.93208007812501
128.4439453125001 34.87036132812506
128.3876953125 34.875097656250034
128.27597656250003 34.91098632812498
128.1523437500001 34.915869140625006
128.09453125000005 34.93359374999997
128.03623046875003 35.02197265625003
127.97675781250001 35.018701171874994
127.87324218750018 34.96630859374997
127.71484374999994 34.9546875
127.65908203125014 34.926367187500006
127.63935546875001 34.88969726562499
127.66250000000014 34.843408203124966
127.74218750000011 34.782568359375006
127.71542968750009 34.721044921875006
127.6324218750002 34.690234375000045
127.5654296875 34.76591796874999
127.52363281250018 34.840087890625
127.47695312499997 34.84428710937499
127.40429687500011 34.823095703125006
127.38964843749994 34.743017578125034
127.4234375000002 34.68847656250003
127.47910156250009 34.62524414062503
127.40117187499999 34.55253906249996
127.38056640625007 34.50063476562505
127.32460937500014 34.46328125
127.17343750000003 34.546142578125
127.19492187500009 34.60502929687499
127.26054687500005 34.66166992187499
127.2686523437502 34.72036132812505
127.24707031249994 34.75512695312503
127.03076171875011 34.60688476562501
126.89746093749994 34.438867187499994
126.8262695312502 34.451074218749994
126.79648437500009 34.494287109374994
126.75478515625014 34.51186523437502
126.61083984375011 34.40351562499998
126.58437500000014 34.31752929687505
126.53144531250018 34.31425781249999
126.50830078125 34.350634765625045
126.50644531250003 34.428369140624966
126.48173828124999 34.49394531250002
126.33261718750009 34.58964843749996
126.26445312500016 34.67324218750002
126.30107421875016 34.71997070312497
126.42558593750005 34.69458007812503
126.5245117187502 34.697900390624994
126.5049804687502 34.737548828125
126.47285156250007 34.75634765625
126.53857421875011 34.778662109375006
126.5933593750002 34.824365234374994
126.54794921875009 34.836767578125034
126.47851562499994 34.81035156249999
126.42070312499999 34.823388671874994
126.39785156250014 34.93281249999998
126.32744140624999 35.045117187499955
126.29111328125009 35.154150390625034
126.36054687500018 35.216894531250034
126.39589843750002 35.31440429687501
126.46044921875011 35.45561523437499
126.4927734375002 35.50126953124996
126.58222656250007 35.53447265624999
126.61406250000016 35.570996093749955
126.56494140625 35.589746093749966
126.48652343750018 35.606347656249966
126.48847656250007 35.647070312500006
126.54189453125002 35.66933593750002
126.6015625 35.714208984375006
126.71738281250003 35.76884765624996
126.7530273437502 35.871972656249994
126.71962890624997 35.897900390624955
126.64746093750011 35.92241210937496
126.6636718750002 35.97451171875002
126.69345703125003 36.01416015625
126.68232421875018 36.03793945312498
126.59707031250014 36.10502929687496
126.54042968750014 36.166162109374994
126.5572265625002 36.23583984374997
126.54423828125005 36.34121093750002
126.55195312500018 36.42968750000003
126.54824218750014 36.477636718750034
126.50664062499999 36.58564453125001
126.48769531249997 36.69379882812501
126.43300781250014 36.67802734374999
126.38876953125009 36.65117187500002
126.23066406250018 36.68925781249996
126.18085937500018 36.69160156250001
126.16054687500014 36.77192382812501
126.21718750000002 36.870947265625034
126.35156249999994 36.958203124999955
126.42871093750011 36.969042968750045
126.48701171875018 37.007470703124966
126.5777343750002 37.01958007812502
126.68671875000001 36.96035156250005
126.78447265625005 36.94843750000001
126.83876953125002 36.84609375000002
126.87207031250011 36.82446289062497
126.87910156250007 36.862060546875
126.95800781249994 36.90615234375002
126.97685546875016 36.939404296874955
126.95976562500016 36.957617187500006
126.86894531249999 36.975732421874966
126.78740234374999 37.10273437500001
126.77607421875018 37.15820312500003
126.74638671874999 37.193554687499955
126.79052734375011 37.294921875
126.69619140624997 37.41069335937496
126.65029296875014 37.447119140625006
126.65683593750003 37.551171874999966
126.60761718750018 37.61743164062497
126.58017578125009 37.65375976562501
126.56337890625014 37.71650390624998
126.5777343750002 37.74472656249998
126.62070312500009 37.755468750000034
126.6338867187502 37.78183593749998
126.66455078125011 37.80073242187501
126.66650390625 37.82792968749996
126.66679687500016 37.91718750000001
126.75429687500002 37.97895507812498
126.87890625000011 38.106054687500034
126.9400390625002 38.17558593749999
127.00966796875002 38.24052734374999
127.09033203125011 38.28388671875004
127.16953125000003 38.30454101562498
127.2940429687502 38.31328124999999
127.53271484375 38.30498046874999
127.57949218750002 38.3125
127.74550781249997 38.31923828125005
127.78466796874994 38.307714843750006
127.90527343750011 38.30043945312502
128.03896484374997 38.30854492187498
128.10625 38.32734375000001
128.16865234375 38.359326171874955
128.2231445312501 38.41699218749997
128.2792968750001 38.52377929687506
128.3394531250002 38.607861328124955
128.3746093750001 38.62343750000002

