-26.259863281249977 -58.49228515625001
-26.41533203124996 -58.43984374999999
-26.451025390625034 -58.41533203125005
-26.401220703125006 -58.38320312499999
-26.303466796875 -58.38222656249997
-26.279394531249977 -58.40175781249995
-26.264111328124955 -58.43515625

-37.00605468750001 -54.1142578125
-36.92890625000001 -54.081152343750006
-36.84892578124996 -54.08505859375
-36.80517578125003 -54.101464843749966
-36.76005859374999 -54.107714843749996
-36.70380859374998 -54.10810546874999
-36.606884765624955 -54.18984375000003
-36.647412109374955 -54.26230468750005
-36.54101562500003 -54.248046874999986
-36.44863281249994 -54.308398437500024
-36.40673828125003 -54.30332031249997
-36.385839843750034 -54.27890625
-36.32646484375002 -54.251171875
-36.28525390624998 -54.288671875
-36.23564453124999 -54.36044921874997
-36.17260742187503 -54.382226562499966
-36.116894531249955 -54.45830078125001
-36.07314453125002 -54.55410156249999
-36.03310546875002 -54.56767578125
-35.96464843749993 -54.56806640624999
-35.89531250000002 -54.55478515625004
-35.92153320312494 -54.6375
-35.913281249999955 -54.71083984375004
-35.79858398437503 -54.76347656250001
-35.86694335937503 -54.79238281250004
-35.938916015624926 -54.834277343750045
-36.08549804687496 -54.86679687500001
-36.123632812500006 -54.85292968750003
-36.25170898437497 -54.77988281249998
-36.31147460937498 -54.69375
-36.44575195312498 -54.57070312499999
-36.47207031250002 -54.53447265624999
-36.506542968749926 -54.51123046874996
-36.628125 -54.496093749999986
-36.734960937500006 -54.46660156250002
-36.82387695312502 -54.40429687500002
-36.851708984374994 -54.36601562500004
-36.88598632812497 -54.33945312500005
-37.006738281249966 -54.34091796874999
-37.08281250000002 -54.31152343750004
-37.158105468749994 -54.271484374999964
-37.49765624999998 -54.155859375000034
-37.63090820312493 -54.16748046875001
-37.692285156249994 -54.134765625
-37.68901367187496 -54.0767578125
-37.618847656249955 -54.04208984375004
-37.91279296874998 -54.02890625000002
-38.01743164062498 -54.008007812500026
-37.94550781249998 -53.995605468749986
-37.535839843749926 -53.99375
-37.382226562499994 -53.98408203125003
-37.36875 -54.009179687499994
-37.23281250000002 -54.06054687499998
-37.10332031250002 -54.065625

