37.813964843750114 -46.96289062500004
37.61181640624994 -46.94648437499998
37.59003906250007 -46.908007812500045
37.64970703125016 -46.84892578125
37.68486328124999 -46.82402343749999
37.789550781250114 -46.8375
37.872851562500045 -46.88544921874998
37.887695312500114 -46.90166015625
37.85693359375 -46.944238281249966

30.46015625000001 -22.329003906250023
30.71162109375001 -22.29785156249997
30.916113281250034 -22.29072265625004
31.073437500000125 -22.30781249999997
31.197265625000114 -22.34492187499997
31.28789062499999 -22.402050781249983
31.293164062500125 -22.45468750000005
31.300195312500136 -22.478613281250034
31.34804687500008 -22.617578125
31.419335937500136 -22.82509765625001
31.466699218750023 -23.016699218749963
31.531738281250114 -23.27949218750004
31.529687500000136 -23.42578125
31.545605468750125 -23.482324218749966
31.604101562500034 -23.55292968749997
31.675585937500045 -23.67421875
31.7 -23.74306640624998
31.724023437500136 -23.794531249999977
31.799609375000045 -23.892187499999977
31.858300781250136 -24.040234375000026
31.908007812500045 -24.236230468749994
31.950585937500023 -24.33027343749997
31.966601562500045 -24.376464843749957
31.98583984375 -24.46064453124997
31.983203125000102 -24.63828125
31.984375 -24.844042968750003
31.98574218750008 -25.07382812500002
31.987011718750068 -25.263476562500017
31.979394531250023 -25.359472656250034
31.984570312500068 -25.631933593750034
31.920312500000136 -25.77392578125
31.92832031250009 -25.885351562499963
31.948242187500057 -25.957617187500034
31.921679687500045 -25.96875
31.871484375000136 -25.98164062500004
31.640429687500045 -25.86728515625002
31.41513671875009 -25.74658203125003
31.382617187500045 -25.74296875
31.33515625000001 -25.755566406249997
31.207324218750045 -25.84335937500002
31.088085937500068 -25.980664062500026
31.03330078125009 -26.097753906249977
30.94521484375008 -26.21875
30.803320312500034 -26.413476562499994
30.7890625 -26.455468750000023
30.787500000000136 -26.613671875000023
30.79433593750008 -26.764257812499963
30.806738281250034 -26.785253906249977
30.883300781250114 -26.79238281250001
30.938085937500034 -26.915820312500017
31.063378906250023 -27.1123046875
31.274023437500034 -27.238378906250006
31.469531250000045 -27.29550781250002
31.74257812500008 -27.309960937500023
31.95839843750008 -27.305859375
31.946093750000045 -27.17363281249996
31.967187500000023 -26.96064453125001
31.994726562500034 -26.817480468749977
32.024804687500136 -26.811132812500006
32.081640625000034 -26.82480468750005
32.112890625000034 -26.839453125
32.199609375000136 -26.833496093750043
32.353515625000114 -26.86162109374999
32.47773437500001 -26.858496093749977
32.58876953125008 -26.85576171874996
32.77656250000007 -26.85097656250005
32.88613281250008 -26.84931640624997
32.849121093750114 -27.08017578125002
32.70585937500016 -27.441601562500026
32.65703125000016 -27.607324218750037
32.53476562500009 -28.199707031250014
32.37519531250018 -28.498242187499997
32.28574218750009 -28.621484374999966
32.027246093749966 -28.839550781249983
31.95537109374999 -28.88378906250003
31.891503906250136 -28.91210937500003
31.778222656249966 -28.937109374999963
31.33515625000001 -29.378125
31.169921874999943 -29.5908203125
31.023339843750023 -29.90087890625003
30.877636718750182 -30.071093749999974
30.663574218750114 -30.43417968750005
30.472265625000034 -30.714550781250054
30.28867187500009 -30.97011718749998
29.97119140625 -31.322070312500017
29.830273437500068 -31.423828124999957
29.735156250000045 -31.47041015625004
29.48291015625 -31.674707031249994
29.127832031250023 -32.003125
28.85595703124997 -32.29423828125
28.44941406250001 -32.62460937499999
28.21406250000004 -32.769238281250054
27.860644531250074 -33.053906250000054
27.76210937500005 -33.09599609375
27.36376953125 -33.360546875
27.077441406250017 -33.52119140625004
26.61367187500005 -33.70742187500005
26.42949218749999 -33.75957031250002
25.989550781250074 -33.71132812500005
25.80585937500004 -33.737109374999974
25.652441406250063 -33.84960937499997
25.63818359375 -34.01113281250002
25.57421875000003 -34.03535156249998
25.477246093750068 -34.028125
25.169726562500045 -33.96074218749996
25.00292968749997 -33.973632812500014
24.905566406250045 -34.05976562499998
24.827148437500057 -34.168945312500014
24.595507812500017 -34.17451171875
24.183007812499994 -34.061523437499986
23.697851562500034 -33.992773437500006
23.585546875000063 -33.98515625
23.350390625000017 -34.06894531249998
23.268164062500063 -34.08115234374998
22.925585937500074 -34.063183593750054
22.735546874999983 -34.010253906250014
22.553808593750006 -34.010058593749974
22.41445312500005 -34.053808593750006
22.24550781250008 -34.06914062500002
21.78896484375005 -34.372656250000034
21.55322265625 -34.37304687500003
21.34980468750004 -34.408203125
21.248925781249994 -34.40703125000003
21.06015625 -34.36464843750001
20.989843750000063 -34.36748046874996
20.882421875000034 -34.38652343750002
20.77480468750005 -34.439941406249986
20.529882812500063 -34.46308593749998
20.434667968750034 -34.50859375000002
20.020605468750034 -34.78574218749999
19.92626953125 -34.774707031249974
19.85 -34.75664062500002
19.634960937499983 -34.75332031250005
19.39150390625005 -34.6056640625
19.29824218750005 -34.61503906250003
19.3232421875 -34.57080078125
19.33076171875001 -34.49238281250001
19.279394531250034 -34.43701171875
19.244628906250057 -34.41230468750004
19.14912109375004 -34.416894531249994
19.09833984375001 -34.35009765624997
18.95214843749997 -34.34375
18.901562500000068 -34.36064453124999
18.831347656250045 -34.364062499999974
18.825097656250023 -34.29648437499998
18.830664062500006 -34.25390625
18.82636718750001 -34.1884765625
18.808789062499983 -34.10820312499999
18.75214843750001 -34.08261718750002
18.70869140625004 -34.071875
18.605175781249983 -34.07734375000001
18.53388671875004 -34.085937499999986
18.50039062500005 -34.10927734375002
18.462109375000068 -34.16806640625002
18.46162109375004 -34.346875
18.41035156250001 -34.29560546874997
18.35205078125003 -34.1884765625
18.33339843750005 -34.074218749999986
18.35439453125005 -33.9390625
18.46503906250004 -33.88779296875002
18.45644531250005 -33.79648437499999
18.43300781250008 -33.717285156250014
18.30947265625005 -33.51445312499999
18.26123046875 -33.42167968750002
18.156347656250034 -33.358789062499994
18.074804687500034 -33.207324218750045
17.99257812500005 -33.15234375000003
17.958398437500023 -33.04638671875003
17.878222656250045 -32.96152343749996
17.85107421875 -32.82744140625
17.895312500000045 -32.75048828124996
17.96523437499999 -32.70859375000005
18.03652343750005 -32.77509765625
18.125 -32.749121093750034
18.250878906250023 -32.6521484375
18.325292968749977 -32.504980468750034
18.329882812500045 -32.26953125000003
18.31074218750004 -32.12246093750001
18.210839843750023 -31.742480468750045
18.163671875 -31.655175781250023
17.938574218749977 -31.383203125000037
17.677441406249983 -31.01904296875
17.347070312499994 -30.44482421875
17.189062500000063 -30.099804687500054
16.95 -29.40341796875002
16.73945312500004 -29.009375
16.48076171874999 -28.64150390625005
16.447558593750074 -28.617578124999966
16.487109375000045 -28.572851562500006
16.62617187500004 -28.48789062500002
16.689453125000057 -28.464941406249963
16.72304687500005 -28.47548828124998
16.75576171875008 -28.452148437500014
16.7875 -28.39472656250004
16.794531250000063 -28.340820312499986
16.810156250000034 -28.264550781249994
16.84121093750008 -28.218945312500026
16.875292968750074 -28.127929687499957
16.93330078125001 -28.06962890624999
17.05625 -28.03105468750003
17.149414062500057 -28.08222656249997
17.18847656250003 -28.13251953125001
17.20458984375003 -28.19882812500002
17.245800781250068 -28.230859374999966
17.312011718750057 -28.22861328125005
17.358691406250074 -28.26943359375001
17.38574218749997 -28.353222656250026
17.380273437500023 -28.413964843749966
17.342578125000074 -28.451660156250014
17.347851562500068 -28.50117187499997
17.395898437499994 -28.562695312499983
17.41572265625004 -28.62109374999997
17.44794921875004 -28.698144531250037
17.616796875000063 -28.74306640625005
17.699316406250006 -28.76835937499996
17.841601562500045 -28.77695312500002
17.97607421875 -28.811328125
18.10273437500004 -28.871679687499963
18.310839843750074 -28.886230468749986
18.600390625000074 -28.85527343749999
18.83876953125005 -28.86914062499997
19.02607421875004 -28.927929687500054
19.161718750000034 -28.93876953125003
19.24580078125004 -28.90166015625003
19.2822265625 -28.847949218750003
19.27099609375 -28.777734375
19.312695312500068 -28.73330078125001
19.407226562500057 -28.71445312499999
19.48291015625003 -28.66162109374997
19.539843750000074 -28.574609375
19.671484375000063 -28.50390625
19.877832031249994 -28.449414062499997
19.98046875000003 -28.45126953125002
19.98046875000003 -28.310351562500003
19.98046875000003 -27.865527343749974
19.98046875000003 -27.42070312500003
19.98046875000003 -26.975976562500023
19.98046875000003 -26.531152343749994
19.98046875000003 -26.086328124999966
19.98046875000003 -25.641601562499957
19.98046875000003 -25.196777343750014
19.98046875000003 -24.77675781249998
20.028613281250074 -24.807031250000023
20.34521484375 -25.029882812500034
20.4306640625 -25.14707031250002
20.473144531250057 -25.221289062500034
20.60927734375008 -25.491210937499957
20.710742187500045 -25.73320312499996
20.79316406250004 -25.915625
20.799414062500006 -25.99902343750003
20.811035156250057 -26.08056640625003
20.822656250000023 -26.120605468750014
20.815039062500063 -26.164941406249994
20.757031250000068 -26.264160156249957
20.697851562500006 -26.340136718749974
20.626757812500074 -26.44384765624997
20.619921875000017 -26.58085937499999
20.641406250000045 -26.7421875
20.685058593750057 -26.82246093750001
20.739843750000034 -26.84882812499997
20.870898437500074 -26.808789062499983
20.953906250000017 -26.82109375
21.070996093750068 -26.851757812500026
21.45498046875005 -26.83281249999999
21.501367187499994 -26.842675781250037
21.646289062500045 -26.854199218749997
21.69472656250005 -26.840917968750034
21.73808593749999 -26.806835937500026
21.78828125000001 -26.71005859375002
21.83320312500001 -26.67832031250005
21.91455078124997 -26.66191406249999
22.010937500000068 -26.635839843750006
22.090917968750034 -26.580175781250034
22.217578125000074 -26.388867187500054
22.470898437499983 -26.219042968750003
22.548632812500017 -26.178417968749983
22.597656250000057 -26.132714843749994
22.640234375000034 -26.071191406249994
22.72900390625 -25.857324218750023
22.796093750000068 -25.67910156250005
22.818945312500034 -25.595117187499994
22.87880859375005 -25.45791015625001
22.951269531250063 -25.370312500000026
23.022070312500006 -25.324121093750023
23.05751953125005 -25.312304687500017
23.148730468750074 -25.28867187499999
23.26601562500005 -25.26660156250003
23.389257812500034 -25.291406250000023
23.521484375000057 -25.344433593749983
23.67070312499999 -25.433984375000023
23.82343750000004 -25.54462890625001
23.89375 -25.600878906250003
23.969531250000045 -25.62607421874999
24.1044921875 -25.634863281250006
24.19296875 -25.632910156249963
24.330566406250057 -25.742871093749983
24.400195312500017 -25.749804687499974
24.55585937500004 -25.78310546875001
24.748144531250034 -25.81738281249997
24.869238281250006 -25.81347656249997
24.99892578125005 -25.754003906250034
25.09248046875001 -25.751464843749957
25.213378906250057 -25.75625
25.34619140625 -25.73994140625001
25.443652343750074 -25.714453124999963
25.518164062500063 -25.66279296875001
25.583789062500017 -25.60625
25.6591796875 -25.437890625000023
25.70263671874997 -25.302343750000034
25.76992187499999 -25.146484374999986
25.852441406250023 -24.935253906250026
25.88183593749997 -24.78798828125005
25.91210937500003 -24.747460937499966
26.031835937499977 -24.70244140625003
26.130859375 -24.67148437500002
26.397167968750068 -24.613574218750045
26.451757812500006 -24.58271484374997
26.501562500000034 -24.513281250000034
26.617773437499977 -24.39550781250003
26.76113281250005 -24.297167968749974
26.835058593750034 -24.240820312500034
26.970605468750023 -23.76347656249996
26.987011718750068 -23.704589843749957
27.085546874999977 -23.57792968749999
27.146386718750023 -23.524414062500014
27.18554687500003 -23.5234375
27.2412109375 -23.49003906250003
27.313378906250023 -23.424218750000037
27.399218750000017 -23.383593750000017
27.49873046875004 -23.368359375000026
27.56318359375004 -23.32460937499999
27.592675781249994 -23.252636718749983
27.643847656250045 -23.217675781249966
27.71679687499997 -23.21962890625001
27.75830078125 -23.19677734374997
27.76855468750003 -23.148925781249986
27.812597656250034 -23.108007812500006
27.890527343750023 -23.073925781249983
27.931347656249983 -23.033593750000037
27.93505859375003 -22.98701171875004
28.027929687500034 -22.87373046874997
28.21015625000004 -22.69365234374996
28.38173828125008 -22.593359374999963
28.54287109375005 -22.572949218749983
28.695507812500068 -22.535449218749974
28.83984374999997 -22.48085937500005
28.94580078124997 -22.39511718749999
29.01347656249999 -22.27841796875002
29.1298828125 -22.21328125
29.36484375000009 -22.193945312500034
29.37744140625 -22.19277343749998
29.663085937500114 -22.146289062500003
29.90234375 -22.184179687500006
30.190429687500057 -22.29111328125002

27.735546875000068 -28.940039062500034
27.660449218750045 -29.046972656249963
27.59023437500005 -29.146484374999986
27.527148437500074 -29.23613281249996
27.491015625000074 -29.276562500000026
27.4580078125 -29.30273437500003
27.424902343750006 -29.360058593749983
27.356835937499994 -29.45527343750001
27.29453125 -29.519335937500003
27.207421875000023 -29.55419921875
27.09521484375 -29.599316406250054
27.056933593750017 -29.625585937499977
27.05175781250003 -29.6640625
27.091796875 -29.753710937499974
27.130468749999977 -29.840234375
27.19355468750004 -29.941308593749994
27.239746093750057 -30.015332031249983
27.312695312500068 -30.105664062499997
27.35537109375005 -30.158593750000037
27.349707031250063 -30.247363281250003
27.364062500000045 -30.27919921875001
27.388476562500045 -30.31591796875003
27.40859375000008 -30.325292968749977
27.431445312500017 -30.338476562500006
27.491992187500017 -30.36396484375004
27.50654296875004 -30.380957031250034
27.549023437499983 -30.41123046874999
27.589648437500017 -30.466406250000034
27.666601562500063 -30.54228515624996
27.753125 -30.6
27.90185546875003 -30.62382812499996
28.018164062500006 -30.642285156249983
28.056835937500068 -30.63105468750001
28.09638671875004 -30.58457031250005
28.128710937500045 -30.52509765625001
28.139062500000023 -30.44990234374997
28.17617187500005 -30.409863281249983
28.3154296875 -30.21845703124997
28.392089843750057 -30.147558593750006
28.439062500000034 -30.142480468750037
28.499609375000034 -30.12890625000003
28.57666015625 -30.123046874999986
28.634375 -30.12871093749999
28.646875 -30.1265625
28.736914062500063 -30.101953125000037
28.90107421875001 -30.038476562499994
28.97529296875004 -29.999414062500023
29.029003906250068 -29.967578125000017
29.09804687499999 -29.91904296874999
29.12197265625008 -29.801171874999966
29.142187500000034 -29.700976562499974
29.195117187500045 -29.65166015624996
29.249218750000182 -29.618847656250026
29.293554687500034 -29.566894531250014
29.34882812500001 -29.441992187499977
29.386718750000114 -29.319726562500023
29.390722656250034 -29.269726562500054
29.370898437500102 -29.218457031249997
29.335937500000057 -29.16367187500002
29.301367187500034 -29.08984375
29.259765625000114 -29.07832031250004
29.178027343750045 -29.03691406249996
29.058007812500023 -28.953710937499977
28.953710937500006 -28.88144531249999
28.85625 -28.776074218750026
28.816210937500045 -28.758886718749977
28.721777343750006 -28.68769531250004
28.68115234374997 -28.646777343749974
28.652636718750017 -28.59785156250004
28.625781250000074 -28.58173828125004
28.58339843750005 -28.59414062499999
28.471875 -28.615820312499963
28.232617187499983 -28.701269531249963
28.084375 -28.77998046875001
27.959863281250023 -28.87333984375003
27.830371093750017 -28.909082031250023

