-17.984765624999966 27.64638671875005
-18.106591796875023 27.707470703124955
-18.135937499999955 27.727929687499966
-18.16054687499999 27.76147460937503
-18.043359375000023 27.76811523437496
-17.924511718749955 27.85014648437499
-17.88793945312497 27.80957031249997

-15.406689453124926 28.07050781250004
-15.38315429687492 27.992822265625023
-15.38916015625 27.87470703125001
-15.436767578125028 27.810693359375023
-15.559375 27.746972656250023
-15.655761718749972 27.758398437500034
-15.710302734374977 27.784082031250023
-15.807324218749926 27.887548828124977
-15.809472656250023 27.994482421875006
-15.720947265625 28.064160156249983
-15.682763671874966 28.154052734375
-15.452783203124994 28.136914062499955
-15.432714843750006 28.154248046874955
-15.415478515624955 28.159326171874994
-15.400585937499926 28.147363281249966

-17.22539062499999 28.013525390625063
-17.27392578125003 28.038281249999955
-17.324902343749926 28.117675781250057
-17.29033203124999 28.17631835937499
-17.258593750000017 28.20317382812496
-17.21435546874997 28.19926757812496
-17.12963867187503 28.15595703125004
-17.103759765625 28.11113281249996
-17.10107421874997 28.08344726562501
-17.18466796874995 28.02197265625

-16.418212890624943 28.15141601562499
-16.496240234374937 28.061914062499966
-16.542773437500017 28.032080078125006
-16.65800781249996 28.007177734375006
-16.794726562500017 28.14916992187497
-16.86601562499996 28.293261718750017
-16.90532226562499 28.339599609375057
-16.84306640624999 28.376123046875023
-16.75205078124992 28.369824218749983
-16.556835937499955 28.400488281250006
-16.517431640625006 28.412695312500006
-16.318994140624994 28.558203125
-16.123632812499977 28.57597656249999
-16.119140624999943 28.52827148437504
-16.334472656249943 28.379931640625017

-14.332617187499949 28.056005859375006
-14.468603515624949 28.082373046875034
-14.491796874999977 28.100927734375006
-14.35556640624992 28.129687500000017
-14.231982421874989 28.21582031249997
-14.152587890624972 28.406640625000023
-14.02836914062496 28.61743164062497
-14.003369140624955 28.706689453124966
-13.95415039062496 28.74145507812503
-13.886279296874989 28.74467773437496
-13.857226562500017 28.73803710937503
-13.8271484375 28.691210937500017
-13.827587890624926 28.585156249999983
-13.862988281249955 28.40932617187505
-13.92802734374996 28.25346679687499
-14.19677734375 28.169287109374977

-17.859375 28.485693359374977
-17.882128906249932 28.564599609374966
-18.00078125 28.758251953124983
-17.92880859374995 28.844580078124977
-17.797558593749955 28.846777343749977
-17.744531249999966 28.786572265624983
-17.726562499999943 28.724462890625034
-17.751611328124994 28.688574218750006
-17.744384765624943 28.61601562499996
-17.758007812499955 28.569091796875
-17.83427734374996 28.49321289062499

-13.783984375000017 28.845458984375
-13.859912109374932 28.86909179687501
-13.823632812499994 29.013330078124994
-13.788183593749977 29.05610351562501
-13.650097656250011 29.118994140625034
-13.535058593750023 29.14428710937503
-13.501416015625011 29.21123046874999
-13.463574218749926 29.23720703125005
-13.422949218750006 29.19750976562503
-13.453759765624966 29.151367187500057
-13.477929687500023 29.00659179687503
-13.554687500000028 28.960205078125
-13.715966796875023 28.911230468749977

1.571191406249994 38.65883789062502
1.504980468750006 38.670996093750034
1.405761718750057 38.670996093750034
1.401953124999977 38.71142578125
1.417187500000068 38.739648437499966
1.436328125000045 38.76821289062502
1.496875 38.7119140625
1.592675781250023 38.70146484375002
1.593945312500011 38.67207031249998

1.408984374999989 38.85727539062506
1.256933593750006 38.879003906250034
1.223339843750011 38.903857421875045
1.25625 38.973388671875
1.299804687500028 38.98173828125002
1.302539062500074 39.03115234375002
1.348632812500028 39.08081054687503
1.564453125000057 39.121044921874955
1.613183593750023 39.08740234375003
1.623632812500034 39.038818359375
1.494531250000023 38.93251953125002
1.445214843749994 38.91870117187503

3.241113281250023 39.75668945312506
3.342187500000023 39.786718750000034
3.395898437500023 39.77729492187498
3.448925781250011 39.76123046875
3.461816406250051 39.69775390625003
3.414648437500034 39.627148437499955
3.348730468750006 39.55566406250006
3.292968750000028 39.47705078125003
3.244726562500063 39.386621093749966
3.154589843749989 39.33325195312503
3.072851562500034 39.30126953125
2.900097656250011 39.36835937499998
2.7998046875 39.38505859375002
2.769824218750017 39.410253906250006
2.745996093750051 39.51025390625003
2.700585937500051 39.54213867187505
2.634082031249989 39.55620117187499
2.57587890625004 39.53066406250002
2.499511718750028 39.477880859375006
2.458789062499989 39.53046874999998
2.394335937500017 39.540380859375034
2.370019531250023 39.57207031250002
2.371289062500011 39.61308593750002
2.784960937500017 39.85483398437498
2.90478515625 39.908300781250034
3.158691406250028 39.97050781250002
3.197558593750045 39.96108398437505
3.164453125000051 39.92421875
3.166992187500028 39.90771484375
3.19863281250008 39.88984375000001
3.190917968750028 39.86137695312499
3.158691406250028 39.836572265624994
3.145312500000045 39.79008789062502

4.275292968750051 39.830273437499955
3.96767578125008 39.94584960937496
3.867187500000028 39.958740234375
3.842675781250023 39.97636718749996
3.84541015625004 40.036474609375034
3.85341796875008 40.06303710937502
4.059179687499977 40.075097656249994
4.225781249999983 40.032373046874994
4.315136718749983 39.917236328125
4.322070312500074 39.89750976562496
4.293652343750068 39.84184570312499

-7.59458007812492 43.72734375000002
-7.503613281249955 43.73994140625001
-7.399316406249937 43.69580078125
-7.261962890625028 43.594628906249994
-7.060986328124926 43.55395507812497
-6.90068359374996 43.58564453125004
-6.617285156249949 43.59238281249998
-6.475683593749977 43.57890624999999
-6.224121093749972 43.603857421875006
-6.080126953124932 43.594921874999955
-5.8466796875 43.64506835937496
-5.665820312499989 43.58247070312501
-5.315722656249989 43.55317382812498
-5.105273437499932 43.50185546875002
-4.523046874999977 43.415722656249955
-4.31279296874996 43.41474609375004
-4.015332031249926 43.46308593750001
-3.889355468749926 43.499414062499966
-3.774023437499977 43.477880859375006
-3.604638671875023 43.519482421874955
-3.523632812499955 43.51103515625002
-3.417871093749966 43.45170898437502
-3.045605468749983 43.37158203125003
-2.947705078124926 43.43969726562497
-2.87504882812496 43.454443359375034
-2.607080078124994 43.412744140624966
-2.337109374999983 43.32802734375002
-2.196679687499966 43.32192382812502
-1.991308593749949 43.345068359375034
-1.828515625000023 43.400830078124955
-1.79404296874992 43.407324218750034
-1.792724609375 43.37255859374997
-1.753271484374949 43.32470703124997
-1.712841796874983 43.30703125000002
-1.627148437499926 43.282470703125
-1.561474609374955 43.27919921875002
-1.471728515624989 43.267675781250006
-1.410693359374989 43.24008789062498
-1.40732421874992 43.197119140625006
-1.422607421875 43.14912109375001
-1.459423828124955 43.10498046874997
-1.480468749999972 43.071142578125006
-1.460839843749994 43.05175781249997
-1.428759765624932 43.03676757812502
-1.394042968749972 43.032617187499994
-1.370507812499966 43.03759765625003
-1.352734374999983 43.064257812500045
-1.31884765625 43.09697265624996
-1.300048828125 43.100976562499966
-1.3015625 43.08247070312501
-1.28544921874996 43.05961914062499
-1.175439453125023 43.021142578124966
-0.933837890625 42.94951171875002
-0.839208984375006 42.94819335937501
-0.762646484374926 42.93979492187498
-0.740185546874983 42.909521484375034
-0.58642578125 42.798974609374994
-0.5498046875 42.80200195312497
-0.481152343749955 42.79931640624997
-0.3984375 42.80810546874997
-0.338574218749955 42.82880859375004
-0.299316406249972 42.82534179687502
-0.256054687499926 42.80395507812503
-0.205322265625 42.785302734374966
-0.140039062500023 42.748925781249994
-0.081494140624983 42.70385742187497
-0.041162109374937 42.689111328124994
0.201367187499983 42.719335937500006
0.25546875 42.69291992187496
0.312890625000051 42.69326171875002
0.377246093750017 42.70014648437501
0.517675781250034 42.68627929687503
0.631640625000074 42.689599609374994
0.641992187500051 42.70063476562504
0.651757812499994 42.80043945312502
0.669824218750051 42.83574218750002
0.696875 42.845117187499966
0.764453125000045 42.838037109374966
1.010058593750074 42.778955078124994
1.111132812500074 42.742041015625034
1.208300781250045 42.713134765625
1.293261718750045 42.70996093749997
1.349414062500017 42.69067382812503
1.428320312500034 42.59589843750001
1.414843750000017 42.54838867187502
1.421972656250063 42.53081054687499
1.430273437500063 42.49785156250002
1.428125 42.46132812500002
1.448828125000034 42.437451171874955
1.486230468749994 42.434472656249994
1.53408203125008 42.441699218750045
1.58642578125 42.455957031249994
1.678515625000017 42.496679687500034
1.706054687500028 42.503320312499966
1.85976562500008 42.45708007812496
1.927929687500011 42.42631835937502
1.951464843750017 42.39277343750001
1.986523437500068 42.358496093750034
2.032714843750057 42.353515625
2.098339843750011 42.38608398437498
2.200390625000011 42.42094726562499
2.374414062500023 42.39028320312505
2.567968750000034 42.345800781250034
2.651660156250017 42.34047851562502
2.654785156250028 42.36210937499999
2.670019531250034 42.39301757812498
2.70185546875004 42.40849609375002
2.749414062500051 42.413037109374955
2.815625 42.42924804687499
2.891406250000017 42.45605468750003
2.970019531250045 42.46723632812498
3.052636718749994 42.44721679687501
3.152148437500017 42.43100585937498
3.211425781250028 42.43115234375003
3.239843750000034 42.36787109375001
3.287890625000045 42.343701171874955
3.306738281249977 42.288964843749994
3.21865234375008 42.260351562500034
3.16640625 42.256494140624966
3.150390625000028 42.16245117187498
3.175195312500023 42.135986328125
3.224609375000057 42.11113281250002
3.238085937500045 42.08222656249998
3.248046875000028 41.94423828125002
3.146875 41.861035156249955
3.004882812500057 41.76743164062498
2.31093750000008 41.466503906249955
2.145605468750034 41.32075195312501
2.082617187500006 41.28740234374996
1.56660156250004 41.19560546875002
1.205859374999989 41.09755859375002
1.032910156250011 41.06206054687499
0.816894531249972 40.89160156249997
0.714648437500017 40.822851562500006
0.796093750000011 40.803808593750034
0.89111328125 40.722363281249955
0.859179687500074 40.68623046874998
0.72060546875008 40.63046874999998
0.660058593749994 40.61333007812496
0.62714843750004 40.622216796874994
0.596093750000023 40.61450195312503
0.363671875000023 40.319042968749955
0.15839843750004 40.10659179687502
0.043066406249977 40.01396484374999
-0.075146484374955 39.87592773437501
-0.32700195312492 39.519873046875034
-0.328955078124949 39.41708984374998
-0.20493164062492 39.062597656250034
-0.1337890625 38.969482421875
-0.034130859374926 38.891210937500034
0.154882812500034 38.82465820312498
0.201562500000023 38.759179687499966
0.136328125000063 38.69677734375003
-0.052734375 38.58569335937497
-0.38125 38.435644531250034
-0.52080078124996 38.317285156249994
-0.550683593750023 38.203125
-0.64677734374996 38.15185546875006
-0.68320312499992 37.992041015625006
-0.741552734375006 37.886132812499994
-0.75273437499996 37.850244140624966
-0.814648437499955 37.76992187500005
-0.823095703125006 37.71162109374998
-0.721582031250023 37.63105468749998
-0.771875 37.59624023437502
-0.822167968749994 37.580761718749955
-0.938085937499977 37.57133789062499
-1.327539062499994 37.561132812500034
-1.640966796875006 37.386962890625
-1.797607421875028 37.232861328124955
-1.939306640624949 36.94584960937502
-2.111523437499926 36.77666015625002
-2.187695312500011 36.74545898437506
-2.305566406249937 36.81982421875
-2.452832031249926 36.831152343750006
-2.595703125 36.80649414062506
-2.670605468749983 36.74755859375003
-2.787548828124983 36.71474609375002
-2.90185546875 36.74316406250003
-3.149169921874943 36.758496093749955
-3.259130859374977 36.75576171875002
-3.43125 36.70791015625005
-3.578808593749983 36.73984374999998
-3.827783203124994 36.75605468749998
-4.366845703124966 36.71811523437498
-4.43486328124996 36.70024414062499
-4.502246093750017 36.62915039062497
-4.674121093749932 36.506445312500034
-4.935302734374943 36.502050781250034
-5.17148437499992 36.42377929687498
-5.23051757812496 36.37363281249998
-5.3296875 36.23574218750002
-5.360937499999977 36.13491210937502
-5.381591796875 36.13408203125002
-5.4072265625 36.15888671875001
-5.443603515624943 36.15058593750001
-5.4625 36.07377929687499
-5.551269531250028 36.03881835937497
-5.625488281249943 36.02592773437502
-5.808398437500017 36.08833007812501
-5.960693359374943 36.181738281250034
-6.040673828124994 36.18842773437498
-6.17045898437496 36.33378906250002
-6.226269531249955 36.42646484374998
-6.26591796874996 36.52651367187502
-6.257714843749966 36.56484375000002
-6.268945312499937 36.596728515625045
-6.384130859374977 36.63701171874999
-6.412255859375023 36.728857421875034
-6.328320312499955 36.84814453125
-6.259423828124966 36.89897460937496
-6.216796874999972 36.91357421875003
-6.320947265624966 36.90849609374996
-6.396191406249926 36.831640625000034
-6.492431640625 36.954638671875045
-6.884619140624977 37.194238281249994
-6.859375 37.249169921874994
-6.863769531249972 37.27890625
-6.92949218749996 37.214941406250034
-6.974658203124932 37.198437499999955
-7.174951171874966 37.20878906250002
-7.406152343749994 37.179443359375
-7.4671875 37.42802734375002
-7.496044921874926 37.52358398437502
-7.50351562499992 37.585498046875045
-7.443945312499977 37.728271484375
-7.378906249999943 37.78637695312503
-7.292236328124972 37.906445312499955
-7.185449218749966 38.00634765624997
-7.072509765624972 38.030029296875
-7.022851562499966 38.04472656249999
-6.981103515624994 38.121972656249994
-6.957568359374989 38.18789062500002
-6.974804687499955 38.194433593750006
-7.106396484374955 38.181005859375034
-7.343017578125 38.45742187500002
-7.335791015624949 38.50146484375003
-7.305957031250017 38.566845703124955
-7.286376953125028 38.64936523437498
-7.281542968750017 38.71455078125001
-7.219921874999983 38.77050781250006
-7.12548828125 38.82695312499999
-7.046044921874994 38.90703125
-7.00625 38.98525390625002
-6.997949218749966 39.056445312500045
-7.04296875 39.107080078124966
-7.172412109374989 39.13520507812501
-7.305761718749977 39.33813476562506
-7.335449218749972 39.46513671874999
-7.362695312499937 39.47832031250002
-7.445117187499932 39.53618164062499
-7.524218749999989 39.64472656249998
-7.535693359375017 39.661572265624955
-7.4541015625 39.68066406250003
-7.117675781250028 39.68168945312496
-7.047412109375017 39.70556640625003
-7.036718749999949 39.71396484375006
-6.975390624999989 39.79838867187502
-6.91118164062496 39.937109375000034
-6.89609375 40.02182617187498
-6.916406249999966 40.05683593750001
-7.02783203125 40.14262695312499
-7.032617187500023 40.16791992187498
-7.014697265624989 40.20834960937506
-6.948437500000011 40.251611328124994
-6.858886718749972 40.300732421874955
-6.810156249999977 40.34311523437498
-6.821777343749943 40.37626953124999
-6.84794921874996 40.410986328125034
-6.85205078125 40.44326171875005
-6.835693359374943 40.483154296875
-6.829833984375 40.61909179687498
-6.818359374999972 40.654052734375
-6.835888671874983 40.777490234374994
-6.857714843749989 40.87832031250002
-6.928466796875028 41.009130859375034
-6.915527343749972 41.03803710937498
-6.882812499999943 41.062402343749966
-6.77578125 41.10771484374996
-6.690136718749955 41.21450195312505
-6.565917968749972 41.3037109375
-6.403125 41.375390624999966
-6.289355468749932 41.45502929687501
-6.244335937500011 41.51591796874999
-6.2125 41.53203124999999
-6.2216796875 41.560449218749994
-6.243115234374926 41.601806640625
-6.308056640624926 41.642187500000034
-6.391699218750006 41.66538085937498
-6.484667968749932 41.664404296875034
-6.542187499999926 41.672509765624994
-6.558984374999966 41.704052734374955
-6.55258789062492 41.78955078125006
-6.557519531249937 41.874121093750034
-6.575341796874937 41.9130859375
-6.618261718749977 41.9423828125
-6.703613281249943 41.9345703125
-6.777294921874955 41.95849609375
-6.833203124999983 41.96416015624999
-6.865527343749989 41.94526367187498
-7.030468749999926 41.95063476562501
-7.099121093749972 41.964208984375006
-7.147119140624966 41.98115234375001
-7.177929687499955 41.97167968750003
-7.19536132812496 41.955224609374966
-7.19833984374992 41.92939453125001
-7.209619140625023 41.895263671875
-7.268554687499943 41.86440429687502
-7.403613281250017 41.83369140624998
-7.512597656249994 41.83598632812499
-7.61259765624996 41.85795898437496
-7.644677734374994 41.87397460937501
-7.693066406250011 41.88847656249996
-7.896386718749937 41.87055664062504
-7.920849609374955 41.883642578125034
-7.990966796874943 41.851904296875034
-8.094433593749983 41.814208984375
-8.152490234374994 41.81196289062498
-8.173535156249926 41.81997070312502
-8.18125 41.83696289062502
-8.224755859374966 41.895849609375034
-8.213330078124955 41.927099609375006
-8.12998046874992 42.01816406249998
-8.139306640624966 42.039941406249994
-8.173583984375028 42.069384765625045
-8.204199218749949 42.11186523437499
-8.213085937499983 42.133691406249994
-8.266064453124955 42.137402343749955
-8.322558593749989 42.115087890625006
-8.538085937499943 42.06933593750003
-8.58964843749996 42.05273437500003
-8.682958984374977 42.00849609374998
-8.77714843749996 41.941064453124994
-8.852343750000017 41.926904296874966
-8.878320312499966 41.946875
-8.88720703125 42.10527343749996
-8.7724609375 42.21059570312502
-8.69091796875 42.274169921875
-8.729199218749983 42.287011718749966
-8.815820312499937 42.285253906250034
-8.809960937499994 42.33447265625003
-8.769384765624977 42.35815429687497
-8.73002929687496 42.41171874999998
-8.77617187499996 42.43481445312497
-8.812109374999977 42.470068359375034
-8.809912109374977 42.562353515625006
-8.799902343749977 42.59990234375002
-8.811523437499943 42.64033203125001
-8.987792968749972 42.585644531249955
-9.033105468749966 42.593847656250034
-9.035058593749937 42.66235351562506
-8.937207031249983 42.76669921874998
-8.927197265624983 42.798583984375
-9.04160156249992 42.814013671875045
-9.127197265624972 42.865234375
-9.179443359374943 42.91098632812498
-9.235205078124949 42.976904296875006
-9.235644531249932 43.035791015624994
-9.178076171874949 43.17402343750001
-9.095556640625006 43.214208984375034
-9.02451171874992 43.23896484375001
-8.873681640624994 43.33442382812501
-8.665625 43.31660156250001
-8.537060546874983 43.33706054687502
-8.421582031250011 43.385839843750006
-8.355468749999943 43.396826171875006
-8.248925781249994 43.43940429687498
-8.252294921874977 43.49692382812498
-8.28886718749996 43.53959960937496
-8.256738281249994 43.57988281250002
-8.137158203124983 43.629052734374994
-8.004687499999989 43.69438476562499
-7.852734374999926 43.706982421874955
-7.698144531249966 43.764550781249966

