79.90371093750002 8.975
79.82109375000016 9.026855468749972
79.76679687500018 9.069775390625011
79.7476562500002 9.104589843750006
79.85996093750009 9.065722656249989
79.87480468750016 9.05073242187504

79.9068359375002 9.619824218749983
79.857421875 9.686376953124949
79.84570312500011 9.714648437500031
79.85859375000007 9.734375
79.87226562500018 9.74433593750004
79.88847656249999 9.741162109375011
79.91191406249999 9.679150390624997
79.96953124999999 9.630664062499974

80.07841796875016 9.80747070312502
80.18095703124999 9.810009765625011
80.25283203124997 9.796337890624969
80.37597656250011 9.642333984375043
80.71113281250018 9.366357421875037
80.89345703125014 9.085888671875011
80.91005859375014 9.024511718750034
80.93544921874997 8.971484374999974
80.97919921875018 8.956933593750023
81.01601562500014 8.932617187500043
81.19824218749994 8.661962890624977
81.21923828124994 8.608398437499986
81.21621093749997 8.549414062499963
81.22695312500014 8.505517578124994
81.27460937500007 8.483593749999969
81.333984375 8.472070312500009
81.37285156249999 8.431445312500003
81.42216796874999 8.215234375
81.42216796874999 8.147851562500037
81.43593749999997 8.118896484375
81.66542968750002 7.782470703125028
81.67871093749994 7.741552734374963
81.67626953125 7.710937500000028
81.68291015624999 7.684472656249966
81.72734374999999 7.625
81.79667968749999 7.464794921874969
81.83203125000011 7.428417968750026
81.87412109375009 7.288330078125
81.87695312500011 7.02045898437504
81.86142578125003 6.901269531250009
81.81855468750001 6.756201171875034
81.76777343750018 6.614306640624989
81.71269531250016 6.511865234374994
81.63740234375018 6.425146484375006
81.3799804687502 6.24091796875004
81.3062500000002 6.203857421875043
80.97109375000014 6.088378906250043
80.72412109375 5.979052734374974
80.49580078125001 5.949365234374966
80.26738281250005 6.009765625000014
80.09531250000003 6.15317382812502
80.00722656250014 6.364404296874966
79.94697265625001 6.58452148437496
79.859375 6.829296875
79.7920898437502 7.585205078124986
79.75996093750001 7.796484374999963
79.70781250000016 8.065673828125
79.71298828125003 8.182324218749955
79.74980468749999 8.294238281250017
79.74970703125018 8.048876953124946
79.78349609375005 8.018457031249966
79.80888671875016 8.05
79.83193359375014 8.304052734374977
79.85087890624999 8.41157226562504
79.94179687500014 8.691503906249949
79.94365234375016 8.74116210937504
79.92792968750007 8.846435546874986
79.92890625000018 8.899218749999989
80.06484374999997 9.09565429687504
80.09960937499994 9.209960937499972
80.11835937500007 9.326855468749983
80.11093750000003 9.45327148437498
80.08632812500002 9.57783203125004
80.19609375000016 9.538134765624946
80.2564453125002 9.494775390624994
80.3179687500002 9.465429687499977
80.36796874999999 9.480468750000014
80.42832031250003 9.480957031250028
80.38535156250009 9.548779296874983
80.25761718750016 9.611279296875026
80.04580078125002 9.649902343749986
79.9794921875 9.699365234375023
79.95400390625014 9.74233398437498
79.96699218750001 9.792626953125023
79.98232421875014 9.812695312500026

