36.88261718749999 21.76879882812497
36.92695312500007 21.586523437500063
37.081152343750034 21.326025390625006
37.21171874999999 21.185839843750045
37.258593750000045 21.108544921875023
37.26318359375 21.07265625
37.25722656250002 21.039404296875063
37.21748046875001 21.07763671875003
37.15058593750007 21.10375976562503
37.14111328125 20.981787109375034
37.15683593750009 20.894921875000023
37.172656250000045 20.731982421875045
37.2275390625 20.556738281250034
37.18789062500002 20.394921875000023
37.193164062500045 20.120703125000034
37.26259765625002 19.791894531250023
37.24843750000002 19.581884765625034
37.36152343750007 19.091992187499983
37.471289062500034 18.820117187500017
37.53164062500008 18.753125
37.59941406249999 18.717431640624966
37.72978515624999 18.694335937500057
37.921875 18.555908203125
38.07402343749999 18.409765624999977
38.128125 18.333300781250045
38.20175781250009 18.249414062499994
38.25214843750001 18.26440429687503
38.28310546875002 18.286718750000063
38.33291015625008 18.219042968750045
38.57402343749999 18.07294921875001
38.60947265625009 18.005078124999955
38.522851562500136 17.93852539062499
38.42246093750009 17.82392578125001
38.39716796875007 17.778369140625045
38.385546875000045 17.751269531250045
38.37373046875001 17.717333984375045
38.34736328125018 17.68359375000003
38.289843750000045 17.637011718750017
38.26728515625007 17.61669921874997
38.253515625000034 17.584765625000045
38.219042968750045 17.56396484374997
38.181542968750136 17.562841796875006
38.148535156250034 17.54853515625004
38.0989257812501 17.526464843749977
38.02529296875008 17.537792968749983
37.950097656250136 17.517675781250063
37.92255859375001 17.49233398437505
37.86298828125007 17.47026367187499
37.80332031250009 17.46552734375001
37.78242187500007 17.45800781249997
37.725976562500136 17.420507812499977
37.65673828125006 17.368261718749977
37.575976562500045 17.335009765625045
37.54746093750009 17.324121093749966
37.510156250000136 17.288134765625017
37.45292968749999 17.108691406250045
37.41103515625002 17.061718749999983
37.34042968750009 17.05708007812501
37.24882812499999 17.05688476562497
37.16953125000009 17.041406250000023
37.061523437500114 17.06127929687497
37.00898437500018 17.058886718750017
36.995214843750034 17.020556640625017
36.97578125000007 16.866552734375006
36.97871093750001 16.800585937500074
36.93574218750018 16.72236328125004
36.88779296875009 16.624658203125023
36.90546875000001 16.459521484375045
36.91376953125001 16.296191406250074
36.82587890625018 16.05029296874997
36.813476562500114 15.993945312500045
36.724511718750136 15.798876953125017
36.679199218750114 15.726367187500074
36.56601562500009 15.362109375000017
36.521777343750045 15.250146484375037
36.426757812500114 15.132080078125057
36.448144531250136 14.940087890625023
36.470800781250034 14.736474609375023
36.492285156250034 14.544335937500037
36.52431640625002 14.2568359375
36.44394531250009 13.988427734375037
36.44707031249999 13.842041015625057
36.390625 13.62607421875002
36.34628906250009 13.526269531250023
36.30683593750001 13.466845703125003
36.27353515625009 13.405761718749986
36.212207031250045 13.27109375
36.16015625 13.093310546875017
36.13710937500008 12.911132812500028
36.13535156250009 12.805322265624966
36.12519531250007 12.757031249999983
36.10751953125009 12.72646484374998
35.98759765624999 12.706298828125043
35.82060546874999 12.684863281250031
35.730566406250034 12.661035156249966
35.67021484374999 12.623730468750011
35.59609375000008 12.537304687499983
35.44960937500008 12.300585937499989
35.37275390625007 12.155566406250017
35.25244140625006 11.957031249999986
35.1123046875 11.816552734374966
35.08271484375001 11.748291015625
35.059667968750034 11.621044921875011
35.00791015625009 11.419873046874969
34.96074218749999 11.276757812500037
34.96914062500008 11.161767578124966
34.924902343750034 10.962109374999969
34.931445312500045 10.864794921875045
34.88232421875 10.810546875
34.81621093749999 10.759179687500023
34.77128906249999 10.746191406250034
34.675 10.804931640625014
34.60175781250001 10.864550781249989
34.571875 10.880175781249974
34.50800781250001 10.84287109375002
34.431445312500045 10.787841796875
34.34394531250007 10.658642578124969
34.275683593750045 10.528125
34.31484375000002 10.2515625
34.31123046875007 10.190869140624969
34.29150390625006 10.124755859375
34.18525390625007 9.918554687500006
34.15908203125008 9.853417968749966
34.12031250000001 9.729687499999983
34.07929687500007 9.513476562499989
34.078125 9.461523437499977
34.07675781250009 9.461523437499977
33.89091796874999 9.462207031250031
33.88789062500007 9.463525390625023
33.88486328125009 9.46640625
33.882128906250045 9.471191406249986
33.87880859375008 9.477734375
33.87148437500002 9.506152343750003
33.867773437500034 9.550341796875045
33.8740234375 9.626757812499974
33.89492187500008 9.71762695312502
33.95917968750001 9.845263671874989
33.9625 9.855810546875006
33.96328125000008 9.861767578124983
33.96328125000008 9.868701171874974
33.95732421874999 9.891455078124991
33.94990234375001 9.9111328125
33.94619140625002 9.940917968750028
33.95732421874999 10.007177734375034
33.95839843750002 10.027734375000037
33.95683593749999 10.054199218750014
33.95185546875007 10.070947265624966
33.90703124999999 10.181445312500003
33.892187500000034 10.198974609375028
33.459082031250034 10.550830078125031
33.37988281250006 10.646191406250011
33.37138671874999 10.652734375
33.36074218750008 10.657812499999977
33.14082031250001 10.737890625000034
33.13007812500007 10.745947265624991
33.131445312500034 10.757714843749994
33.138281250000034 10.772949218749986
33.16474609375001 10.819189453124991
33.16845703125006 10.831445312499994
33.17216796874999 10.850146484374989
33.07304687499999 11.59150390625004
33.073339843750034 11.606103515624994
33.07783203125007 11.615771484375003
33.08154296875 11.62172851562498
33.09462890625002 11.6375
33.106054687500034 11.653857421875031
33.11914062500006 11.682421874999989
33.12246093750002 11.69316406249996
33.13613281250002 11.825585937500023
33.13505859374999 11.94160156250004
33.19306640625001 12.135009765625
33.199316406250034 12.217285156249986
32.721875 12.223095703125011
32.71894531250007 12.218847656250034
32.718554687500045 12.21376953124998
32.719824218750034 12.208007812500043
32.72050781249999 12.201806640625023
32.72011718750002 12.188818359375048
32.71630859375006 12.164843750000045
32.71533203125 12.152197265625048
32.71582031250006 12.139257812499977
32.72304687500008 12.092919921875051
32.73564453124999 12.058056640625054
32.73769531250002 12.046435546874989
32.73828125 12.033740234374974
32.73671875000002 12.009667968750051
32.072265625 12.00673828124998
32.33535156250008 11.716015625
32.33847656250009 11.710107421875037
32.343066406250045 11.694287109375011
32.34492187500007 11.682714843749963
32.34990234374999 11.580419921874991
32.335742187500045 11.418554687499977
32.33886718750006 11.314501953125003
32.35419921875007 11.246923828125006
32.425390625000034 11.113964843749997
32.42080078125008 11.089111328125
32.404101562500045 11.057763671875009
31.93300781250008 10.6625
31.919921875000057 10.643847656249974
31.854296875000045 10.479052734374974
31.7919921875 10.383154296874977
31.764257812500034 10.355712890624986
31.65488281250009 10.221142578125011
31.224902343750045 9.79926757812504
31.15449218750001 9.77094726562504
30.94033203125008 9.759375
30.82705078125008 9.756298828124983
30.81416015625001 9.753125
30.794921875 9.745849609374986
30.783105468750023 9.734960937499991
30.76914062500009 9.726806640625014
30.755371093750057 9.731201171875028
30.73935546875009 9.742675781250057
30.474609375000057 9.978955078125054
30.00302734375009 10.277392578125017
29.957910156250023 10.250244140624986
29.691015625000034 10.121923828125048
29.635937500000068 10.088623046875014
29.60546875 10.065087890625009
29.603906250000023 9.921386718750043
29.55742187499999 9.848291015624994
29.473144531250057 9.768603515625003
29.24238281250001 9.718066406250017
29.122363281250074 9.674658203124963
28.999609375 9.610156249999974
28.979589843750034 9.593994140625057
28.979589843750034 9.594189453124997
28.932324218749983 9.549462890625037
28.839453124999977 9.459082031250006
28.829394531250074 9.388818359374994
28.844531250000045 9.326074218750009
28.048925781250063 9.328613281249986
27.996289062500068 9.378808593749994
27.885839843750034 9.59965820312496
27.880859375 9.601611328125003
27.7998046875 9.587890625000057
27.07421874999997 9.613818359375003
26.97050781249999 9.590625
26.76318359375003 9.499218750000011
26.658691406250057 9.484130859375057
26.551367187500034 9.525830078125026
26.169531250000063 9.965917968749977
26.087011718750034 10.018457031250023
26.05703125000005 10.046777343750009
26.000585937500006 10.1234375
25.91914062500004 10.169335937500023
25.89150390625008 10.20273437499999
25.8828125 10.249609375000034
25.885253906250057 10.34609375
25.858203125000045 10.406494140625028
25.79804687500004 10.420507812500034
25.28515625 10.318505859375037
25.211718750000074 10.329931640624963
25.104003906250057 10.311816406250003
25.066992187500063 10.293798828124977
25.02363281250001 10.235791015624969
25.01484375000001 10.17587890625002
25.016210937500034 10.115234375000014
25.00292968749997 10.055273437499963
24.96386718750003 9.988867187500034
24.817675781250074 9.839599609375
24.785253906250034 9.774658203125
24.79218750000004 9.610302734374997
24.78261718750005 9.527343749999972
24.760351562500034 9.488916015625051
24.696679687500023 9.425683593750051
24.673632812500045 9.389306640625009
24.662890625000074 9.338134765624972
24.659375 9.22993164062504
24.648046875000063 9.179101562499994
24.56826171875008 9.051708984374969
24.549414062500034 9.006787109374969
24.544824218749994 8.914843749999974
24.53193359375004 8.886914062499969
24.30019531250008 8.814257812500003
24.21357421875001 8.767822265625043
24.160449218750017 8.696289062500043
24.147363281250023 8.665625
24.048144531250074 8.691308593750009
23.921972656250034 8.709716796875028
23.679296875000063 8.732470703125045
23.58320312500001 8.765820312499997
23.53730468750001 8.815820312499966
23.551855468750034 8.943212890624991
23.528027343750068 8.970605468749966
23.489062500000017 8.99331054687498
23.462792968749994 9.048486328125023
23.468261718750057 9.114746093750028
23.59609375000008 9.261914062499983
23.622656250000063 9.340625
23.642773437499983 9.613916015625023
23.65625 9.710351562500037
23.64628906249999 9.822900390624966
23.545019531250063 10.030078124999989
23.456640625 10.174267578125054
23.312304687500074 10.387939453124972
23.25585937500003 10.4578125
22.96435546874997 10.751806640625034
22.930761718750063 10.7953125
22.86005859375004 10.919677734375028
22.894824218750017 11.029003906250011
22.937695312500068 11.192041015625009
22.942773437500023 11.267187500000048
22.922656250000017 11.344873046874966
22.849023437500023 11.403271484374969
22.783398437500068 11.409960937500003
22.754003906250034 11.439843750000051
22.697363281250034 11.482666015624972
22.641015625000023 11.515917968750003
22.591113281250045 11.579882812499974
22.556347656249983 11.669531250000034
22.580957031250023 11.99013671874998
22.564355468750023 12.032958984375
22.489843750000034 12.044726562500003
22.472460937500045 12.06777343749998
22.47548828125005 12.129248046874991
22.43525390625001 12.31191406249998
22.390234374999977 12.462988281250034
22.41445312500005 12.546386718749972
22.35234374999999 12.660449218750031
22.2333984375 12.709472656249972
22.121191406250063 12.694580078125057
22.00068359375004 12.671875
21.928125 12.678125
21.878125 12.699365234375051
21.843359375000034 12.741210937500043
21.825292968750006 12.790527343749972
21.841796875 12.864746093749986
21.90771484375 13.000976562500028
21.99023437500003 13.11308593749996
22.158007812500017 13.21503906250004
22.202636718750057 13.269335937499989
22.228125 13.329589843750014
22.23261718750004 13.398779296874991
22.22138671875004 13.471630859374997
22.202343749999983 13.538085937500028
22.152929687500063 13.626416015624997
22.107617187500068 13.730322265625034
22.1064453125 13.799804687499972
22.128222656250074 13.850146484375017
22.173144531250074 13.910595703124983
22.26210937500008 13.978710937500011
22.283496093750017 13.992333984375023
22.33935546875003 14.028857421875003
22.38818359375003 14.05551757812502
22.50996093750004 14.127441406250014
22.53857421875 14.161865234375014
22.528222656250023 14.203222656250006
22.498339843750074 14.237060546874972
22.449316406250034 14.284228515624989
22.43935546875005 14.342138671874977
22.425 14.441210937499989
22.399707031250045 14.504199218750031
22.381542968749983 14.550488281250054
22.41621093750004 14.585205078125014
22.467773437500057 14.63334960937506
22.532031250000017 14.662744140625009
22.6318359375 14.68808593750002
22.670898437500057 14.722460937500003
22.682421875000017 14.788623046874989
22.679199218750057 14.851464843749994
22.714941406250063 14.898388671875054
22.763281250000063 14.998681640624966
22.80214843750005 15.044433593750057
22.8671875 15.096630859375026
22.93232421875004 15.162109375000043
22.96132812500008 15.238134765624991
22.969531250000045 15.311328124999974
22.933886718750074 15.533105468750051
23.00917968750005 15.625830078125006
23.105175781250068 15.702539062500023
23.24345703124999 15.697216796874983
23.4580078125 15.713964843750034
23.60400390625 15.745996093749994
23.70820312500001 15.744970703125034
23.94599609375004 15.703515625000023
23.96523437500005 15.713427734375017
23.970800781250034 15.721533203125063
23.98339843750003 15.780175781250023
23.983300781249994 15.928125
23.98291015625 16.374218749999983
23.982519531250006 16.820263671874983
23.982226562500045 17.266357421875
23.98183593750005 17.71240234375003
23.98144531249997 18.158496093750045
23.981054687499977 18.604541015625045
23.980664062499983 19.050585937500074
23.980273437500017 19.49663085937499
23.980273437500017 19.621484375000023
23.980273437500017 19.746289062499955
23.980273437500017 19.87109374999997
23.980273437500017 19.995947265625006
24.22695312500008 19.995849609375
24.473632812500057 19.995703125000063
24.720410156250068 19.99555664062501
24.96699218750004 19.995458984375006
24.97021484374997 19.99726562500001
24.973242187500063 19.99902343750003
24.976367187500074 20.000781250000017
24.9794921875 20.002587890625023
24.97968750000004 20.500927734374955
24.97988281250008 20.999218749999955
24.980078125000034 21.497558593750057
24.980273437500074 21.99584960937503
25.3623046875 21.99580078125004
25.74433593750004 21.995751953125023
26.12636718750005 21.99565429687499
26.508398437500006 21.99560546875
26.890429687500017 21.995556640624983
27.272460937500057 21.995507812499966
27.654492187500068 21.995458984375063
28.036425781250074 21.99536132812503
28.418554687500034 21.99531250000001
28.800585937500074 21.995263671875023
29.18251953125008 21.995214843750006
29.56455078125009 21.99511718749997
29.94667968750008 21.99511718749997
30.328613281250057 21.995019531249966
30.71064453125001 21.994921875000017
31.092675781250023 21.99487304687503
31.209179687500068 21.99487304687503
31.260644531250023 22.002294921875034
31.35849609375009 22.188623046874966
31.40029296875008 22.202441406250017
31.464257812500023 22.191503906250034
31.48613281249999 22.147802734375006
31.466406250000034 22.08466796875001
31.434472656250023 21.99584960937503
31.621679687500034 21.99584960937503
31.949804687500034 21.995898437500045
32.27783203125006 21.995996093749994
32.606054687500034 21.995996093749994
32.93408203125 21.99609375
33.26220703125006 21.996142578125017
33.59033203125 21.996191406250034
33.91845703125 21.996240234375023
34.24648437500002 21.996289062499955
34.57460937500008 21.996337890625057
34.90273437500008 21.996386718750074
35.23085937500002 21.996435546874977
35.55898437500008 21.99648437499999
35.887011718750045 21.99653320312501
36.21523437500002 21.99658203125
36.543261718750045 21.996630859375017
36.871386718750045 21.99672851562505

