-54.24018554687501 5.288232421875023
-54.33164062499998 5.187402343749994
-54.45219726562493 5.013476562500003
-54.446875 4.95878906249996
-54.47333984374998 4.914697265625037
-54.479687499999955 4.836523437500006
-54.47114257812498 4.749316406250003
-54.44023437499999 4.691992187499963
-54.42607421874996 4.583007812500057
-54.44960937499994 4.48500976562498
-54.440673828125 4.428027343750003
-54.41601562500003 4.337646484374986
-54.396240234375 4.24140625
-54.39838867187498 4.202490234374977
-54.36914062499997 4.170947265625031
-54.34213867187498 4.140039062500051
-54.350732421874966 4.054101562500037
-54.25551757812502 3.90107421875004
-54.19746093750001 3.83442382812504
-54.11279296874997 3.769433593750037
-54.08198242187501 3.70595703124998
-54.03422851562496 3.629394531250014
-54.00590820312496 3.62041015624996
-53.99047851562503 3.589550781249983
-54.00595703124998 3.530517578125028
-54.00957031250002 3.448535156250031
-54.06318359375001 3.353320312499989
-54.18803710937496 3.17875976562496
-54.203125 3.138183593750043
-54.17070312499996 2.993603515624983
-54.18808593749995 2.874853515625034
-54.195507812499955 2.817871093749972
-54.256738281249994 2.713720703124991
-54.40200195312502 2.461523437500034
-54.48554687499998 2.41611328125002
-54.5359375 2.343310546875017
-54.56840820312499 2.34257812499996
-54.60473632812503 2.335791015624991
-54.61625976562496 2.32675781250002
-54.66186523437503 2.327539062500009
-54.697412109374994 2.359814453125011
-54.70292968749996 2.397949218750043
-54.72221679687496 2.441650390624986
-54.766845703125 2.45473632812498
-54.85166015624998 2.439550781249991
-54.87607421874998 2.450390624999983
-54.9265625 2.49736328124996
-54.96840820312494 2.548339843750043
-54.978662109374994 2.597656249999972
-55.00581054687501 2.592968749999983
-55.0703125 2.548339843750043
-55.11411132812498 2.539208984374966
-55.14882812500002 2.550781250000014
-55.187695312499955 2.547509765624966
-55.286035156249994 2.49965820312498
-55.343994140625 2.488769531249986
-55.38535156249998 2.440625
-55.65893554687503 2.41875
-55.73056640624998 2.406152343750037
-55.89375 2.489501953125043
-55.935937499999966 2.516601562499972
-55.95747070312501 2.520458984375054
-55.97558593749997 2.51596679687502
-55.99350585937498 2.497509765624997
-56.02036132812495 2.392773437499969
-56.04511718750001 2.364404296874966
-56.087792968749994 2.341308593749972
-56.12939453124994 2.299511718749983
-56.13769531249994 2.259033203124986
-56.073632812499966 2.236767578124983
-56.02006835937496 2.15815429687504
-55.96196289062493 2.095117187499994
-55.91533203124996 2.039550781250043
-55.921630859375 1.97666015625002
-55.929638671874926 1.8875
-55.963330078124955 1.857080078124994
-56.01992187499994 1.842236328124983
-56.22714843749998 1.885351562499977
-56.38583984374998 1.923876953125017
-56.452832031249926 1.93232421875004
-56.4828125 1.942138671875
-56.522363281249994 1.974804687499997
-56.56269531250004 2.00507812500004
-56.62719726562503 2.016015625000037
-56.70434570312503 2.036474609375034
-56.761132812499966 2.114892578125023
-56.81982421875 2.226660156249963
-56.840527343749955 2.277148437500045
-56.88642578124998 2.325976562500045
-56.93149414062492 2.395361328124963
-56.945214843749966 2.45683593749996
-56.97929687499999 2.513232421875003
-56.99711914062499 2.53217773437504
-57.02348632812493 2.608984374999963
-57.028955078124994 2.6375
-57.041943359374955 2.641113281250028
-57.060449218749994 2.665673828124966
-57.096875 2.747851562500017
-57.105126953124966 2.768261718749997
-57.12114257812493 2.775537109374966
-57.16362304687496 2.833251953125
-57.197363281250006 2.853271484375
-57.20981445312498 2.882812499999972
-57.206933593749994 2.963378906250043
-57.225 3.003076171874966
-57.23056640624992 3.078564453124969
-57.23164062499998 3.108886718750028
-57.24897460937504 3.142285156249983
-57.27792968749998 3.164306640625028
-57.28291015625004 3.218847656250048
-57.28994140624994 3.353613281249963
-57.30366210937498 3.377099609375037
-57.42558593749996 3.375439453124969
-57.43789062499999 3.36225585937504
-57.49057617187498 3.354296875000017
-57.54960937500002 3.352832031249989
-57.60273437499998 3.370947265625034
-57.64672851562497 3.394531250000043
-57.65610351562495 3.423730468750037
-57.64946289062502 3.517382812500017
-57.720361328124966 3.58828125
-57.83266601562494 3.675976562499997
-57.866552734375006 3.787255859375023
-57.90771484374994 3.856689453125057
-58.0322265625 4.001953124999986
-58.05429687499998 4.101660156250048
-58.05449218750002 4.171923828124974
-58.01074218749997 4.23647460937498
-57.94975585937499 4.349951171875006
-57.92470703124994 4.453125
-57.90625 4.506787109374983
-57.87470703124998 4.577099609374997
-57.84599609374999 4.668164062499997
-57.86787109375001 4.724316406249969
-57.904882812500006 4.779296874999986
-57.91704101562499 4.820410156250006
-57.88110351562494 4.880615234375014
-57.84492187500004 4.923046875000054
-57.804101562499994 4.929052734375034
-57.75200195312493 4.954492187499966
-57.71108398437494 4.991064453124963
-57.648828124999966 5.000683593749969
-57.57089843749998 5.004492187500034
-57.41215820312499 5.004589843750054
-57.331005859374955 5.020166015625023
-57.30576171874998 5.049560546874972
-57.30957031249994 5.10585937499999
-57.269287109375 5.157031250000017
-57.22685546874999 5.17851562499996
-57.20981445312498 5.19541015625002
-57.20732421874999 5.214208984375034
-57.21845703125004 5.23154296875002
-57.23530273437501 5.242871093750011
-57.27963867187498 5.246777343750011
-57.31855468750001 5.335351562500023
-57.291894531249994 5.373974609374983
-57.25751953125001 5.44516601562502
-57.247900390625006 5.485253906250009
-57.19477539062501 5.5484375
-57.18212890625 5.52890625000002
-57.14082031250004 5.643798828124986
-57.13603515624996 5.737207031250009
-57.10458984374995 5.829394531250045
-57.05664062500003 5.938671875000011
-56.96982421874992 5.99287109375004
-56.466015624999955 5.937744140625
-56.235595703125 5.885351562499991
-55.939550781250006 5.795458984374974
-55.897607421874966 5.699316406250006
-55.8955078125 5.795458984374974
-55.909912109375 5.89262695312496
-55.82817382812496 5.961669921874986
-55.648339843749994 5.985888671875045
-55.37929687499999 5.952636718750014
-55.148291015625006 5.993457031249989
-54.83369140625004 5.988330078125003
-54.35615234375001 5.909863281250011
-54.14233398437497 5.856347656250023
-54.05419921874994 5.807910156250017
-54.03740234374999 5.720507812499974
-54.04594726562496 5.608886718749972
-54.080468749999966 5.502246093750003
-54.15595703124998 5.358984375000048

