31.96845703125001 -25.97226562499999
32.060546875 -26.018359374999974
32.06884765625006 -26.110156250000017
32.05996093750008 -26.215039062499983
32.04140625000002 -26.28125
32.04833984375 -26.347167968749986
32.07792968749999 -26.449804687500034
32.10595703125006 -26.52001953125003
32.112890625000034 -26.839453125
32.081640625000034 -26.82480468750005
32.024804687500136 -26.811132812500006
31.994726562500034 -26.817480468749977
31.967187500000023 -26.96064453125001
31.946093750000045 -27.17363281249996
31.95839843750008 -27.305859375
31.74257812500008 -27.309960937500023
31.469531250000045 -27.29550781250002
31.274023437500034 -27.238378906250006
31.063378906250023 -27.1123046875
30.938085937500034 -26.915820312500017
30.883300781250114 -26.79238281250001
30.806738281250034 -26.785253906249977
30.79433593750008 -26.764257812499963
30.787500000000136 -26.613671875000023
30.7890625 -26.455468750000023
30.803320312500034 -26.413476562499994
30.94521484375008 -26.21875
31.03330078125009 -26.097753906249977
31.088085937500068 -25.980664062500026
31.207324218750045 -25.84335937500002
31.33515625000001 -25.755566406249997
31.382617187500045 -25.74296875
31.41513671875009 -25.74658203125003
31.640429687500045 -25.86728515625002
31.871484375000136 -25.98164062500004
31.921679687500045 -25.96875
31.948242187500057 -25.957617187500034

