16.477148437500063 56.24018554687498
16.43164062500003 56.24375
16.40126953125005 56.310888671875006
16.394140625000034 56.48364257812503
16.412304687499983 56.568994140624994
16.63037109375 56.87685546875002
16.72773437500004 56.902001953124994
16.86464843750005 57.09067382812498
16.90156250000001 57.17460937500002
16.96093750000003 57.250195312499955
16.99599609375008 57.317773437499966
17.02539062500003 57.345068359375006
17.08925781250005 57.33227539062497
17.11767578125 57.31982421875003
17.050390625000063 57.28046875000001
17.058203125000034 57.22924804687506
17.053515625000074 57.20800781249997
16.883691406250023 56.98520507812498
16.83828125 56.84052734374998
16.778027343750068 56.80522460937499
16.52851562500004 56.29052734375003

18.99375 57.812109375000034
18.945117187500045 57.741601562499966
18.878125 57.729687499999955
18.81386718750005 57.706201171874966
18.79091796875008 57.48310546874998
18.90791015625001 57.39833984375002
18.84365234375008 57.386474609375
18.78486328125001 57.361083984375
18.742871093750068 57.32353515624999
18.69990234375001 57.242724609375045
18.53847656250008 57.19692382812502
18.477343750000045 57.163037109374955
18.38720703125 57.08764648437497
18.340234375000023 56.97822265624998
18.24892578125005 56.931542968749966
18.14638671875005 56.920507812500034
18.206542968750057 57.01015625
18.28535156250001 57.083203124999955
18.209570312500034 57.13330078125003
18.16396484375008 57.21171875000002
18.105078125000063 57.271875
18.151953125000034 57.339062499999955
18.12890625000003 57.44916992187498
18.136523437500074 57.55664062500003
18.204882812500074 57.61088867187499
18.28320312500003 57.655126953125034
18.405175781250023 57.75683593749997
18.537402343750045 57.83056640624997
18.721875 57.86372070312498
18.805175781250057 57.833154296874966
18.841113281250017 57.90019531249996
18.90058593750004 57.915478515624955
18.95644531250005 57.9
19.076464843750074 57.8359375

19.138378906249983 57.860253906249994
19.086523437500006 57.86499023437497
19.03925781250004 57.91103515625002
19.134863281249977 57.981347656249966
19.281152343750023 57.9775390625
19.33144531250008 57.96289062500003
19.156347656250006 57.922607421875

18.371875 59.01958007812502
18.349902343750017 59.022607421874994
18.377246093750017 59.069042968749955
18.397558593750063 59.08911132812497
18.464941406250006 59.107861328124955
18.48554687500004 59.104589843750006
18.41621093750004 59.02910156249999

18.5703125 59.437255859375
18.54511718750001 59.47783203125002
18.55517578125003 59.485791015624955
18.572363281250063 59.52583007812504
18.62089843749999 59.54780273437498
18.698437500000068 59.534619140624955
18.697949218750068 59.524609374999955
18.623828125000045 59.4921875
18.59541015625004 59.470361328124994

22.975390625000017 68.31645507812499
23.09785156250001 68.25756835937497
23.182519531250023 68.13662109375002
23.31855468750001 68.13032226562498
23.35546875 68.08867187500005
23.474218750000034 68.01733398437497
23.638867187499983 67.95439453125005
23.632910156250034 67.93320312499998
23.50185546875005 67.87519531249998
23.48779296875003 67.79658203124995
23.500195312499983 67.69619140625002
23.541308593750017 67.61430664062502
23.537011718750023 67.59038085937505
23.504492187500063 67.56215820312497
23.465429687500006 67.51787109375002
23.451464843750017 67.47919921874995
23.45488281249999 67.46025390624999
23.468066406250017 67.44995117187503
23.537109375000057 67.44916992187495
23.66083984375004 67.44003906249998
23.73359375000001 67.42290039062502
23.77490234375 67.32861328125
23.760937499999983 67.31049804687495
23.65664062500005 67.26782226562497
23.626074218750063 67.23393554687499
23.623046875000057 67.18413085937505
23.641503906249994 67.12939453125
23.67734375 67.06811523437506
23.75898437500004 67.00258789062502
23.86933593750004 66.93403320312498
23.94179687500008 66.87783203125
23.97607421875003 66.838232421875
23.988574218750017 66.81054687499997
23.938867187499994 66.77573242187498
23.894140625000034 66.706884765625
23.885839843750034 66.62802734375
23.865527343750074 66.57661132812501
23.76835937499999 66.50585937499997
23.701171875 66.48076171875002
23.68203125 66.44340820312505
23.673828125 66.38071289062498
23.69355468750004 66.30429687500003
23.700292968749977 66.25263671875001
23.720996093750017 66.21542968749998
23.75146484375003 66.191162109375
23.907324218750063 66.14824218750005
23.99462890625 66.06035156249999
24.049023437500068 65.98984375
24.155468749999983 65.80527343749998
23.890527343750023 65.7822265625
23.69140625000003 65.82851562500002
23.592089843750045 65.805322265625
23.418359375000023 65.80434570312497
23.22109375000005 65.7861328125
23.154589843750017 65.74990234375
23.102343750000017 65.73535156250003
22.91933593750005 65.78647460937498
22.74658203125003 65.87094726562503
22.620312500000068 65.80654296874997
22.53857421875 65.79433593749997
22.465136718750074 65.85263671875003
22.400976562500034 65.86210937500002
22.366308593750006 65.84267578124997
22.33593750000003 65.79116210937497
22.28759765625003 65.75063476562497
22.275 65.725
22.26660156250003 65.62153320312495
22.254003906250034 65.59755859375002
22.086230468750045 65.6109375
22.096289062500063 65.58378906249999
22.13281250000003 65.57011718750005
22.147558593750034 65.552880859375
22.086718750000074 65.53022460937498
21.92011718750004 65.532373046875
21.903125 65.50834960937499
21.95 65.47036132812497
21.913476562500023 65.43710937500003
21.87958984375004 65.42402343749995
21.68066406250003 65.40336914062499
21.565527343750006 65.40810546875
21.53261718750005 65.38657226562503
21.523437500000057 65.35859375000001
21.545214843750045 65.33115234375003
21.595996093750017 65.316552734375
21.612695312500023 65.29912109374999
21.609179687500017 65.26137695312502
21.56689453125003 65.25454101562497
21.446875 65.32084960937507
21.41035156250001 65.31743164062499
21.437792968750017 65.28295898437497
21.50634765625003 65.24536132812497
21.545996093750034 65.20698242187495
21.580664062500006 65.16079101562497
21.57392578125004 65.12578125000002
21.424902343750063 65.0126953125
21.29375 64.941259765625
21.195898437500034 64.87690429687495
21.13818359375 64.80869140625
21.204980468750023 64.77431640625
21.279296875000057 64.72470703125003
21.331542968750057 64.62934570312495
21.393847656250045 64.54433593749997
21.519628906250006 64.46308593750001
21.494335937499983 64.41611328125003
21.465039062500068 64.37958984374998
21.25576171875005 64.299169921875
21.018457031250023 64.17797851562503
20.762695312500057 63.867822265624994
20.67763671875005 63.826269531250034
20.453710937500006 63.77373046874999
20.371386718750017 63.72290039062503
20.204687500000063 63.66245117187498
19.913671875000034 63.61054687499998
19.781640625000023 63.53818359374998
19.72207031250008 63.46333007812501
19.655761718750057 63.45800781249997
19.590039062499983 63.48725585937498
19.50234375000008 63.50903320312497
19.49091796875004 63.46020507812497
19.49462890625 63.424365234375045
19.354296875000017 63.477490234374955
19.28808593750003 63.428759765625074
19.236328125000057 63.34736328125001
19.034375 63.237744140624955
18.816699218750017 63.257470703124994
18.792285156250017 63.238134765625034
18.850195312499977 63.22412109375003
18.858984375 63.20659179687502
18.819433593750034 63.19726562499997
18.75957031249999 63.1982421875
18.66718750000001 63.17656250000002
18.60644531249997 63.17827148437502
18.577636718750057 63.12641601562501
18.53066406250008 63.06352539062499
18.40771484375 63.0375
18.34423828125003 63.032128906249994
18.31289062500005 62.99638671874999
18.502050781250034 62.98886718749998
18.486914062500063 62.958593750000034
18.482617187500068 62.92832031249998
18.463085937499983 62.895849609375034
18.248046875000057 62.84907226562501
18.214941406250063 62.812207031249955
18.170019531250063 62.78935546875002
18.07441406250004 62.790673828124994
18.077929687500045 62.81196289062498
18.093554687500017 62.836035156250006
17.95107421875005 62.83388671875002
17.90664062500005 62.886767578125045
17.87958984375004 62.87319335937502
17.895605468750034 62.830517578124955
17.932910156250074 62.78613281249997
17.974414062500017 62.721044921875034
17.940722656250074 62.67988281249998
17.90302734375004 62.65947265625002
17.930468750000017 62.640625
18.006542968750068 62.62626953124999
18.03730468750004 62.60053710937498
17.947070312500017 62.578466796875034
17.83447265625 62.502734375000045
17.71777343750003 62.50087890625002
17.64638671875005 62.45087890624998
17.570605468750074 62.451025390625006
17.50898437500004 62.482519531250034
17.410253906250006 62.50839843750006
17.37841796875 62.462792968749994
17.373339843750017 62.42651367187497
17.42900390624999 62.33471679687503
17.535253906250063 62.26367187500003
17.63369140625005 62.233007812500006
17.562890625000023 62.21230468750005
17.510156250000023 62.16630859374999
17.446582031250017 62.022656249999955
17.412011718749994 61.966113281250074
17.37451171875 61.86630859374998
17.398242187500045 61.78208007812506
17.417285156250017 61.740673828124955
17.465429687500063 61.684472656249966
17.334570312500034 61.69169921875002
17.196386718750034 61.72456054687498
17.215625 61.656347656250006
17.13076171875008 61.57573242187502
17.146582031250006 61.50463867187503
17.164257812500068 61.45830078124999
17.137988281250045 61.381689453125006
17.17792968750001 61.35761718750001
17.19960937500008 61.31196289062501
17.163867187500074 61.27827148437501
17.179785156250034 61.24926757812503
17.18574218750001 61.14653320312499
17.21289062500003 60.98583984375003
17.202929687500045 60.95185546875001
17.278906250000063 60.812158203124994
17.26123046875003 60.76318359375006
17.250976562500057 60.700781250000034
17.35986328125003 60.64082031249998
17.45703125000003 60.64179687500001
17.555468750000017 60.64272460937502
17.593066406250017 60.62768554687497
17.63076171875008 60.585253906250045
17.66113281250003 60.53515625000003
17.74218750000003 60.539306640625
17.87158203125003 60.58007812500006
17.95576171875001 60.58979492187498
18.011328125000063 60.51142578125001
18.1625 60.407910156249955
18.25048828125003 60.36152343750001
18.4 60.33710937500001
18.55751953125005 60.253564453124966
18.53544921874999 60.152880859375045
18.601171875000063 60.119238281250034
18.78701171875008 60.07949218750002
18.852734375000068 60.02587890625003
18.88427734375 59.980175781249955
18.933203125000034 59.942285156249966
18.99042968750004 59.827783203124994
18.970507812500074 59.757226562499994
18.895605468750006 59.732958984375045
18.71875 59.657373046874994
18.639941406250045 59.60092773437506
18.578125 59.565771484375006
18.402441406249977 59.490380859374994
18.33808593750001 59.47685546874999
18.276464843749977 59.437646484374994
18.216894531250034 59.42050781249998
18.16357421875 59.43037109375004
17.96425781250008 59.359375
17.979785156250045 59.32905273437498
18.13261718749999 59.316210937500045
18.210546875000063 59.33144531250005
18.27050781250003 59.36713867187504
18.336035156250034 59.375341796875006
18.395800781250045 59.36860351562498
18.45917968750001 59.39672851562503
18.508886718750006 59.407958984375
18.560253906250068 59.39448242187501
18.617578125000023 59.32705078125002
18.498632812500034 59.29194335937498
18.414257812499983 59.29033203125002
18.37304687500003 59.179736328125045
18.32197265625001 59.13222656250005
18.28535156250001 59.109375
18.09814453125 59.06230468750002
17.974609375000057 59.00263671875001
17.82900390625005 58.95458984375
17.765429687500074 58.96503906250001
17.669628906249983 58.91621093750001
17.456738281250068 58.85839843750003
17.34765625000003 58.78051757812497
17.102832031250074 58.710839843749994
16.978125 58.65415039062498
16.639355468750068 58.65117187500002
16.31582031250005 58.663623046875045
16.21425781250005 58.63666992187498
16.318066406250068 58.628320312499966
16.390820312500068 58.60185546874999
16.478027343750057 58.612890625000034
16.68300781250008 58.59965820312499
16.78847656250008 58.58525390624999
16.92382812500003 58.49257812500002
16.824316406250006 58.459619140624966
16.651953125000063 58.43432617187497
16.71660156249999 58.30288085937502
16.769921875000023 58.214257812499994
16.700097656249994 58.16079101562502
16.694921875 57.91752929687502
16.596972656250045 57.91289062499996
16.55537109375001 57.81225585937497
16.586230468750074 57.76093750000001
16.583789062500017 57.641748046874966
16.60419921875001 57.56831054687501
16.652246093750023 57.50068359375001
16.63085937500003 57.43017578125003
16.475976562499994 57.26513671874997
16.4794921875 57.18769531250001
16.50732421875 57.14169921874998
16.527929687500006 57.06816406249999
16.457519531250057 56.92680664062499
16.407812500000063 56.80869140624998
16.348730468750006 56.70927734374999
16.216503906250068 56.58999023437502
16.150683593750074 56.50083007812498
15.996679687500063 56.222607421874955
15.920312500000051 56.167382812499994
15.826660156250057 56.124951171874955
15.722265625 56.164208984374966
15.626562500000063 56.18559570312496
15.509667968750051 56.183007812499966
15.326562500000051 56.15083007812498
15.05117187500008 56.172216796875006
14.782031250000045 56.16191406250002
14.713964843750034 56.13413085937506
14.754785156249994 56.03315429687498
14.655566406250045 56.019921874999966
14.55859375 56.04863281249996
14.473242187500006 56.01435546874998
14.401953125000063 55.976757812499955
14.26191406250004 55.887548828125006
14.215039062499983 55.832617187500006
14.202929687500017 55.729150390624966
14.276464843749977 55.636376953124994
14.341699218750051 55.527734374999966
14.173730468750023 55.396630859374994
14.079980468750023 55.39218749999998
13.80634765625004 55.428564453125006
13.321386718750006 55.34638671874998
12.885839843750006 55.41137695312497
12.940625 55.481591796874994
12.938769531250045 55.53320312500003
12.96337890625 55.61259765625002
12.978027343750057 55.693798828124955
12.973925781250017 55.748144531250006
12.941992187499977 55.806054687499994
12.834570312500034 55.8818359375
12.592578125000045 56.137597656249966
12.520996093750028 56.24555664062501
12.47119140625 56.29052734375003
12.507031250000011 56.29296875
12.706347656250045 56.235009765624994
12.752832031249994 56.24213867187504
12.801660156249994 56.26391601562503
12.742187500000057 56.346875
12.69111328125004 56.384423828124966
12.656445312499983 56.44057617187505
12.77314453125004 56.45576171875004
12.857421875 56.45239257812497
12.919531250000034 56.515576171874955
12.883691406250023 56.61772460937499
12.79316406250004 56.649169921875
12.717578125000017 56.66284179687503
12.572656250000051 56.82329101562502
12.421484375 56.906396484374994
12.151855468750057 57.22695312500002
12.053222656250028 57.44697265624998
11.961523437500006 57.42607421874999
11.916992187499972 57.52192382812498
11.885058593750045 57.612695312499994
11.878710937499989 57.679443359375
11.734960937500034 57.717675781249994
11.729101562499977 57.76445312500002
11.703222656250034 57.97319335937499
11.549023437500068 58.00122070312503
11.449316406250006 58.11835937499998
11.431542968750023 58.33999023437502
11.329980468750023 58.38032226562498
11.248242187500068 58.369140625
11.252050781250063 58.424072265625
11.271582031250034 58.475634765625045
11.223828125000068 58.679931640625
11.207910156250023 58.86640624999998
11.16914062500004 58.92270507812498
11.147167968750011 58.988623046875006
11.166894531250023 59.045556640624966
11.195800781250057 59.078271484374966
11.29531250000008 59.086865234374955
11.38828125 59.036523437499994
11.470703125 58.90952148437498
11.543554687500006 58.89301757812498
11.642773437500068 58.926074218750045
11.712207031250017 59.018652343750006
11.751855468749994 59.15756835937506
11.798144531250017 59.289892578125006
11.74335937500004 59.43144531249999
11.684863281250017 59.555761718750006
11.680761718750006 59.59228515624997
11.834277343750017 59.69716796875002
11.88125 59.782470703125
11.932128906250057 59.86367187500002
11.988281250000028 59.891308593749955
12.071875 59.897607421874994
12.169238281250045 59.91289062500002
12.2919921875 59.96723632812498
12.40205078125004 60.04003906249997
12.486132812500017 60.10678710937498
12.514648437500057 60.23886718749998
12.51582031250004 60.30522460937502
12.552832031250034 60.3544921875
12.588671875000045 60.45073242187499
12.553808593750034 60.54565429687506
12.445312500000057 60.68964843749998
12.314648437499983 60.89213867187502
12.294140624999983 61.002685546875
12.35371093750004 61.023193359375
12.467578125000074 61.04150390625
12.68300781250008 61.04682617187501
12.706054687500057 61.05986328124999
12.727832031250045 61.108251953125006
12.7763671875 61.173974609374966
12.828222656250006 61.221826171874966
12.863671875000023 61.29028320312506
12.880761718750051 61.35229492187497
12.757519531250068 61.44570312499999
12.596093750000051 61.54130859375002
12.486816406249972 61.572998046875
12.292089843750006 61.653466796874966
12.155371093750063 61.72075195312499
12.233691406250017 61.976855468750045
12.2919921875 62.167431640624955
12.301367187500034 62.213769531249994
12.303515625000045 62.285595703124955
12.114550781249989 62.591894531250006
12.121875 62.660009765625034
12.139843749999983 62.721337890624994
12.119628906250057 62.825927734375
12.108593750000011 62.919482421875045
12.141015625000051 62.94785156250006
12.218164062500051 63.000634765624966
12.144628906250006 63.08251953125006
12.138671875000028 63.089160156250074
11.99990234375008 63.29169921875004
12.212109375000068 63.49223632812502
12.175195312499994 63.59594726562503
12.301953125000068 63.67119140624999
12.53271484375 63.84355468750002
12.6625 63.940478515625045
12.690039062500006 63.95742187500002
12.792773437500045 64
12.987597656250045 64.05048828124998
13.20351562500008 64.07509765625002
13.299609375000017 64.07480468750006
13.670703125000045 64.040625
13.960546875 64.014013671875
14.002734374999989 64.04072265624995
14.063281250000074 64.09550781250002
14.141210937500063 64.17353515625001
14.148046875000034 64.26030273437502
14.119921875000074 64.38774414062505
14.077636718749972 64.46401367187502
13.873535156250057 64.51357421875
13.650292968750051 64.58154296875
13.924804687500028 64.79677734374997
14.11513671875008 64.946142578125
14.352441406250023 65.17084960937495
14.426269531250028 65.26435546875001
14.479687500000011 65.30146484375001
14.549511718750011 65.64638671875002
14.595800781250034 65.74287109374998
14.634570312500017 65.79326171875002
14.635156250000051 65.84501953124999
14.609960937499977 65.93227539062502
14.543261718750074 66.12934570312501
14.917968750000028 66.1537109375
15.040039062500028 66.16752929687499
15.1533203125 66.19106445312497
15.374902343750023 66.25205078124998
15.483789062500023 66.30595703125002
15.422949218750063 66.48984375
15.557031250000023 66.55209960937498
15.884179687500051 66.76884765625002
16.23769531250005 66.976416015625
16.403515625000068 67.05498046875005
16.420703125000017 67.09335937500003
16.43427734375004 67.15507812499999
16.360644531250045 67.25200195312502
16.28154296874999 67.31206054687502
16.127441406250057 67.42583007812499
16.19355468750001 67.50517578124999
16.307128906250057 67.52060546875003
16.457128906250063 67.5517578125
16.574121093750023 67.61958007812495
16.585546875000034 67.62832031249997
16.78359375000005 67.89501953125003
17.170507812500006 68.030126953125
17.32460937500005 68.10380859375002
17.564746093750045 68.0484375
17.916699218750068 67.96489257812505
18.07324218749997 68.08784179687495
18.125 68.13344726562502
18.17666015625008 68.20063476562501
18.15595703125004 68.31684570312498
18.147070312500006 68.4677734375
18.162597656250057 68.52841796875
18.303027343750074 68.555419921875
18.37861328125001 68.56240234375
18.769824218750045 68.50004882812499
18.868261718750034 68.50112304687497
19.052636718750023 68.49272460937502
19.25898437500004 68.46533203125003
19.69121093749999 68.392431640625
19.870019531250023 68.36225585937498
19.969824218750006 68.35639648437495
20.055957031250045 68.39038085937503
20.240039062500074 68.47753906250003
19.968847656249977 68.54204101562502
20.147460937500057 68.60732421875
20.240039062500074 68.67314453125002
20.319433593750006 68.75405273437497
20.34804687500005 68.84873046874998
20.33710937500004 68.89965820312497
20.282324218749977 68.934326171875
20.11669921875 69.02089843749997
20.491992187500074 69.03330078125
20.622167968750034 69.03686523437503
20.895117187500034 68.97983398437503
20.907031250000074 68.96748046875001
20.908984375000017 68.937744140625
20.918554687500006 68.90693359375004
21.183398437500074 68.82880859375001
21.259765625 68.78745117187503
21.42236328124997 68.724609375
21.465429687500063 68.69067382812503
21.61601562499999 68.6509765625
21.72402343750008 68.608544921875
21.850195312500006 68.57412109375
21.99746093750008 68.52060546875
22.195117187500017 68.47797851562495
22.362109375000045 68.46406249999995
22.78242187500004 68.391015625
22.854101562499977 68.36733398437497

