9.250292968749989 47.59794921874996
9.45234375000004 47.51396484374999
9.55439453125004 47.51113281250005
9.625878906250051 47.46704101562503
9.609082031250011 47.39179687499998
9.527539062499983 47.270751953125
9.484277343750051 47.17265625000002
9.479492187500057 47.09750976562498
9.487695312500051 47.06225585937497
9.502343750000023 47.062744140625
9.580273437499983 47.05737304687497
9.619921875000074 47.05747070312498
9.74501953125008 47.037109375
9.845312499999977 47.00737304687499
9.864648437500023 46.975976562499994
9.877734375000017 46.93769531250001
9.996875 46.885351562500006
10.133496093750068 46.851513671874955
10.179785156250006 46.86235351562502
10.349414062500017 46.98476562499999
10.414941406250051 46.964404296875045
10.454589843750028 46.89941406250003
10.45283203125004 46.86494140625001
10.406054687500017 46.73486328125
10.397949218750028 46.66503906249997
10.438281249999989 46.61884765624998
10.442480468750063 46.582861328125006
10.430664062500057 46.550048828125
10.363085937500045 46.54707031250001
10.272265625000017 46.56484375
10.195507812500011 46.62109375
10.1375 46.614355468750034
10.087011718750034 46.59990234375002
10.061230468750011 46.54677734375005
10.03828125000004 46.48320312499996
10.045605468750011 46.447900390624966
10.081933593750051 46.420751953125034
10.109667968750017 46.36284179687496
10.129882812500057 46.287988281249994
10.145214843750068 46.25351562499998
10.12832031250008 46.23823242187498
10.080566406250028 46.22797851562501
10.041015625000057 46.238085937500045
9.971679687500057 46.32768554687499
9.939257812500017 46.36181640625003
9.884472656250068 46.36777343749998
9.787792968749983 46.346044921875006
9.639453125000045 46.2958984375
9.579589843750028 46.296093749999955
9.528710937500051 46.30620117187496
9.481054687500034 46.34877929687502
9.440625 46.43081054687505
9.42763671875008 46.482324218749966
9.39931640625008 46.48066406249998
9.304394531250011 46.49555664062498
9.260156250000051 46.475195312500034
9.259765625000057 46.391259765624966
9.251074218750063 46.286767578124994
9.203417968750045 46.21923828125
9.070996093750068 46.10244140625002
9.022363281250023 46.05146484375004
9.003027343749977 46.01489257812503
8.998925781250051 45.983105468749955
9.019140625000063 45.928125
9.046679687499989 45.87558593749998
9.023730468750017 45.84570312500003
8.953710937500063 45.83002929687504
8.904296875000028 45.861962890624966
8.885156250000051 45.91870117187497
8.778027343750068 45.996191406250034
8.826757812500034 46.06103515625003
8.818554687500068 46.07714843750003
8.641699218750006 46.11079101562504
8.5654296875 46.159814453124994
8.458398437500051 46.24589843750002
8.4384765625 46.282861328124994
8.44296875 46.40278320312501
8.436816406250017 46.431884765625
8.42255859375004 46.44604492187503
8.370703125000034 46.44511718750002
8.298535156249983 46.40341796875006
8.23193359375 46.341210937499994
8.095703125000057 46.27104492187499
8.081542968750028 46.25600585937505
8.127246093749989 46.18759765625006
8.12519531250004 46.160937500000045
8.014257812499977 46.05190429687502
7.993164062500028 46.01591796874999
7.852343750000045 45.94746093749998
7.787890625000045 45.92182617187498
7.592578125000045 45.97221679687496
7.538574218750057 45.97817382812502
7.451562500000023 45.94443359374998
7.327929687500045 45.91235351562503
7.129003906250034 45.88041992187499
7.055761718750034 45.90380859374997
7.021093750000063 45.92578125
7.003906250000028 45.95883789062498
6.953710937500006 46.01713867187496
6.897265625000074 46.0517578125
6.858007812500063 46.08940429687502
6.805664062500057 46.13066406249999
6.772070312500063 46.165136718750006
6.816796875000023 46.27519531249996
6.784179687500028 46.31396484375003
6.767382812500074 46.36918945312502
6.776074218750068 46.40664062499999
6.758105468750045 46.415771484375
6.578222656250006 46.437353515625034
6.42890625000004 46.43051757812498
6.321875 46.39370117187502
6.234667968750074 46.332617187500006
6.22421875 46.319433593750006
6.229589843750034 46.30844726562498
6.272949218750057 46.25224609374999
6.199414062500011 46.19306640625001
6.08662109375004 46.14702148437496
6.006640625000074 46.14233398437497
5.971484375000017 46.151220703125006
5.970019531250074 46.21469726562498
6.036132812500057 46.238085937500045
6.09589843750004 46.279394531250006
6.11591796875004 46.33764648437497
6.12324218750004 46.37861328124998
6.060253906250068 46.42817382812504
6.067968750000034 46.45854492187502
6.10703125 46.51606445312501
6.129687500000017 46.56699218749998
6.160742187500034 46.61103515624998
6.285156250000057 46.68305664062501
6.410156250000028 46.75541992187499
6.429003906250045 46.83227539062503
6.438574218750063 46.925878906250006
6.45625 46.948339843750034
6.624804687500074 47.00434570312501
6.666894531250023 47.026513671874994
6.688085937500006 47.058251953124966
6.820703125000023 47.163183593750034
6.952050781250023 47.26718749999998
6.978515625 47.30205078124999
7.000585937500063 47.32250976562497
7.000585937500063 47.33945312500006
6.984082031250068 47.35253906249997
6.921484375000034 47.361230468749966
6.900390625 47.39423828125004
6.968359375000063 47.45322265625006
7.053417968749983 47.489355468750034
7.136035156250045 47.48984375000006
7.169238281250045 47.473242187500034
7.167480468750057 47.45371093749998
7.203125 47.43271484375006
7.265722656249977 47.42578124999997
7.343164062500051 47.43310546875003
7.420019531250063 47.455175781250006
7.467382812500034 47.507666015625034
7.494921875000045 47.54736328125006
7.615625 47.592724609374955
7.698046875000045 47.56987304687502
7.927050781250074 47.56386718750002
8.09375 47.57617187499997
8.1982421875 47.60693359375003
8.327832031250011 47.60693359375003
8.41474609375004 47.58959960937503
8.430078125000051 47.592138671875034
8.454003906250051 47.59619140625006
8.477636718750063 47.61269531250002
8.559472656250051 47.62402343750003
8.570507812500068 47.637792968750006
8.567089843749983 47.65190429687502
8.55234375 47.65913085937498
8.451757812500034 47.65180664062501
8.413281250000011 47.662695312500006
8.403417968750034 47.68779296874996
8.435742187500068 47.731347656249966
8.509863281250063 47.76689453125002
8.572656250000051 47.775634765625
8.61787109375004 47.76611328125003
8.728320312500074 47.70004882812498
8.754785156250051 47.69804687500002
8.770117187500063 47.70991210937504
8.793066406250034 47.71655273437497
8.831152343750063 47.70361328125
8.8740234375 47.662695312500006
8.881152343750017 47.656396484374966
9.127539062500034 47.670703125000045
9.182812500000011 47.670703125000045

