42.35908203125007 37.095019531250045
42.35009765625 37.060595703125045
42.23730468750006 36.96113281250001
42.08398437500006 36.826025390625034
41.97402343750002 36.740820312500006
41.78857421875 36.59716796875003
41.65019531249999 36.56640625
41.416796875000045 36.5146484375
41.35419921875007 36.46440429687499
41.295996093750034 36.38334960937499
41.26181640625009 36.27246093750006
41.25175781249999 36.20302734375002
41.24560546875006 36.073388671874994
41.30019531250008 35.93896484374997
41.35263671875009 35.809960937499966
41.359375 35.724609375
41.354101562500034 35.64042968749999
41.30332031250009 35.550634765625006
41.24833984374999 35.42749023437503
41.216406250000034 35.288183593750006
41.19960937500002 35.02739257812499
41.19921875 34.80532226562502
41.19472656250008 34.76899414062501
41.09902343750002 34.61230468750006
40.98701171875007 34.429052734375034
40.93505859375 34.38657226562498
40.689453125 34.33203124999997
40.421484375000034 34.19775390624997
40.12197265625002 34.047656250000045
39.85 33.911376953125
39.56445312500006 33.76835937499999
39.268359375000045 33.62001953125005
39.05673828125009 33.514013671875034
38.773535156250034 33.37221679687502
38.515625 33.23662109375002
38.25429687500002 33.09921875
38.05576171875009 32.99487304687506
37.75410156250001 32.829833984375
37.57744140624999 32.733056640624994
37.31757812500007 32.59077148437498
37.088964843750034 32.46552734375004
36.81835937500006 32.31728515625002
36.47919921875007 32.36132812500003
36.3720703125 32.38691406250001
36.284277343750034 32.45747070312498
36.21972656250006 32.49511718750003
36.05947265625008 32.533789062500006
35.95644531250002 32.66669921874998
35.89472656250001 32.713769531249994
35.78730468750007 32.73491210937502
35.80146484375001 32.782324218750006
35.85683593750002 32.86235351562496
35.91347656250008 32.94960937499999
35.88203125000007 32.99809570312499
35.87177734375001 33.03935546874996
35.86806640625008 33.088574218749955
35.90664062500002 33.135693359374955
35.88847656249999 33.19248046874998
35.85878906250002 33.24956054687499
35.837011718750034 33.27822265625005
35.83710937500007 33.330517578124955
35.8515625 33.370458984375006
35.869140625 33.43173828125006
35.91474609375001 33.46538085937499
35.92656249999999 33.50029296874999
35.96757812499999 33.53457031250005
36.022265625000045 33.5625
36.034472656250045 33.585058593750034
36.026660156250045 33.59794921874999
35.97167968750006 33.62309570312496
35.9423828125 33.66757812500006
35.96845703125001 33.73242187500003
35.98613281249999 33.75263671874998
36.01884765624999 33.78393554687506
36.09218750000008 33.83159179687499
36.14980468750002 33.839501953124994
36.19941406250007 33.83955078125001
36.28339843750007 33.835595703124994
36.34853515625008 33.82705078125005
36.36503906249999 33.83935546874997
36.36279296875006 33.855126953124994
36.2822265625 33.89418945312505
36.27783203125006 33.92529296874997
36.29785156250006 33.95864257812502
36.35488281250002 34.011328125
36.42285156250006 34.049853515625045
36.45751953125 34.056835937499955
36.53515625 34.13432617187502
36.5849609375 34.22124023437496
36.50439453125006 34.432373046875
36.45556640625006 34.466162109375034
36.37646484375 34.49516601562499
36.32988281249999 34.499609375
36.32626953125009 34.513330078124966
36.388671875 34.56689453125003
36.43300781250008 34.61347656250004
36.38388671875009 34.65791015625001
36.29628906250002 34.6787109375
36.26357421875002 34.63286132812499
36.15107421875001 34.62861328125001
35.97626953125001 34.629199218750045
35.89931640625002 34.85209960937496
35.88789062500001 34.948632812499994
35.88994140624999 35.06030273437503
35.94306640625007 35.22382812500004
35.918066406250034 35.29951171874998
35.916015625 35.35053710937498
35.902441406250034 35.42070312499999
35.76445312499999 35.57158203124999
35.83964843749999 35.84921874999998
35.892675781250034 35.91655273437502
35.96757812499999 35.91005859375002
36.127343750000136 35.831445312499994
36.153613281250045 35.833886718749966
36.201953125000045 35.937548828125045
36.248828125000045 35.97270507812502
36.34755859375008 36.00351562499998
36.375390625000136 36.171240234375034
36.421484375000034 36.203466796875034
36.47705078125006 36.220703125
36.562402343750136 36.22392578125002
36.63671875 36.233984375000034
36.641406250000045 36.263525390625006
36.537500000000136 36.45742187499999
36.546679687500045 36.50634765625
36.596875 36.70136718750004
36.62841796875 36.777685546875034
36.65859375000002 36.802539062500045
36.77656250000007 36.79267578124998
36.94179687500008 36.758398437500034
36.98535156250006 36.70239257812497
37.06621093749999 36.65263671874996
37.18740234375002 36.65590820312502
37.327050781250136 36.64658203124998
37.43632812499999 36.64331054687503
37.52353515625009 36.67832031250006
37.720312500000034 36.74370117187496
37.817968750000034 36.76557617187498
37.90664062500008 36.79462890625004
38.191699218750045 36.901562499999955
38.30585937500007 36.89335937499999
38.38398437500018 36.879248046875034
38.44375 36.862255859374955
38.57802734375008 36.78911132812496
38.68886718750002 36.715087890625
38.766601562500114 36.69311523437506
38.906445312500125 36.694677734375006
39.108398437500114 36.680566406249966
39.35664062500018 36.68159179687501
39.501464843750114 36.702246093750034
39.68652343750006 36.73862304687498
40.01640624999999 36.82607421875005
40.45039062500007 37.00888671874998
40.70566406250009 37.09770507812496
40.815625 37.10815429687506
40.95888671875008 37.10917968749999
41.102148437500034 37.08588867187504
41.264648437500114 37.06933593750003
41.339550781250125 37.07080078124997
41.51552734375008 37.08916015624999
41.74355468750008 37.126123046874966
41.886816406250034 37.15639648437502
42.059863281250045 37.2060546875
42.16787109375002 37.288623046875045
42.20273437500009 37.29726562500002
42.24755859375 37.28222656249997
42.268554687500114 37.27656249999998
42.31289062500008 37.229589843750006
42.358984375000034 37.108593749999955

