118.451171875 24.45556640625003
118.43271484375003 24.41435546874999
118.29511718750018 24.436328125000017
118.28730468750018 24.47661132812499
118.33935546875011 24.469140624999966
118.40742187500001 24.522119140625023

120.9468750000002 22.503076171874994
120.89736328124997 22.37915039062497
120.87734374999997 22.26220703125003
120.87841796875011 22.141552734374983
120.8642578125 22.032666015624983
120.83984375 21.925
120.7427734375002 21.95600585937501
120.69013671875001 22.033105468749994
120.67802734375016 22.15966796875003
120.60761718750001 22.31254882812499
120.58125 22.356396484374955
120.47978515624999 22.44189453124997
120.38759765625014 22.484521484375023
120.31621093750016 22.547607421875
120.32558593750014 22.54243164062501
120.27285156250014 22.62744140625003
120.23281250000014 22.717919921874966
120.15009765625007 22.974902343750017
120.12158203125011 23.037011718749966
120.08339843749997 23.093701171874983
120.07246093750007 23.149755859375034
120.08554687500003 23.212060546875023
120.12119140625003 23.30517578124997
120.14296875000014 23.399072265625023
120.12539062500002 23.52661132812497
120.13212890625016 23.652929687500034
120.15898437499999 23.709033203125017
120.62968750000016 24.478515625
120.75742187500009 24.642285156249983
120.8359375 24.72265625
120.90156250000001 24.81328124999999
120.96406250000018 24.927978515625
121.0406250000002 25.032812500000034
121.09541015625018 25.065087890624966
121.36542968750001 25.15917968750003
121.44960937500014 25.24902343750003
121.51708984375011 25.276904296875045
121.59365234374997 25.275341796874983
121.64306640625011 25.23242187500003
121.6871093750002 25.181591796874983
121.73330078125002 25.15410156249999
121.85283203125005 25.104443359374983
121.90517578125014 25.05644531249999
121.92900390624999 24.973730468750006
121.85625 24.895263671875
121.82011718750005 24.82451171874999
121.81337890624997 24.74633789062503
121.82636718750007 24.640527343749966
121.82802734375014 24.534375
121.73701171875007 24.285253906249977
121.63935546875007 24.130078124999983
121.61308593750005 24.05273437500003
121.58339843750014 23.860888671875045
121.52607421875018 23.668261718750045
121.47714843750003 23.42407226562503
121.3974609375 23.17250976562505
121.35224609375001 23.067285156249994
121.2958984375 22.966601562500017
121.1612304687502 22.77636718749997
121.00878906250011 22.620361328125

