70.61210937500005 39.786767578124966
70.5595703125 39.79091796875002
70.51865234375009 39.82817382812496
70.48925781250006 39.86303710937506
70.48281250000008 39.882714843749966
70.49775390625007 39.882421875
70.56708984375013 39.866601562499966
70.66416015625009 39.85546875000003
70.6982421875 39.84584960937502
70.70166015625 39.825292968750006

70.62275390625018 40.934423828125006
70.56875 40.981835937499994
70.55000000000018 41.01489257812497
70.57207031250016 41.02480468750002
70.61835937500007 41.00166015625001
70.64921875000016 40.960839843749966
70.65253906250018 40.936621093750006

70.54882812500011 40.56279296874996
70.38261718749999 40.45351562499999
70.37714843750001 40.43925781250002
70.36972656250003 40.412011718749966
70.37158203124994 40.38413085937498
70.39824218750016 40.36137695312496
70.46992187500001 40.345361328124994
70.53359375000014 40.32451171875002
70.56582031250002 40.26713867187496
70.60273437500018 40.21416015624999
70.653125 40.201171875
70.89941406249994 40.23457031249998
70.9580078125 40.23886718750006
70.96093750000006 40.22065429687498
70.94638671875003 40.187597656250006
70.73857421875005 40.13115234374996
70.64433593750005 40.08344726562501
70.62412109375009 39.99897460937504
70.59921875000009 39.97451171875002
70.55683593750007 39.95449218750002
70.51513671875 39.94990234374998
70.45136718750007 40.049218749999966
70.37890625000006 40.06987304687499
70.2744140625 40.104833984375006
70.07148437500001 40.172753906249994
69.96679687500011 40.20224609375006
69.76523437500009 40.15800781250002
69.5302734375 40.097314453124994
69.49365234375 40.06035156250002
69.46875 40.02075195312503
69.47099609374999 39.990625
69.48789062500003 39.950439453125
69.47626953125007 39.91972656249996
69.43193359375005 39.90976562499998
69.36542968750018 39.94707031250002
69.30722656250003 39.96855468749996
69.27880859375011 39.91777343750002
69.24472656250009 39.82709960937501
69.22910156250009 39.76108398437506
69.28027343750006 39.665869140625034
69.29765625000005 39.524804687499966
69.39150390625014 39.53247070312503
69.46328125000014 39.532080078125034
69.59882812500013 39.57377929687502
69.66699218750006 39.574902343749955
69.77207031250003 39.556738281250006
69.95595703125014 39.55307617187506
70.10166015625003 39.56059570312499
70.13681640625003 39.55756835937498
70.17109375000018 39.58417968749998
70.20927734375005 39.575
70.24482421875007 39.542626953124966
70.39208984375006 39.58188476562506
70.50117187500007 39.58735351562501
70.56796875000003 39.57587890624998
70.60781250000014 39.564404296874955
70.67861328125008 39.471289062500006
70.73310546875007 39.41328124999998
70.79931640625 39.39472656250004
71.00488281250011 39.41186523437497
71.06503906250003 39.49340820312497
71.11806640625008 39.513574218749994
71.20273437500003 39.51982421875002
71.27285156250008 39.535302734374994
71.32851562500008 39.568701171875034
71.40429687500006 39.59785156250001
71.47031250000009 39.603662109374966
71.50302734375009 39.58217773437502
71.5173828125001 39.55385742187502
71.50585937500006 39.51708984375
71.50332031250014 39.47880859375002
71.54628906250002 39.45307617187501
71.67265624999999 39.447070312500045
71.73222656250005 39.42299804687502
71.7353515625 39.377734375000045
71.72568359375003 39.30659179687501
71.77861328124999 39.27797851562505
71.80595703125005 39.27558593750001
71.99101562500005 39.35092773437498
72.04277343749999 39.35214843750006
72.08417968750007 39.310644531250034
72.14736328125008 39.2607421875
72.22998046875006 39.20751953125
72.2498046875001 39.21567382812506
72.28720703125003 39.27373046874999
72.35771484375005 39.336865234374955
72.49023437500011 39.35737304687498
72.56337890625002 39.377197265625
72.63994140625005 39.38598632812503
72.87246093750002 39.36040039062496
72.94941406250007 39.357080078124994
73.10927734375014 39.361914062500006
73.23496093750003 39.37456054687502
73.33613281250007 39.41235351562497
73.38740234375001 39.442724609375034
73.47041015625007 39.46059570312505
73.57558593750008 39.45761718750006
73.63164062500005 39.448876953124966
73.63632812500003 39.39667968749998
73.62314453125009 39.2978515625
73.60732421874997 39.22919921874998
73.69042968750011 39.10454101562499
73.74375 39.04453125
73.79560546875007 39.00214843749998
73.80527343750009 38.968652343749994
73.79453125000009 38.94130859375002
73.72998046875011 38.91469726562502
73.70683593749999 38.88623046875
73.69609375000005 38.85429687499999
73.716796875 38.81723632812498
73.75410156250001 38.69892578125004
73.80166015625014 38.60688476562501
73.86914062500011 38.56289062500002
73.97001953125016 38.53369140625003
74.02558593750018 38.53984375
74.06533203125014 38.608496093750006
74.13134765624994 38.66118164062499
74.18730468749999 38.657519531250045
74.27744140625009 38.659765625000034
74.51406250000014 38.6
74.74501953125014 38.510009765625
74.81230468750016 38.460302734375006
74.8359375 38.40429687500006
74.77207031250003 38.274755859375034
74.77509765625001 38.19189453125003
74.78964843750003 38.10361328124998
74.84248046875018 38.03808593750006
74.89082031250007 37.92578125
74.90029296875014 37.832714843749955
74.92128906250014 37.80498046874999
74.93828125000016 37.772509765625045
74.91230468750018 37.68730468749999
74.89423828125007 37.601416015625006
74.91582031249999 37.57280273437502
74.98642578125009 37.530371093750006
75.09746093750016 37.451269531250034
75.11875 37.38569335937501
75.07900390625014 37.34404296874996
75.00839843750003 37.29355468749998
74.91816406250001 37.25
74.89130859375018 37.23164062499998
74.87539062500014 37.241992187500045
74.83046875000014 37.28593750000002
74.73056640625003 37.357031250000034
74.65937500000018 37.39448242187501
74.52421875000005 37.382373046875045
74.44492187500009 37.39560546874998
74.34902343750008 37.41875
74.25966796875002 37.41542968750002
74.20351562500002 37.372460937499966
74.16708984375003 37.329443359375006
74.07773437500003 37.31621093749999
73.94882812500009 37.28315429687498
73.74960937500009 37.231787109375006
73.65351562500007 37.239355468750034
73.62753906250009 37.261572265625034
73.64882812500008 37.29121093750004
73.71728515625 37.329443359375006
73.73378906250008 37.375781250000045
73.72060546875014 37.41875
73.65712890625008 37.43046874999999
73.63261718750005 37.43720703125001
73.60468750000007 37.44604492187506
73.48134765625008 37.47167968750003
73.38291015625009 37.46225585937498
73.21113281250007 37.408496093750045
72.8955078125 37.26752929687501
72.75703125000001 37.17270507812506
72.65742187500018 37.029052734375
72.35878906250008 36.98291015625003
72.15351562500007 36.90053710937502
71.94199218750009 36.76645507812498
71.80205078125005 36.69428710937501
71.73378906250014 36.68403320312498
71.665625 36.69692382812502
71.59746093750016 36.73291015624997
71.53085937500009 36.84511718750002
71.471875 37.01508789062501
71.43291015624999 37.127539062500006
71.45478515625001 37.271826171875006
71.47968750000001 37.43603515625006
71.50507812500007 37.60292968750002
71.54619140624999 37.79565429687503
71.58037109375005 37.86425781249997
71.58222656250007 37.91010742187501
71.55195312500001 37.93315429687499
71.48779296875011 37.931884765625
71.3896484375 37.90629882812502
71.31992187500009 37.90185546875
71.27851562500007 37.91840820312501
71.28281250000009 38.007910156250034
71.33271484375001 38.17026367187498
71.25585937500011 38.306982421875034
71.05214843750008 38.417871093749966
70.87890625000011 38.456396484375006
70.73593750000003 38.42255859375004
70.61582031250009 38.33442382812501
70.5185546875 38.19199218750006
70.41777343750005 38.07543945312503
70.31328124999999 37.98481445312504
70.23876953125011 37.94121093750002
70.21464843750005 37.92441406249998
70.19941406250018 37.88603515624999
70.25498046875003 37.765380859375
70.25146484375011 37.66416015624998
70.18867187500013 37.582470703124955
70.11982421875001 37.54350585937502
70.04472656249999 37.54721679687506
69.98496093750009 37.566162109375
69.940625 37.60029296875004
69.82089843750003 37.609570312499955
69.62578124999999 37.59404296874999
69.49208984375014 37.553076171875006
69.42011718750001 37.48671875
69.39921875000005 37.39931640625002
69.42968750000011 37.29086914062506
69.41445312500014 37.207763671875
69.35380859374999 37.150048828124966
69.30390625000007 37.11694335937497
69.26484375000007 37.1083984375
69.18017578125 37.158300781250034
69.05 37.266503906249966
68.96044921875 37.325048828125006
68.91181640625001 37.33393554687504
68.88525390625011 37.32807617187498
68.85537109375008 37.31684570312501
68.83847656250009 37.302832031250006
68.82373046875011 37.27070312500004
68.78203125000016 37.25800781250001
68.72324218750009 37.26801757812501
68.66914062500007 37.258398437500006
68.63701171874999 37.224462890625034
68.54648437500003 37.183447265625006
68.38691406250001 37.1375
68.29951171875018 37.08842773437502
68.28476562500009 37.03632812499998
68.26093750000001 37.01308593750005
68.21210937500001 37.02153320312499
68.06777343750014 36.949804687500034
67.95800781250006 36.972021484375034
67.83447265625011 37.06420898437497
67.76601562500002 37.14013671875
67.75898437500007 37.172216796875034
67.79804687500007 37.244970703125034
67.81435546875002 37.487011718749955
67.86357421875016 37.57070312500005
68.01093750000018 37.720947265625
68.08759765625018 37.83544921874997
68.17402343750018 37.92841796875001
68.23652343750001 37.95966796874998
68.29404296875003 38.03291015624998
68.34121093750014 38.116796875
68.3544921875 38.16953125
68.35029296875001 38.211035156250034
68.33310546875009 38.23779296874997
68.25136718750014 38.29453124999998
68.14414062500003 38.38310546874999
68.08720703125016 38.47353515625002
68.05595703124999 38.58891601562499
68.04785156249994 38.669287109375034
68.14853515625003 38.890625
68.13251953125018 38.927636718749994
68.10351562500011 38.96201171874998
68.04433593750014 38.98359375000004
67.95957031250009 38.99291992187497
67.87568359375007 38.983007812500006
67.7685546875 38.98222656250002
67.69443359375009 38.99462890624997
67.67656249999999 39.008496093749955
67.66728515625016 39.109179687500045
67.64833984375002 39.131054687499955
67.61650390624999 39.150292968749966
67.40039062499994 39.196679687499994
67.35761718750001 39.216699218749994
67.34960937500011 39.24208984375002
67.42617187500014 39.465576171875
67.45957031250003 39.48242187500006
67.49169921875 39.51875
67.54248046875011 39.5576171875
67.71904296875005 39.62138671875002
67.90859375000002 39.59379882812499
68.0771484375 39.56416015625001
68.24492187500016 39.548291015624955
68.30302734375016 39.537695312500034
68.39902343750009 39.52885742187499
68.46328125000014 39.53671875
68.50693359375003 39.56279296874999
68.58613281250001 39.634960937499955
68.6103515625 39.74326171874998
68.63896484375005 39.8388671875
68.68691406250014 39.846289062500006
68.73525390625014 39.83623046875002
68.75820312500002 39.855566406250034
68.76796875000014 39.88183593749997
68.77783203125011 39.904199218749994
68.79765625000005 39.90913085937501
68.83242187500002 39.884326171875045
68.85224609375007 39.89096679687506
68.86875 39.90747070312503
68.86386718750003 39.92734375
68.82441406250018 39.96079101562498
68.78945312500014 40.01333007812502
68.79277343750005 40.031494140625
68.80468749999994 40.05034179687502
68.90849609375016 40.068212890625006
68.95566406250009 40.07133789062502
68.97207031250014 40.089941406250006
68.96601562500007 40.11958007812501
68.92685546875009 40.136328125000034
68.78457031250014 40.12709960937502
68.63974609375003 40.12919921875002
68.62246093750014 40.14726562499996
68.63066406250005 40.167089843750006
68.65253906250007 40.18266601562496
68.95175781250009 40.22260742187504
69.1103515625 40.20874023437506
69.22832031250005 40.187597656250006
69.27490234375011 40.198095703125006
69.21953124999999 40.28813476562496
69.29443359375 40.29658203125001
69.30419921875011 40.32739257812497
69.20625 40.56655273437502
69.25996093750018 40.58764648437497
69.31396484375 40.63476562499997
69.309375 40.72392578125002
69.35722656249999 40.76738281249999
69.41386718750016 40.79716796875002
69.49824218750001 40.76708984375003
69.62841796875011 40.679052734375034
69.67080078125014 40.661962890625006
69.712890625 40.65698242187497
69.77324218750005 40.68427734375001
70.00566406250005 40.77143554687501
70.13632812500009 40.820410156250034
70.29208984375003 40.891699218750006
70.31894531250009 40.91923828125002
70.37265625000003 41.02763671874999
70.40195312500003 41.03510742187501
70.44150390625009 41.02343750000003
70.57822265625003 40.911474609375034
70.65732421875009 40.83964843749996
70.65732421875009 40.81508789062502
70.63476562500011 40.79658203124998
70.63916015624994 40.77856445312506
70.7509765625 40.739599609375006
70.75107421875003 40.721777343750034
70.72558593749994 40.68779296875002
70.71201171875003 40.66909179687505
70.69833984375003 40.66118164062502

