99.64404296875 6.516113281249972
99.60664062500018 6.59682617187498
99.65400390625007 6.714111328124986
99.70136718750001 6.570556640625043
99.66308593749994 6.521923828124997

99.10439453124997 7.471289062499963
99.06787109375011 7.495898437500003
99.03769531250009 7.548486328124966
99.0380859375 7.625732421874986
99.04511718750018 7.63652343749996
99.07841796875005 7.591845703125017

98.57998046875002 7.917041015625003
98.52939453125009 8.108544921875023
98.60429687500016 8.057324218749983
98.59199218750007 7.933935546874977

98.39843749999994 7.828417968749974
98.35742187499994 7.829443359375006
98.315625 7.782324218750006
98.29628906250014 7.776074218749969
98.2623046875002 7.926074218749974
98.30136718750009 8.136230468749986
98.32207031250005 8.166308593749989
98.35097656249997 8.110644531250017
98.43496093750014 8.085644531249983
98.39882812500014 7.964550781249997
98.40908203125002 7.902050781249969

98.25078124999999 9.040820312499974
98.2583984375002 9.095410156249997
98.27363281250001 9.1298828125
98.30117187500014 9.139111328125011
98.3125 9.080371093749946
98.30751953125002 9.051464843750011

100.07529296875009 9.529443359374952
100.05371093749994 9.461425781250043
99.96240234375011 9.421630859375014
99.93125 9.476074218750014
99.93955078125003 9.559960937499952
99.95361328125 9.581005859374983
100.04296875 9.576855468750026
100.07070312500014 9.586035156250034

100.06445312500011 9.679980468749989
100.02568359374999 9.71171875
99.998046875 9.747607421874989
99.98339843750011 9.793554687500034
100.04345703125 9.791650390624994
100.07304687500016 9.749121093750034
100.07412109375014 9.696679687500009

102.58994140625009 11.572167968750009
102.53281250000009 11.614941406250011
102.5464843750002 11.667773437500031
102.56894531250009 11.691699218750017
102.6064453125 11.676513671875028

102.42998046874999 11.964746093749952
102.37812500000018 11.982958984375031
102.3599609375002 11.974414062499974
102.30195312500001 11.980810546875034
102.27333984374997 12.119335937500011
102.2774414062502 12.151855468749972
102.31884765625011 12.141650390625031
102.37812500000018 12.072851562499949
102.40839843750007 12.025097656249997
102.42675781249994 11.98872070312504

100.12246093750002 20.31665039062497
100.11494140625018 20.257666015625034
100.13974609375015 20.24541015625013
100.17412109375016 20.272753906250017
100.2180664062501 20.339599609375114
100.26601562500014 20.377294921874977
100.31796875000003 20.38588867187505
100.3731445312502 20.340380859375102
100.43154296875008 20.240722656250057
100.49160156250008 20.184082031250057
100.51953125000006 20.17792968750004
100.53994140625008 20.132373046875017
100.54306640625009 20.08867187499999
100.51455078125014 19.996337890625
100.46621093750014 19.88891601562497
100.39765625000013 19.756103515625085
100.42011718750018 19.644482421875097
100.51357421875014 19.55346679687503
100.62548828125 19.49985351562512
100.74394531250005 19.514746093750034
100.80683593750007 19.541943359374983
100.85820312500005 19.585058593750063
100.90605468750005 19.605371093750108
100.96650390625013 19.610791015624983
101.15468750000008 19.57919921875012
101.21191406250011 19.54833984375003
101.22080078125015 19.486621093750074
101.19755859374999 19.327929687500074
101.22656250000006 19.211523437499977
101.27988281250009 19.088916015625045
101.28632812500007 18.977148437500034
101.22050781250016 18.79277343750013
101.16552734375006 18.618310546875108
101.10634765625008 18.533544921875063
101.06044921875014 18.47900390624997
101.04697265625009 18.441992187500063
101.0505859375001 18.407031250000045
101.0927734375 18.354541015625017
101.1375 18.286865234375085
101.14873046874999 18.222167968750057
101.14394531250008 18.142626953125017
101.11328125000006 18.033544921874977
100.99902343750006 17.797167968750074
100.9084960937501 17.58388671875005
100.95585937500005 17.541113281250034
101.04570312500005 17.509960937500068
101.10517578125001 17.479541015625102
101.16748046875011 17.49902343749997
101.29970703125014 17.625
101.41367187500015 17.71875
101.55507812500002 17.812353515625034
101.56367187500007 17.820507812500097
101.6875 17.889404296875114
101.744140625 17.952685546875045
101.77480468750002 18.03339843750004
101.81865234375016 18.064648437500097
101.87548828125011 18.046435546875045
101.94746093750001 18.081494140624983
102.03457031250002 18.16982421875005
102.10146484375014 18.21064453125001
102.14824218750016 18.203857421875057
102.23164062500007 18.148974609375045
102.35185546875005 18.045947265625017
102.4587890625001 17.98461914062497
102.55253906249999 17.965087890625085
102.59824218750009 17.926757812500085
102.59609375000002 17.86962890625
102.61679687500015 17.833349609375063
102.66064453125011 17.817968750000034
102.68007812500008 17.82412109375005
102.67519531250014 17.851757812500068
102.71757812500016 17.89223632812508
102.80742187500016 17.945556640625
102.89863281250007 17.976904296875006
102.99140625000018 17.986230468750108
103.05136718750009 18.02851562500004
103.09121093750008 18.13823242187499
103.1485351562502 18.221728515625045
103.19970703125006 18.25947265625001
103.26318359375011 18.27846679687505
103.27958984375005 18.304980468750045
103.24892578125014 18.338964843750034
103.25175781249999 18.373486328125068
103.28828125000007 18.408398437499983
103.36699218750005 18.42333984375
103.48798828125007 18.41816406250001
103.62968750000016 18.38256835937503
103.79228515625005 18.31650390625009
103.89882812500002 18.295312500000023
103.94960937500008 18.31899414062505
104.04873046875002 18.216699218749994
104.19619140625014 17.988378906250034
104.32265625000014 17.81582031250005
104.42812500000014 17.69897460937503
104.53925781250013 17.60927734375005
104.65585937500003 17.54672851562512
104.73964843750008 17.461669921875
104.81601562500009 17.30029296875
104.75898437500013 17.0771484375
104.74355468750008 16.884375
104.75058593750015 16.647558593750063
104.81933593749994 16.46606445312503
104.94990234375018 16.33994140625009
105.02578125000008 16.237988281250125
105.04716796875005 16.16025390625009
105.1487304687501 16.09355468749999
105.33066406250003 16.037890625000017
105.40625 15.987451171875051
105.37558593750015 15.942187500000074
105.37324218750013 15.889697265625045
105.39892578125011 15.829882812500102
105.46201171875015 15.78041992187508
105.56240234375002 15.741259765624989
105.62207031250006 15.699951171875114
105.64101562500014 15.656542968750045
105.63886718750013 15.585937499999972
105.615625 15.488281249999972
105.57373046875011 15.413232421875051
105.51318359375011 15.360888671875045
105.50585937500011 15.319628906250074
105.49042968750018 15.256591796875014
105.49042968750018 15.127587890625023
105.53339843750013 15.041601562500091
105.54667968749999 14.932470703125063
105.52304687500015 14.843310546875017
105.50019531250013 14.661230468750048
105.49736328125016 14.590673828125063
105.47558593750006 14.530126953124991
105.42265625000005 14.471630859374969
105.34218750000008 14.416699218749969
105.24365234375006 14.367871093749969
105.18330078125007 14.346240234375003
105.16914062500018 14.33608398437498
105.12597656250011 14.280957031250026
105.07412109375002 14.227441406249966
105.03369140625011 14.227392578124949
105.00341796875 14.254443359375045
104.982421875 14.28945312499998
104.96972656249994 14.366113281249966
104.87880859375002 14.404003906249969
104.77900390625018 14.42783203125002
104.57578125000009 14.390039062499966
104.41162109374994 14.369580078124969
104.22773437500007 14.395507812500014
104.05429687500009 14.362744140624997
103.98183593750014 14.357910156249986
103.89863281250018 14.36279296875
103.81835937499994 14.362158203124963
103.74189453125001 14.374169921875009
103.60039062500016 14.421093749999983
103.54638671875 14.41743164062504
103.43242187500005 14.378613281250026
103.31347656249994 14.351318359374972
103.19941406250018 14.332617187499991
103.03105468750016 14.25253906250002
102.9092773437502 14.136718750000043
102.87324218750018 14.054882812499983
102.81279296874999 13.972460937499974
102.72890624999997 13.84189453125002
102.62041015625016 13.716943359374966
102.54472656250005 13.659960937499989
102.56552734375009 13.626367187499994
102.54687500000011 13.585693359374957
102.42851562500016 13.567578125
102.33632812500002 13.560302734375028
102.31972656250002 13.539990234374983
102.33076171875001 13.288232421875023
102.36298828125001 13.192968749999977
102.42265625000005 13.077978515625006
102.46171875000016 13.015039062499966
102.49072265625011 12.828320312500026
102.49960937500009 12.669970703125017
102.62968749999999 12.569921874999963
102.70332031250018 12.493505859375034
102.75566406249999 12.426269531250014
102.7374023437502 12.383398437499977
102.70625 12.255664062499989
102.73662109375005 12.089794921875026
102.91806640625003 11.73208007812498
102.93388671875016 11.706689453124966
102.91230468750001 11.703857421875014
102.88369140624997 11.772753906250017
102.79160156250003 11.888623046874997
102.76298828125016 12.012451171875
102.65488281250009 12.14882812499998
102.59414062500014 12.203027343750009
102.5748046875002 12.157812500000034
102.54023437500018 12.109228515624991
102.43408203124994 12.17924804687496
102.34316406249997 12.25258789062498
102.25908203124999 12.394335937499989
102.24843750000014 12.361425781250034
102.2295898437502 12.331640625
102.13417968750014 12.443017578124966
102.034375 12.531884765625037
101.94453125000007 12.563671875000026
101.88906250000014 12.593261718750014
101.83574218749999 12.640380859375028
101.7236328125 12.689355468749966
101.44492187500003 12.618945312500003
101.09023437500002 12.67363281249996
100.95371093750009 12.621240234375037
100.89775390625005 12.65380859375
100.86328125000011 12.714501953125023
100.89638671875014 12.818164062500003
100.90390625000003 13.034912109375014
100.94609375000005 13.187255859374972
100.92626953125 13.303027343750017
100.94697265625001 13.357568359375023
100.96269531250005 13.431982421875006
100.90654296875016 13.462402343749986
100.65605468749999 13.521289062499989
100.60292968750002 13.568164062500031
100.53642578125016 13.514453125000017
100.23564453125016 13.484472656250034
100.12236328125016 13.439550781250034
100.01748046875014 13.353173828125023
99.99052734375016 13.243457031250045
100.05107421875005 13.171240234374991
100.08994140625003 13.045654296874986
99.9820312500002 12.771484375
99.96396484375003 12.69003906250002
100.00566406250005 12.354736328125
99.98906249999999 12.170800781250009
99.9302734375002 12.04746093750002
99.83710937500007 11.936621093750006
99.79873046875014 11.748779296875014
99.72548828125014 11.661767578124966
99.62734375000014 11.462890625000028
99.56132812499999 11.21518554687502
99.51435546875001 11.100585937500028
99.4869140625002 10.889550781250023
99.28476562500003 10.569140625000031
99.2373046875 10.388134765625011
99.16503906250011 10.319824218750043
99.19033203125002 10.265869140624972
99.19462890625016 10.175439453125023
99.16933593749997 9.934179687499991
99.1607421875002 9.73403320312498
99.19130859375014 9.627148437499969
99.28828125000007 9.414599609375003
99.26503906250014 9.352978515624983
99.25390625 9.265234374999949
99.33544921875 9.22543945312502
99.39384765625016 9.213720703125034
99.72382812500018 9.314208984374986
99.8355468750002 9.28837890624996
99.8775390625002 9.19462890624996
99.90468750000014 9.112890625
99.96064453125018 8.671240234375006
99.98955078125005 8.589208984374991
100.0562500000002 8.51113281249998
100.12929687499997 8.42807617187502
100.15410156250016 8.442968750000034
100.15888671875007 8.473779296875009
100.16347656250002 8.508398437499949
100.22871093750018 8.424707031249952
100.2793945312502 8.268505859375026
100.45351562500014 7.442285156250009
100.50371093750016 7.337304687500023
100.54521484375016 7.226904296875006
100.43935546875002 7.280761718749957
100.4107421875002 7.464306640624969
100.38037109375 7.541503906249972
100.34296875000018 7.55288085937498
100.2837890625002 7.551513671874972
100.27998046875001 7.584326171874991
100.3243164062502 7.644189453125023
100.31738281250011 7.71596679687498
100.25664062500016 7.77490234375
100.15820312500011 7.728125
100.16074218750009 7.599267578125009
100.20488281249999 7.500537109374974
100.37138671874999 7.280126953125006
100.42353515625007 7.187841796875034
100.48974609374994 7.161376953124972
100.58623046875016 7.175976562500026
100.70166015624994 7.081982421874969
100.7925781250002 6.994677734375031
101.01787109374999 6.860937499999963
101.1543945312502 6.875146484375023
101.30195312500007 6.90830078125002
101.40087890624994 6.899560546875023
101.49794921875002 6.86528320312496
101.6142578125 6.753955078125017
101.79921875000002 6.474609375000043
102.10107421874994 6.242236328124946
102.06835937499994 6.184667968750034
102.05517578125011 6.096679687499957
101.9361328125002 5.979345703125034
101.91718750000018 5.911376953125043
101.87363281250009 5.825292968750006
101.79072265625007 5.779345703124974
101.71953125000005 5.770605468749963
101.67841796875018 5.778808593750043
101.65 5.795996093749991
101.60136718750005 5.877148437499997
101.57675781250009 5.902001953125009
101.55605468750014 5.907763671875017
101.40419921875002 5.851660156249963
101.25703125000007 5.789355468749974
101.22978515624999 5.733691406250003
101.190625 5.66875
101.14765625000007 5.643066406250014
101.11396484375001 5.636767578124974
101.08173828125007 5.674902343750006
101.02519531250016 5.724511718749994
100.98164062500018 5.771044921874974
100.9927734375002 5.84619140625
101.07558593750014 5.956494140624997
101.08652343750003 6.033691406250014
101.07597656250005 6.166064453124974
101.05351562500016 6.242578125000023
101.0293945312502 6.24531250000004
100.98876953125011 6.257666015624991
100.87392578124997 6.245410156249974
100.8165039062502 6.331640624999963
100.79375000000016 6.426171875000037
100.75449218750009 6.460058593750006
100.71562500000016 6.480664062500026
100.6294921875002 6.447998046875043
100.56386718750014 6.467529296875014
100.34541015625007 6.54990234375002
100.26142578125018 6.682714843749977
100.21660156249999 6.686621093749977
100.17675781249994 6.671826171874983
100.1612304687502 6.641601562500043
100.13798828125016 6.48867187499998
100.11914062499994 6.441992187499963
99.86865234375 6.749902343749994
99.69599609375018 6.876660156249969
99.72031250000003 7.106201171875014
99.66777343749999 7.150878906249972
99.60244140625014 7.155322265624989
99.55302734374999 7.218798828124946
99.59697265625016 7.355615234375023
99.52910156249999 7.329492187500037
99.43515625000003 7.334375
99.35859375000018 7.372216796875037
99.30039062500003 7.561328125000017
99.26367187500011 7.619042968749952
99.18339843749999 7.718066406249974
99.07763671874994 7.718066406249974
99.04267578125001 7.765625
99.05107421875016 7.887841796875009
98.97392578125016 7.962792968749994
98.87246093749997 8.023925781250014
98.78867187500003 8.059814453125043
98.70351562500014 8.256738281250023
98.6363281250002 8.305029296875006
98.5791992187502 8.344287109375003
98.49980468749999 8.317822265625026
98.47402343750002 8.246923828124977
98.4209960937502 8.178222656250014
98.36074218750002 8.186962890625011
98.30546875000005 8.226220703125023
98.23818359375002 8.423095703124986
98.22695312500014 8.543652343750026
98.2417968750002 8.767871093749974
98.32597656250005 8.968945312499983
98.37138671875016 9.290527343750043
98.44316406249999 9.492822265624952
98.49296875000005 9.561425781249994
98.56191406250014 9.8375
98.70253906250002 10.190380859374955
98.71845703125007 10.266015625
98.74687500000016 10.350830078124957
98.76835937499999 10.430859375000011
98.77539062500011 10.557031249999966
98.75722656250014 10.623583984375017
98.75722656250014 10.660937499999989
98.78691406250016 10.708447265624983
98.88710937500014 10.788330078125014
99.025390625 10.919970703125003
99.19013671875007 11.105273437500003
99.35878906250014 11.389453124999989
99.44267578125016 11.554394531250026
99.47792968749997 11.6125
99.5152343750002 11.630664062500017
99.57285156250003 11.68715820312498
99.6125 11.749658203125009
99.61474609374994 11.78120117187504
99.52294921875011 12.089648437500003
99.46289062500011 12.190234374999974
99.43242187500005 12.309033203125026
99.41630859375005 12.394824218750003
99.39423828125018 12.473632812499986
99.40507812500016 12.547900390625017
99.37197265624997 12.594238281250043
99.29736328124994 12.652880859374989
99.21982421875003 12.739746093750014
99.17353515625007 12.881933593750034
99.17353515625007 12.961328125000037
99.12392578124997 13.030761718749972
99.107421875 13.103515624999957
99.13710937500002 13.172998046874994
99.17617187500014 13.23305664062498
99.17167968750005 13.496923828124991
99.15605468750005 13.57578125
99.1368164062502 13.716699218750009
99.08623046875005 13.822753906250028
99.01464843750011 13.94716796874998
98.93359375000011 14.049853515625017
98.72119140625 14.235742187499966
98.57001953125001 14.359912109375045
98.49501953125002 14.472900390624972
98.40019531250016 14.602978515624997
98.33212890625003 14.69648437500004
98.24599609374997 14.814746093749974
98.20214843750011 14.975927734375034
98.17792968750018 15.147412109374983
98.19101562500009 15.204101562499986
98.23222656250005 15.241357421875023
98.28613281250011 15.271582031249963
98.32939453125005 15.278564453124972
98.4521484375 15.35737304687504
98.53730468750018 15.350683593750006
98.55693359374999 15.36767578125
98.56523437499999 15.403564453125028
98.55449218750016 15.559765624999955
98.5582031250002 15.768603515625045
98.57402343750005 15.938623046874966
98.59238281250003 16.050683593749966
98.81796875000009 16.180810546875023
98.86552734374999 16.23706054687503
98.88847656250016 16.29809570312503
98.8882812500002 16.351904296875063
98.86933593750007 16.394189453124966
98.83544921875011 16.417578125000034
98.68925781250016 16.305419921875
98.6607421875002 16.330419921875034
98.59365234375014 16.514794921875023
98.56474609374999 16.570947265624994
98.52314453125007 16.63818359375003
98.4781250000002 16.73222656249999
98.47119140624994 16.89501953125003
98.43886718750014 16.975683593750034
98.25654296875018 17.147656249999983
98.17460937499999 17.23989257812505
98.0630859375002 17.37329101562503
97.92929687500003 17.533300781250034
97.79296875 17.68125
97.7291015625002 17.775830078124983
97.70644531250014 17.79711914062497
97.69853515624999 17.833544921875017
97.73994140625001 17.935302734375057
97.7197265625 18.037402343750074
97.65156250000001 18.17373046875005
97.62246093749997 18.258007812499983
97.63222656250002 18.29033203124999
97.59931640625007 18.302978515625
97.52382812500014 18.29589843749997
97.45078125000009 18.35966796874999
97.38066406249999 18.494287109374966
97.37392578125014 18.51796875
97.39707031250003 18.51752929687501
97.4849609375002 18.494238281249977
97.51513671874994 18.497753906249983
97.57734375000001 18.528710937499966
97.67158203125001 18.56123046875001
97.72773437500001 18.572021484375
97.74589843750016 18.588183593750017
97.75400390625003 18.620800781249983
97.70605468749994 18.931787109375023
97.71416015624999 18.996484374999966
97.80390625000018 19.13046875
97.7935546875002 19.26586914062497
97.81679687500014 19.45996093749997
97.91640624999997 19.592871093749977
97.99121093749994 19.653710937500023
98.01503906250002 19.74951171875
98.04902343750018 19.76972656250001
98.11103515625001 19.762158203124983
98.23906249999999 19.690673828125
98.29365234375001 19.687255859375
98.37128906250001 19.689160156249955
98.45498046875014 19.694433593750063
98.49384765625001 19.701318359375023
98.76064453125014 19.771093750000034
98.81953125000007 19.778466796875023
98.87578125000016 19.76958007812499
98.91669921875001 19.772900390624955
98.95800781250011 19.804931640625
98.98740234375003 19.861376953125045
99.02070312500018 20.041796875000017
99.03974609375007 20.073632812500023
99.07421875 20.09936523437503
99.13076171875014 20.116601562499994
99.1968750000002 20.115136718749966
99.28369140625011 20.080419921875006
99.33789062499994 20.078906250000045
99.39921874999999 20.093457031249983
99.45156250000014 20.118310546874994
99.4859375000002 20.14985351562501
99.50166015625018 20.187744140625
99.4875 20.260644531250023
99.44794921875018 20.35205078125
99.45888671875002 20.36303710937503
99.53164062499997 20.34282226562499
99.63867187499994 20.320458984374966
99.72011718750014 20.325439453125
99.77333984375014 20.34130859375003
99.82519531250011 20.384472656249955
99.89033203125007 20.424414062500006
99.95429687500001 20.415429687500023
100.00361328125007 20.37958984375001

