-73.05874023437502 21.119042968750023
-73.16455078125 20.979150390625023
-73.40078125 20.943896484375045
-73.66103515625 20.937402343749966
-73.68115234375 20.97558593750003
-73.68681640624999 21.009130859375006
-73.66782226562503 21.061572265625045
-73.66958007812494 21.082226562499983
-73.68037109375001 21.103320312500017
-73.58505859374995 21.12592773437501
-73.52309570312494 21.190820312499994
-73.42451171874993 21.201757812500006
-73.30156249999993 21.156152343750023
-73.23535156249994 21.154492187499955
-73.13730468749995 21.204785156249983
-73.05849609374997 21.313378906249994
-73.01166992187495 21.29951171875001
-73.02685546875003 21.192382812500057

-73.04931640624997 21.457617187499977
-73.06269531249995 21.51533203125001
-72.99477539062497 21.561621093750034
-72.91611328125 21.506689453125034

-72.97895507812493 22.41459960937499
-72.94521484375 22.415625
-72.83076171874995 22.385595703125034
-72.76259765625 22.344384765624994
-72.74726562499998 22.327392578125
-72.78388671874998 22.290625
-72.88916015625003 22.360253906250023
-72.9810546875 22.369238281250006
-73.11020507812503 22.367578125000023
-73.16191406249999 22.380712890625034
-73.12739257812498 22.45532226562503
-73.04101562499997 22.429052734375006

-74.27690429687496 22.183691406250034
-74.26132812499998 22.23554687500001
-74.12675781250002 22.323388671874966
-74.05234375000003 22.400634765625
-74.01005859374996 22.42797851562497
-73.99497070312498 22.44921875000003
-73.93598632812495 22.477734374999983
-73.90639648437497 22.527441406249977
-73.91455078125003 22.568017578124994
-73.97636718750002 22.635058593750045
-73.97548828125002 22.682275390624994
-73.95419921875003 22.71552734375001
-73.849951171875 22.731054687499977
-73.87749023437493 22.680761718750034
-73.83652343750003 22.538427734375006
-73.974609375 22.361181640625034
-74.09291992187497 22.30625
-74.20673828124995 22.213769531250023

-74.034765625 22.70556640625003
-74.09858398437495 22.665429687500023
-74.24223632812499 22.71508789062503
-74.27460937499993 22.71166992187503
-74.303125 22.764453125000045
-74.31396484374994 22.803564453125006
-74.30703124999997 22.83959960937497
-74.22148437499993 22.811572265625045
-74.17539062499998 22.759912109374994
-74.05751953125002 22.723486328125034

-74.846875 22.868701171875045
-74.97333984374998 23.06855468750001
-75.13212890625002 23.117089843750023
-75.22333984374995 23.16533203124999
-75.20439453124999 23.192724609374977
-75.14111328124997 23.204638671875017
-75.13056640624995 23.267919921875034
-75.15756835937495 23.33637695312504
-75.24125976562496 23.47460937500003
-75.28823242187502 23.568261718750023
-75.30981445312497 23.58984374999997
-75.31596679687499 23.66835937499999
-75.21660156249999 23.546777343749994
-75.17529296875003 23.438671874999983
-75.10878906249997 23.332812500000017
-75.06420898437503 23.150195312500017
-74.93710937499998 23.088134765625
-74.84560546875 22.999902343749966
-74.84047851562502 22.894335937500045

-75.70634765624993 23.444238281249966
-75.78100585937497 23.47065429687504
-75.95595703125 23.59228515625003
-76.037109375 23.60278320312503
-76.01044921874998 23.67138671874997
-75.9486328125 23.647412109374983
-75.80751953124994 23.542529296875017
-75.754248046875 23.48999023437497
-75.66455078124994 23.45014648437501

-74.50869140625002 23.959716796875
-74.550927734375 23.96894531250001
-74.52690429687499 24.105078125000034
-74.472021484375 24.12666015625001
-74.45048828124996 24.12548828125003
-74.42944335937503 24.068066406249955

-77.65615234374997 24.22656250000003
-77.7552734375 24.163476562499966
-77.683251953125 24.118457031250017
-77.61538085937502 24.21635742187499
-77.56152343749997 24.136816406250034
-77.53203124999999 23.987646484375006
-77.53681640624998 23.96166992187497
-77.53188476562497 23.939404296874955
-77.52133789062503 23.91083984375001
-77.51875 23.86943359374999
-77.57373046874997 23.739160156250023
-77.77128906249999 23.752539062499977
-77.77578125 23.86235351562499
-77.806298828125 23.88354492187503
-77.85224609374995 24.040380859375006
-77.91406250000003 24.090917968750006
-77.99990234375002 24.219824218749977
-77.95004882812498 24.253076171874994
-77.88359374999993 24.241992187500045
-77.84956054687493 24.25751953125001
-77.757421875 24.269921874999966
-77.70146484374996 24.28754882812501
-77.65771484375003 24.249462890624983

-75.30175781250003 24.14916992187497
-75.36875 24.159472656250017
-75.46762695312498 24.139599609374983
-75.50322265624993 24.139062499999966
-75.48105468749995 24.173876953125017
-75.41240234375002 24.22094726562503
-75.408935546875 24.265771484375023
-75.493896484375 24.330419921875034
-75.59277343749997 24.491259765625017
-75.6390625 24.529394531249977
-75.66103515624994 24.58984375000003
-75.74399414062498 24.654687500000023
-75.72666015624998 24.689355468749966
-75.709619140625 24.69750976562503
-75.65351562500001 24.68085937500001
-75.52646484374998 24.449511718750045
-75.51816406249998 24.427343749999977
-75.30839843749996 24.2

-77.46049804687499 24.993115234374955
-77.54121093750001 25.013574218750023
-77.56191406249997 25.030029296875
-77.52734375000003 25.057666015625045
-77.45126953124998 25.080712890625023
-77.32910156249994 25.08300781249997
-77.27558593749998 25.055761718750006
-77.269140625 25.043847656249994
-77.34755859375 25.01386718750001

-77.74604492187498 24.586328125000023
-77.73510742187497 24.495751953124966
-77.74521484375 24.463476562499977
-77.85341796875002 24.402929687499977
-77.88120117187498 24.36909179687501
-77.98320312499999 24.33496093749997
-78.04492187499994 24.287451171874977
-78.07583007812502 24.364648437499994
-78.13574218749997 24.41235351562503
-78.14580078124999 24.493457031250045
-78.19160156249998 24.46606445312497
-78.25761718749993 24.482763671874977
-78.36650390625002 24.54418945312497
-78.435302734375 24.627587890624994
-78.33891601562499 24.64204101562501
-78.318994140625 24.590234375000023
-78.24272460937502 24.65380859375003
-78.26005859374999 24.68730468749999
-78.27382812499997 24.691601562499983
-78.29882812499997 24.75390624999997
-78.18408203124997 24.917089843750006
-78.159326171875 25.022363281249966
-78.21137695312493 25.191259765625006
-78.16279296874998 25.202343749999955
-78.03330078124998 25.143115234375045
-77.97529296874998 25.084814453124977
-77.97338867187503 25.004785156250023
-77.91894531249994 24.94282226562501
-77.84013671874996 24.794384765624955
-77.74384765624998 24.707421875000023

-76.48422851562495 25.374609375000034
-76.34379882812496 25.33203125
-76.19199218750003 25.190820312499994
-76.12661132812502 25.140527343749966
-76.11494140624995 25.09472656249997
-76.14052734375002 24.885644531249994
-76.17465820312495 24.75976562500003
-76.16953124999998 24.6494140625
-76.20517578124995 24.68208007812501
-76.2412109375 24.754345703124983
-76.30029296874997 24.7958984375
-76.319970703125 24.817675781250017
-76.21376953125002 24.82246093750001
-76.20434570312497 24.93623046875001
-76.15253906249998 25.025976562499977
-76.16040039062497 25.11933593750001
-76.284326171875 25.222119140624983
-76.369287109375 25.312597656250034
-76.49990234374997 25.34155273437497
-76.62070312499998 25.43164062500003
-76.6927734375 25.442724609374977
-76.78066406249997 25.426855468750034
-76.74892578124997 25.480566406250063
-76.72695312500002 25.551611328125034
-76.71083984374994 25.56489257812501
-76.64882812500002 25.487402343750034

-78.371728515625 26.697949218749983
-78.30683593750001 26.70219726562496
-78.267919921875 26.72265624999997
-78.08867187499999 26.714306640624955
-77.94394531249998 26.744238281250006
-77.92246093749995 26.69111328125001
-77.926123046875 26.66337890624996
-78.23388671875 26.637353515624994
-78.51621093750003 26.559375
-78.67094726562493 26.506542968749983
-78.74365234375 26.500683593749955
-78.79921874999997 26.528466796875023
-78.98564453125002 26.68950195312496
-78.935791015625 26.673437499999977
-78.79804687499998 26.58242187499999
-78.7125 26.599023437499994
-78.63325195312498 26.6591796875
-78.62114257812502 26.704638671875017
-78.63295898437502 26.726171874999977
-78.59711914062501 26.797949218750034
-78.49287109374998 26.729052734375017

-77.24643554687498 25.89545898437501
-77.333251953125 25.99560546875
-77.40317382812503 26.02470703124996
-77.2939453125 26.095507812500017
-77.24677734374998 26.156347656249977
-77.24775390624998 26.2890625
-77.22109374999997 26.361767578124983
-77.23012695312497 26.424707031250023
-77.20605468750003 26.488964843749955
-77.238623046875 26.561132812500006
-77.32993164062503 26.618359374999955
-77.51059570312498 26.84599609374996
-77.79599609375003 26.901269531250023
-77.94375 26.90356445312497
-77.862548828125 26.940087890625023
-77.78754882812501 26.935644531250006
-77.67211914062503 26.913916015625034
-77.53388671874993 26.903417968750034
-77.44941406249995 26.83642578124997
-77.36875 26.74760742187499
-77.29589843750003 26.71166992187503
-77.26591796874996 26.688818359375006
-77.26928710937503 26.663037109374983
-77.25717773437495 26.638818359375023
-77.16210937499994 26.597265625
-77.06635742187498 26.530175781250023
-77.03828124999995 26.333447265624983
-77.16728515624993 26.240332031250034
-77.19101562499998 25.95546875
-77.22563476562502 25.904199218750023

