0.874804687500045 10.885742187500043
0.821875 10.752587890625009
0.7875 10.710253906250003
0.763378906250011 10.386669921874983
0.779980468750011 10.359570312499969
0.792187500000011 10.351562500000028
0.958300781250017 10.242041015625006
1.17617187500008 10.098388671875043
1.330078125 9.996972656249994
1.342871093750034 9.962939453124989
1.345117187500023 9.750195312499983
1.34707031250008 9.567529296874994
1.37890625 9.462988281250006
1.385742187500057 9.361669921874977
1.42431640625 9.285009765624991
1.56630859375008 9.137255859374989
1.600195312500034 9.050048828124986
1.603808593750074 8.770996093749986
1.606640625000011 8.559277343750011
1.624609375000034 8.27099609375
1.624609375000034 8.030224609374969
1.624609375000034 7.72587890624996
1.624707031250068 7.369189453125031
1.624707031250068 6.997314453125043
1.530957031250068 6.992431640625014
1.582031249999972 6.877001953125045
1.5908203125 6.772265625000017
1.60292968750008 6.738085937499989
1.577539062500051 6.687402343750051
1.598535156250051 6.610205078125048
1.639257812500006 6.581542968749972
1.743164062500028 6.426269531250057
1.777929687500006 6.294628906249969
1.6109375 6.25083007812502
1.62265625 6.216796875000014
1.310644531250034 6.146875
1.187207031250011 6.089404296874989
1.185058593750028 6.145019531250043
1.1396484375 6.155029296875043
1.084472656250057 6.17377929687504
1.049902343750034 6.202636718750057
1.002148437500068 6.268554687499986
0.984960937500034 6.320312500000043
0.912207031250034 6.32856445312504
0.82246093750004 6.386376953125009
0.736914062500034 6.452587890624997
0.707226562500011 6.51875
0.715429687500006 6.549316406249986
0.702246093749977 6.580761718749997
0.672753906250023 6.592529296875
0.595703125000028 6.742187500000014
0.548046875000011 6.802490234375043
0.52558593750004 6.850927734374963
0.53339843750004 6.888330078125037
0.523046875000063 6.938867187500037
0.538085937500028 6.9796875
0.579492187500023 7.004101562499997
0.592480468750011 7.03398437499996
0.596191406250057 7.096630859375026
0.61953125 7.226562500000028
0.634765625 7.35366210937498
0.591015625000068 7.388818359375037
0.53730468750004 7.398730468750017
0.509570312500074 7.43510742187496
0.498925781250051 7.495117187500028
0.5 7.546875
0.605175781250011 7.728222656249997
0.583593750000063 8.145800781249974
0.599218750000034 8.209570312500006
0.647070312500034 8.253466796874974
0.688085937500034 8.304248046875017
0.686328125000017 8.354882812500037
0.616210937500028 8.479638671875051
0.483300781250051 8.575292968749991
0.415332031250074 8.652734375000051
0.37861328125004 8.722021484375048
0.372558593750057 8.75927734375
0.453125 8.813769531249989
0.48876953125 8.851464843750037
0.493261718750034 8.894921875
0.46035156250008 8.97421875
0.466113281250017 9.115332031249963
0.497167968750034 9.22124023437496
0.52900390625004 9.358300781249994
0.525683593750074 9.398486328125017
0.447558593750045 9.480273437499974
0.405273437500057 9.491455078125028
0.370996093749994 9.485546874999983
0.289355468750074 9.431835937499969
0.25996093750004 9.426025390625028
0.241503906249989 9.441894531249972
0.233398437500028 9.463525390625023
0.261914062500068 9.495605468749986
0.2515625 9.535644531249972
0.275488281250006 9.570605468749989
0.327343749999983 9.586572265625051
0.342578125000074 9.604150390624994
0.272753906250045 9.620947265625034
0.26455078125008 9.644726562499997
0.269531250000028 9.667919921875011
0.289648437500034 9.672314453125026
0.311718750000011 9.67099609375002
0.323925781250011 9.68759765625002
0.334570312500034 9.803955078125014
0.343066406249989 9.844580078125034
0.351855468750017 9.924902343749963
0.36269531250008 10.236474609375023
0.37861328125004 10.268554687499986
0.380859375000057 10.29184570312502
0.331835937500017 10.306933593749989
0.21601562500004 10.390527343749966
0.148242187500017 10.454785156249997
0.08925781250008 10.520605468750006
0.039453125000051 10.563867187500023
-0.057714843749949 10.630615234375028
-0.08632812499999 10.673046874999969
-0.090185546874977 10.715527343750011
-0.060595703124989 10.800585937500017
-0.013867187499983 10.891357421875043
0.009423828125051 11.020996093749986
-0.004736328124977 11.055566406250009
-0.068603515624943 11.115625
0.159277343750034 11.069628906250031
0.484179687500045 10.991992187500017
0.490722656250057 10.978173828125051
0.49267578125 10.954980468750037
0.549121093750045 10.955419921875034
0.64296875000008 10.98305664062498
0.900488281250034 10.99326171875002

