-174.91865234374995 -21.450585937500023
-174.96752929687497 -21.381738281250037
-174.97294921875002 -21.34980468750001
-174.92348632812497 -21.303417968749983
-174.913134765625 -21.300488281249997

-175.14765625 -21.169433593750043
-175.13193359374998 -21.139746093750034
-175.07817382812496 -21.129003906249977
-175.08408203125 -21.16074218750005
-175.15659179687503 -21.263671874999957
-175.20234375000004 -21.22343750000003
-175.33544921874997 -21.157714843749957
-175.36235351562493 -21.10683593749998
-175.31806640624998 -21.068261718750037
-175.32260742187503 -21.099316406250054
-175.30043945312502 -21.11337890624999
-175.22539062500002 -21.11875
-175.1580078125 -21.146484374999986
-175.19975585937496 -21.15566406249998
-175.16191406249996 -21.169335937500023

-173.99130859374998 -18.698632812499994
-174.009326171875 -18.69775390625
-174.053125 -18.663378906250003
-174.06914062500002 -18.640234375
-174.00244140625 -18.57070312500005
-173.96806640625002 -18.565332031250023
-173.921875 -18.58857421875004
-173.92397460937502 -18.60849609375002
-173.953515625 -18.639355468749997

