-61.17426757812501 10.07802734374998
-61.5966796875 10.064648437500011
-61.771679687499955 10.085058593749991
-61.90610351562498 10.069140624999946
-61.66147460937498 10.19169921874996
-61.632714843749966 10.243408203125014
-61.52885742187496 10.253125
-61.49931640624999 10.268554687499986
-61.46474609374994 10.538964843750009
-61.47827148437494 10.603369140624991
-61.49882812499996 10.638867187500026
-61.54091796875002 10.66445312499999
-61.63530273437496 10.699365234375009
-61.65117187500002 10.718066406249989
-61.59184570312499 10.747949218750037
-61.46484374999997 10.764453125000031
-61.37001953125002 10.796826171874969
-61.173730468749994 10.803320312499949
-61.078515624999966 10.831933593750009
-60.917626953124966 10.840234375
-60.996728515624994 10.716162109374963
-61.03374023437499 10.66987304687504
-61.01933593749999 10.55810546875
-61.0375 10.482275390625006
-61.01640625000002 10.386376953125009
-60.96845703125001 10.323388671874966
-60.99960937499995 10.261474609374972
-61.00410156249998 10.167822265624977
-61.01210937500002 10.134326171875003

-60.810644531250006 11.168603515625037
-60.80429687499995 11.208398437499966
-60.70893554687498 11.277246093749966
-60.56279296874996 11.323535156249974
-60.525488281250006 11.325390625
-60.546484375 11.26372070312496
-60.756298828124955 11.178515625

