10.931347656249983 33.717431640624994
10.883007812500011 33.69018554687506
10.857421875000028 33.687158203124966
10.784765625000063 33.717675781249966
10.757031250000011 33.71748046875001
10.72207031250008 33.73891601562502
10.73388671875 33.855615234374994
10.745214843750006 33.88867187499997
10.921972656250034 33.89311523437499
11.017871093750045 33.823339843750006
11.033593750000051 33.805029296875006
11.037597656250057 33.78505859375002
10.993066406250051 33.745947265625034
10.957617187500006 33.722070312499966

11.123632812500006 34.68168945312499
11.15302734375004 34.74458007812501
11.2548828125 34.82031249999997
11.281054687500017 34.80219726562501
11.278027343750011 34.75380859375002

9.83027343750004 37.13535156249998
9.896386718749994 37.181640625
9.87939453125 37.212841796874955
9.875585937500034 37.25415039062503
9.988085937500017 37.25776367187498
10.08740234375 37.25126953124999
10.196386718750006 37.20585937499996
10.188769531250045 37.03388671875001
10.334082031250006 36.865380859374966
10.293261718750017 36.78149414062503
10.41230468750004 36.73183593750002
10.518164062500006 36.79135742187498
10.5712890625 36.87944335937499
10.766210937500006 36.930273437500034
10.951367187499983 37.059277343749955
11.053906250000011 37.07250976562497
11.077050781250023 36.966699218749994
11.126660156249983 36.87407226562496
11.056542968750023 36.841455078124966
10.967187500000023 36.743017578125006
10.798144531250045 36.49311523437498
10.642382812500017 36.41962890625001
10.525683593750045 36.323339843750034
10.487988281250011 36.25488281250003
10.476562499999972 36.175146484375034
10.50576171875008 36.03242187500001
10.5908203125 35.88725585937502
10.68896484375 35.79951171874998
10.783691406250028 35.77207031249998
11.004296875000023 35.63383789062499
11.000683593750011 35.551611328125006
11.031542968750074 35.453857421875
11.043261718750045 35.335107421874966
11.1201171875 35.24028320312502
10.955859375000017 35.03364257812501
10.866210937500057 34.88432617187496
10.690917968750028 34.67846679687503
10.53486328125004 34.54472656249996
10.20039062500004 34.34604492187498
10.118359375000011 34.28007812499996
10.064843750000023 34.211621093749955
10.040039062500057 34.14033203125001
10.049023437500011 34.05629882812502
10.158984375000017 33.85004882812501
10.305273437499977 33.728271484375
10.454296875000068 33.6625
10.713183593750045 33.68901367187499
10.704296875000011 33.60966796874999
10.722753906250034 33.51440429687503
10.828125 33.51889648437506
10.898437500000028 33.53369140625006
10.9580078125 33.626318359375006
11.084570312500034 33.562890624999966
11.150292968750023 33.369238281250034
11.257421874999977 33.30883789062497
11.269921875000051 33.28632812500001
11.232128906249983 33.271582031250034
11.202636718750028 33.24921875000001
11.23427734375008 33.23359375000001
11.338085937499983 33.20947265625
11.400585937500011 33.22490234375002
11.504589843750068 33.18193359374996
11.50244140625 33.15556640625002
11.4671875 32.965722656249966
11.459179687500068 32.897363281249994
11.453906250000045 32.781689453124955
11.453906250000045 32.64257812500006
11.533789062500063 32.52495117187499
11.535937500000074 32.47333984375004
11.504980468750063 32.413671875000034
11.358007812500063 32.34521484375003
11.168261718750045 32.25673828125005
11.005175781250017 32.17270507812498
10.826367187500011 32.08066406250006
10.771582031250034 32.02119140625001
10.683007812500023 31.975390625000017
10.608886718750028 31.929541015625006
10.595507812500045 31.885742187500057
10.543652343750068 31.80253906249996
10.475781250000011 31.73603515625001
10.306054687500051 31.704833984375057
10.27460937500004 31.684960937499994
10.195996093750011 31.585107421874994
10.15986328125004 31.545800781249994
10.11494140625004 31.463769531249966
10.172656250000074 31.250976562500057
10.243359375000068 31.03212890625005
10.257031250000011 30.940820312500023
10.256054687500011 30.86494140625001
10.21640625 30.783203125000057
10.125976562500057 30.665966796874983
10.059765625000068 30.58007812499997
9.93251953125008 30.42534179687499
9.89501953125 30.387304687500034
9.807421875000074 30.34223632812501
9.637988281250017 30.282324218750063
9.51875 30.229394531250023
9.458007812500028 30.46538085937496
9.406054687500017 30.66679687499996
9.363281250000028 30.832910156249966
9.287890625000017 31.125341796875034
9.22402343750008 31.373681640624994
9.160253906250034 31.621337890625
9.102343750000045 31.846142578124983
9.044042968750006 32.07236328125006
9.018945312500023 32.10537109375002
8.844042968750017 32.21210937500001
8.682910156250045 32.310449218749966
8.515136718750057 32.42231445312504
8.33339843750008 32.54360351562505
8.30419921875 32.69628906249997
8.2109375 32.92670898437501
8.1125 33.05532226562502
8.075585937500051 33.08906249999998
7.877246093750045 33.17211914062503
7.762695312499972 33.23310546875001
7.73134765625008 33.26850585937501
7.709179687500011 33.36230468750003
7.627539062500063 33.54863281249999
7.534375 33.71791992187502
7.500195312500068 33.83247070312498
7.495605468750028 33.97651367187501
7.513867187500011 34.08051757812498
7.554492187500017 34.125
7.748535156250028 34.25449218749998
7.838281250000023 34.41030273437502
7.949414062500011 34.46870117187501
8.045605468750068 34.5126953125
8.123437500000023 34.563916015624955
8.192773437500023 34.64628906249996
8.245605468750057 34.73408203124998
8.254687500000017 34.82895507812506
8.276855468750028 34.9794921875
8.312109375 35.084619140624994
8.39423828125004 35.20385742187506
8.359863281250057 35.29960937500002
8.31640625 35.403125
8.32900390625008 35.58222656250004
8.318066406250068 35.65493164062502
8.282910156250011 35.71928710937499
8.2470703125 35.80180664062502
8.245703125000063 35.87055664062498
8.2802734375 36.050976562499955
8.306738281250063 36.18876953124996
8.348730468750006 36.36796875
8.333984375000028 36.41816406249998
8.302734375000057 36.45561523437499
8.208789062500017 36.49511718750003
8.207617187500034 36.518945312499994
8.230761718750045 36.545263671875034
8.36962890625 36.632519531249955
8.444238281250023 36.76074218750006
8.506738281250051 36.7875
8.60126953125004 36.833935546874955
8.59765625 36.883886718750006
8.576562500000051 36.93720703125004
8.823535156250017 36.99760742187499
9.058886718749989 37.155859375
9.141992187500051 37.19462890624999
9.68798828125 37.34038085937502
9.758886718750063 37.33027343750001
9.838476562500006 37.30898437500002
9.815527343750034 37.25463867187506
9.783984375000017 37.21142578125003

