-72.21865234375002 21.796289062499966
-72.14980468749994 21.804492187500045
-72.14433593749999 21.79272460937497
-72.18154296875002 21.78002929687503
-72.19067382812503 21.769775390625
-72.30087890625 21.755224609375034
-72.33544921875003 21.758007812499983
-72.3423828125 21.795312499999966
-72.33281250000002 21.851367187500017

-71.66538085937503 21.75170898437503
-71.72177734374998 21.790234374999983
-71.83041992187498 21.790625
-71.84765625000003 21.843457031249983
-71.80615234375003 21.85209960937499
-71.66835937500002 21.833447265624983
-71.63691406250001 21.787548828124983
-71.66142578125002 21.765234375000034

-71.89746093749997 21.82988281249999
-71.95546874999997 21.864404296874994
-71.96376953124997 21.892041015624955
-71.98452148437502 21.893408203125034
-72.01904296874994 21.918261718750045
-72.01064453125002 21.95043945312503
-71.93154296875 21.95190429687497
-71.89960937499995 21.8625
-71.87993164062496 21.840429687500006

