53.100195312500034 38.75615234374996
53.0458984375 38.89721679687503
53.018554687500114 39.052734375
53.05332031250009 39.09658203125005
53.092187499999966 39.09409179687498
53.055175781250114 39.037939453125006
53.10957031250018 38.803076171875034

58.876953125 42.56147460937501
58.93085937500001 42.54028320312506
59.03583984375001 42.528125
59.123144531250034 42.52377929687498
59.15957031250002 42.51142578125004
59.199121093749966 42.481689453125
59.27656250000001 42.35615234375001
59.35429687500016 42.32329101562499
59.451074218750136 42.29951171875001
59.76259765625002 42.30156249999999
59.858300781249966 42.29516601562503
59.936523437500114 42.236035156249955
59.98515625000016 42.21171874999999
60.00605468750007 42.190820312499994
60.00078125000016 42.16474609375001
59.98164062500007 42.13173828125002
59.97919921875018 42.068066406249955
59.974121093750114 42.01879882812503
59.949316406250034 41.99541015624996
59.941796875000136 41.973535156249966
59.96259765625018 41.95439453124996
60.106933593750114 41.90742187499998
60.15556640625016 41.857031250000034
60.19208984375001 41.834423828124955
60.200781250000034 41.803125
60.176367187500034 41.78227539062499
60.10859375000018 41.79267578124998
60.07558593750002 41.759667968749994
60.07558593750002 41.700537109375034
60.124023437500114 41.64497070312498
60.137988281250045 41.59414062500002
60.10605468750009 41.54521484375002
60.068750000000136 41.476220703124994
60.067382812500114 41.42734374999998
60.089648437500045 41.39941406249997
60.20000000000016 41.348974609375006
60.454980468750136 41.22163085937498
60.513574218749966 41.216162109375034
60.754882812500114 41.24575195312502
60.8671875 41.248681640624994
60.933203125000034 41.22900390624997
61.11992187500016 41.21088867187501
61.17929687500009 41.190576171874966
61.24238281250007 41.18920898437503
61.32890624999999 41.19511718749999
61.3875 41.25214843749998
61.417382812499966 41.26513671874997
61.44365234374999 41.27460937500004
61.496972656250136 41.27607421874998
61.64453125 41.23984375000006
61.799902343750034 41.163427734375034
61.902832031250114 41.093701171874955
61.953515625000136 41.03061523437498
62.01757812499994 40.893798828125
62.095019531250045 40.68330078125001
62.18847656249994 40.54121093750001
62.29804687500018 40.46748046875001
62.375 40.332080078125045
62.44160156250001 40.03623046874998
62.48320312500016 39.97563476562499
62.525488281250034 39.94409179687503
62.65068359375016 39.858496093750006
62.906835937500034 39.716796875
63.058105468750114 39.633154296875034
63.291894531250136 39.49951171874997
63.50605468750018 39.377099609374994
63.720800781250034 39.18813476562505
63.763671875 39.16054687500002
63.952539062499966 39.05834960937497
64.16279296875001 38.95361328125006
64.30996093749997 38.977294921875
64.53164062500014 38.816210937500045
64.621875 38.756445312500034
64.65996093750016 38.736035156249955
64.82070312500014 38.67246093749998
65.07666015625011 38.539453124999966
65.39960937500018 38.34882812500004
65.61289062500003 38.238574218750045
65.67089843749994 38.225732421874994
65.72851562499994 38.226367187500045
65.79023437500018 38.25004882812499
65.85712890625007 38.26875
65.97119140625011 38.244238281250034
66.09482421875009 38.20014648437501
66.17314453125005 38.166699218749955
66.26367187500011 38.118066406249994
66.33535156250014 38.072167968749966
66.38974609375003 38.050927734374994
66.57451171874999 38.01079101562499
66.60625000000016 37.986718749999966
66.62636718750002 37.95986328125002
66.62929687499997 37.93203125000002
66.52558593750018 37.78574218749998
66.51132812500003 37.59916992187499
66.51064453125014 37.458691406249955
66.52226562500005 37.34848632812498
66.471875 37.3447265625
66.35029296875018 37.3681640625
66.1083984375 37.41474609374998
65.90068359375016 37.50810546874999
65.76503906250014 37.56914062499999
65.74384765625018 37.56083984374999
65.68300781250002 37.519140625
65.64121093750003 37.467822265625045
65.60800781250003 37.36840820312503
65.55498046875016 37.251171874999955
65.30361328125008 37.246777343749955
65.08964843749999 37.23793945312502
64.95156250000014 37.19355468750004
64.81630859375002 37.13208007812503
64.78242187500007 37.05927734375004
64.753125 36.96479492187498
64.67431640625006 36.75019531250004
64.6025390625 36.55454101562506
64.56582031250014 36.427587890625034
64.51103515624999 36.340673828125006
64.35800781250009 36.22607421875003
64.184375 36.14892578125003
64.09218750000014 36.11269531250002
64.05136718750003 36.06762695312497
64.04238281250008 36.02509765625001
64.00966796875008 36.01210937500005
63.93808593750009 36.01972656249998
63.8625 36.012353515624994
63.696582031250045 35.96782226562499
63.51699218750008 35.913134765625045
63.30166015625008 35.8583984375
63.17890625000001 35.85844726562499
63.129980468750034 35.84619140625
63.108593750000125 35.81870117187498
63.129980468750034 35.766748046874966
63.15078125000008 35.72827148437503
63.169726562500045 35.678125
63.11933593750018 35.637548828125034
63.084179687500125 35.56806640624998
63.056640625 35.44580078125003
62.980273437500045 35.40917968750003
62.858007812500034 35.34965820312499
62.72265625 35.271337890625034
62.688085937500034 35.255322265624955
62.61054687500007 35.23315429687497
62.53310546875002 35.23989257812502
62.462890625000114 35.25136718750005
62.38662109375002 35.23125
62.30781250000001 35.170800781249966
62.27119140625001 35.189111328124966
62.25283203125002 35.250244140625
62.21308593750007 35.289941406249994
62.0896484375001 35.37968749999999
61.983886718750114 35.44370117187506
61.938085937500034 35.44790039062502
61.84101562500007 35.43149414062506
61.719726562500114 35.41943359375
61.62099609375008 35.432324218749955
61.54277343750016 35.457861328125006
61.42177734375008 35.545800781249994
61.37773437499999 35.593115234375034
61.344726562500114 35.62949218749998
61.26201171875016 35.61958007812501
61.238867187500034 35.659277343750006
61.23554687500018 35.70556640625003
61.258691406249966 35.761816406250034
61.25214843750018 35.86762695312501
61.20585937500016 35.943701171875034
61.152929687500034 35.97675781250004
61.159472656250045 35.99990234375005
61.182617187500114 36.05283203124998
61.21240234375 36.09912109375
61.21201171875009 36.19052734374998
61.17509765624999 36.28969726562502
61.16035156250001 36.432714843750006
61.169921875000114 36.57226562500003
61.11962890625 36.64257812499997
60.707910156250136 36.64296875000005
60.34130859374994 36.63764648437501
60.320703125000136 36.65356445312497
60.17832031250009 36.829443359375006
60.06279296875016 36.96289062500003
59.948632812499966 37.04160156249998
59.68720703125001 37.13847656250002
59.56220703125007 37.17890624999998
59.454980468750136 37.25283203125002
59.36738281250007 37.333740234375
59.3447265625 37.444726562499966
59.32695312499999 37.48115234375001
59.301757812500114 37.510644531249966
59.27412109375018 37.52373046874999
59.240820312500034 37.520751953125
58.93720703125018 37.64965820312497
58.81542968749994 37.68349609375002
58.700781250000034 37.65625
58.65019531250016 37.65156249999998
58.55048828125018 37.68818359374998
58.43574218750007 37.638525390625006
58.386718750000114 37.63535156249998
58.31816406249999 37.647216796875
58.261621093750136 37.66582031249996
58.108789062499966 37.78305664062506
57.980566406250034 37.83046875000002
57.88818359375 37.86083984375
57.710546875000034 37.9052734375
57.52099609374994 37.928466796875
57.42382812499994 37.94770507812501
57.35371093750018 37.97333984375001
57.33574218750016 37.98994140625001
57.33671875000016 38.03291015624998
57.331445312499966 38.08930664062501
57.308105468750114 38.13037109375003
57.26015625000002 38.17958984375002
57.19355468750001 38.21640625000006
57.079003906249966 38.20996093749997
56.906640625000136 38.213037109374994
56.77460937500007 38.25004882812499
56.669921875000114 38.25664062499999
56.544042968750034 38.24960937499998
56.440625 38.24941406250002
56.36689453125001 38.22250976562506
56.32412109375002 38.191113281249955
56.29697265625009 38.09482421874998
56.27207031250009 38.08041992187498
56.22880859375016 38.073388671874966
56.171191406250045 38.078369140625
56.050292968750114 38.077539062499994
55.84130859375 38.09462890625002
55.57841796875016 38.099755859374994
55.38085937499994 38.051123046875034
55.224707031250034 37.98134765625002
55.075585937500136 37.902490234374966
54.90009765625018 37.77792968749998
54.8486328125 37.72265625
54.745214843750034 37.50190429687498
54.69941406250007 37.47016601562498
54.639648437500114 37.444726562499966
54.57890624999999 37.44023437500002
54.45869140625001 37.407568359375034
54.2998046875 37.353613281250034
54.19160156250007 37.33247070312501
53.914160156250034 37.34355468749996
53.897851562499966 37.41357421875
53.84785156250001 37.66958007812502
53.823535156250045 37.92792968749998
53.825195312500114 38.04692382812499
53.854101562500034 38.28564453125003
53.851855468750045 38.40590820312502
53.84003906250001 38.51494140625002
53.8515625 38.621777343749955
53.87373046875007 38.741943359375
53.885351562500034 38.86406250000002
53.86865234375 38.94926757812496
53.81494140625 39.01801757812501
53.724121093750114 39.103076171875045
53.709765625000045 39.15341796874998
53.70458984374994 39.20957031249998
53.61757812500002 39.21596679687502
53.539453124999966 39.274072265624966
53.475 39.30571289062502
53.336328124999966 39.34082031249997
53.26679687500001 39.34262695312498
53.20332031250018 39.316796874999966
53.156640624999966 39.26499023437498
53.1240234375 39.3466796875
53.12480468750016 39.43208007812501
53.23564453124999 39.608544921874994
53.30498046874999 39.55708007812498
53.389648437500114 39.536425781250045
53.497363281250045 39.533300781250006
53.603125 39.54697265625006
53.582421875000136 39.60742187500003
53.533300781250034 39.641748046874994
53.472265625000034 39.668798828125006
53.45048828125016 39.74853515625
53.45830078125016 39.831201171874966
53.487304687500114 39.909375
53.45429687500007 39.94086914062501
53.404199218750136 39.960351562499966
53.288574218750114 39.95800781250003
53.138574218750136 39.978662109374966
52.98750000000018 39.98759765625002
52.95214843749994 39.89545898437498
53.03554687500002 39.77441406250003
52.96484375 39.833886718749966
52.89824218749999 39.9125
52.80468749999994 40.05400390624996
52.744433593750045 40.21977539062499
52.73369140625016 40.39873046875002
52.78476562500009 40.54672851562498
52.84990234374999 40.685644531250034
52.889257812500034 40.86347656250004
52.94345703125009 41.03808593749997
52.99765625000009 40.95986328125002
53.059570312500114 40.88974609375006
53.14521484375007 40.824951171875
53.19199218750009 40.80947265625005
53.33291015625002 40.78271484375
53.42363281249999 40.79277343750002
53.52031250000016 40.8310546875
53.61523437499994 40.81850585937502
53.69375 40.74643554687498
53.763769531250034 40.665673828124966
53.87001953125002 40.64868164062497
54.088867187500114 40.70708007812496
54.19296875000009 40.72041015625001
54.28330078125009 40.69370117187498
54.32988281250016 40.68876953124996
54.377343749999966 40.693261718749994
54.336230468750045 40.76494140625002
54.31943359375009 40.834570312500006
54.37441406250002 40.87138671874996
54.54707031250018 40.83227539062497
54.657031250000045 40.858349609374955
54.68505859374994 40.87304687500003
54.71005859375009 40.89111328124997
54.72324218750009 40.95126953124998
54.71796875000018 41.01298828125002
54.703710937500034 41.07114257812498
54.671484375000034 41.12216796874998
54.592187500000136 41.193554687499955
54.284570312499966 41.36372070312498
54.181054687500136 41.431591796874955
54.094824218750034 41.51938476562498
54.03984375000016 41.64335937500002
53.995214843750034 41.772558593750034
53.95380859375001 41.86845703124996
53.84648437499999 42.091162109375034
53.804687500000114 42.11762695312501
53.75234375000002 42.12939453125
53.624902343749966 42.136376953124994
53.49589843750016 42.12016601562499
53.28496093749999 42.08183593749999
53.16416015625009 42.093798828125045
53.108300781249966 42.070068359375
52.97001953125016 41.976220703124966
52.905273437500114 41.895751953125
52.814843749999966 41.71181640625002
52.88349609375001 41.65253906250001
52.882226562500136 41.61367187499999
52.83017578125009 41.34189453124998
52.86181640624994 41.210058593750034
52.850390625000045 41.20029296874998
52.825585937500136 41.23085937499999
52.74726562500007 41.36542968749998
52.609375 41.529443359374994
52.49384765625001 41.780371093750034
52.696875 41.94438476562496
52.870507812500136 42.06059570312502
53.0125 42.130712890625006
53.05585937500007 42.14775390625002
53.25009765625009 42.20585937499996
53.50078124999999 42.258251953124955
53.685351562500045 42.296875
53.926367187500034 42.32978515624998
54.00517578124999 42.33588867187498
54.120996093749966 42.335205078125
54.214941406250034 42.30419921875
54.271875 42.279980468749955
54.47285156250018 42.18017578125006
54.67792968750001 42.07822265624998
54.85380859375016 41.965185546875034
54.90371093750002 41.919091796874966
54.931640625000114 41.86401367187503
54.95234375000007 41.810009765624955
55.10185546875016 41.63872070312496
55.16230468750001 41.560253906249955
55.249609375000034 41.458105468750034
55.319726562500136 41.40839843750001
55.38837890625018 41.34692382812503
55.434375 41.296289062499994
55.48701171875018 41.27226562499999
55.54521484375016 41.26274414062502
55.678613281250136 41.27880859375
55.83906250000007 41.31079101562503
55.934960937500136 41.324121093749994
55.97744140625002 41.322216796874955
56.24199218750016 41.31083984374996
56.479882812500136 41.300634765625006
56.77363281250001 41.287988281249994
56.860839843750114 41.27612304687497
56.965820312500114 41.26513671874997
57.017968749999966 41.26347656249999
57.06425781250016 41.30727539062502
57.09482421875009 41.33129882812503
57.11884765625018 41.35029296874998
57.113867187500034 41.37177734375001
57.076660156250114 41.389990234375006
57.01816406250009 41.450585937499994
56.98486328125 41.669335937499966
56.96406250000018 41.856542968750006
57.03369140625 41.91484374999999
57.08869356964607 41.94395858710325
57.05341796875001 41.773388671874955
57.061816406250045 41.724853515625
57.11591796875001 41.731347656249994
57.174414062500034 41.73457031250004
57.247167968750034 41.65253906250001
57.34560546875002 41.57324218750003
57.42958984375008 41.578564453124955
57.52675781250008 41.594482421875
57.684863281250045 41.63618164062498
57.81777343750002 41.699853515624966
57.86503906249999 41.77314453124998
57.844824218750034 41.83784179687501
57.70029296875009 41.91264648437499
57.68242187499999 42.010400390624994
57.63173828125002 42.065527343750034
57.61308593749999 42.10502929687502
57.627246093750045 42.14960937500004
57.61798562461735 42.16289283482146
57.686132812500034 42.16479492187503
57.81425781249999 42.189843749999966
57.85595703125 42.231054687500006
57.923437500000034 42.335205078125
57.945703124999966 42.42001953124998
57.983496093750034 42.45878906249996
58.028906250000034 42.48764648437498
58.075488281250045 42.48652343750001
58.165625 42.461572265624994
58.23408203125018 42.44770507812501
58.28291015625018 42.428857421874994
58.32724609375009 42.39892578125003
58.37050781250002 42.34677734374998
58.37714843750001 42.31245117187498
58.39707031250009 42.29248046875
58.43144531250016 42.292089843750006
58.45703124999994 42.29179687499996
58.474414062500045 42.29936523437499
58.48583984374994 42.31684570312501
58.476953125000136 42.34013671874996
58.41816406250001 42.40668945312501
58.288671875000034 42.52729492187498
58.204101562500114 42.57636718750001
58.162011718749966 42.60297851562504
58.15156250000018 42.628076171874994
58.206445312499966 42.66630859374996
58.259667968749966 42.688085937500034
58.353125 42.671728515625006
58.477148437500034 42.66284179687497
58.532324218750034 42.68193359374996
58.58906250000001 42.778466796874994
58.72998046874994 42.67617187500002

