25.740234375 40.10546874999997
25.66894531250003 40.13588867187502
25.74091796875004 40.1962890625
25.874804687500045 40.23369140624999
25.91835937500005 40.237988281249955
25.97705078125003 40.17783203125006
25.970019531250017 40.136328125000034

35.1220703125 41.89111328125003
35.20917968750007 41.794384765624955
35.297753906249966 41.72851562500006
35.558007812500136 41.63403320312497
35.919824218750136 41.71372070312506
35.978125 41.70483398437503
36.051757812500114 41.68256835937501
36.17919921874994 41.42656249999999
36.27841796875009 41.336132812499955
36.405371093750034 41.27460937500004
36.509667968750136 41.2625
36.58710937500018 41.32666015624997
36.647070312500034 41.3525390625
36.777734375000136 41.36347656250001
36.99199218750016 41.275390625
37.06621093749999 41.184423828125034
37.43095703125016 41.114111328125006
37.765625000000114 41.07890625
37.910058593749966 41.00190429687498
38.38105468750018 40.92451171875004
38.556933593750045 40.9365234375
38.852148437500034 41.017675781250006
39.42636718750009 41.10644531249997
39.80791015625016 40.982519531250034
39.91113281249994 40.966455078124966
40.00019531250018 40.977148437500006
40.128417968750114 40.943017578124966
40.26523437500009 40.961328124999966
40.6875 41.107421875
40.81953125000001 41.19023437499999
40.959472656250114 41.21162109374998
41.08359375000009 41.261181640624955
41.41435546875016 41.42363281250002
41.510058593750045 41.51748046875005
41.57656250000008 41.49731445312503
41.70175781250009 41.47158203125002
41.77939453125009 41.440527343750006
41.823535156250045 41.43237304687503
41.92578125 41.495654296875045
42.077734375000034 41.49409179687498
42.21113281250001 41.48671875
42.27998046875001 41.475
42.36435546875009 41.454003906249994
42.46640625000009 41.43984375000002
42.50791015625009 41.47006835937506
42.56738281250006 41.55927734375004
42.590429687500034 41.57070312500005
42.60683593750008 41.57880859375001
42.682421875000045 41.58574218749999
42.75410156250018 41.57890625000002
42.787890625000045 41.56372070312506
42.82167968750008 41.49238281249998
42.90673828125 41.46684570312502
43.05712890625 41.35283203124999
43.149023437500034 41.30712890625
43.17128906250008 41.287939453125006
43.141015625000136 41.26484374999998
43.152832031250114 41.23642578124998
43.20546875000002 41.19916992187504
43.27929687500006 41.18520507812502
43.358984375000034 41.190136718749955
43.40234375000006 41.176562500000045
43.4333984375001 41.15551757812503
43.44160156250007 41.12597656250003
43.439453125 41.10712890625001
43.45527343750018 41.064697265625
43.517480468749966 41.004833984374955
43.59169921875002 40.968212890624955
43.63164062500016 40.92900390624996
43.69648437500001 40.79414062500001
43.722656250000114 40.71953125000002
43.712890625000114 40.64775390624996
43.667871093749966 40.574072265625034
43.5693359375 40.48237304687501
43.59375 40.44404296875001
43.615820312500034 40.393310546875
43.608398437500114 40.356591796874966
43.678125000000136 40.23930664062496
43.70986328125002 40.16650390624997
43.68330078125018 40.149658203125
43.66621093750018 40.126367187499966
43.79169921875018 40.07026367187498
43.941992187500034 40.02314453124998
44.00537109375 40.01411132812501
44.17802734375016 40.03574218749998
44.28925781250018 40.040380859375034
44.39960937500018 39.995751953124994
44.56044921875002 39.887597656249994
44.733789062499966 39.74648437500002
44.76826171875018 39.703515624999966
44.78339843750007 39.684667968750034
44.81718749999999 39.65043945312499
44.782128906250136 39.65107421875004
44.725000000000136 39.68173828124998
44.58710937500001 39.76855468749997
44.51669921875009 39.73125
44.455957031250136 39.66674804687503
44.38935546875007 39.42211914062503
44.335449218750114 39.396044921875045
44.24042968750018 39.39677734375002
44.124023437500114 39.405224609374955
44.043945312500114 39.39296875000002
44.02324218750016 39.37744140624997
44.03378906250009 39.35102539062501
44.057519531250136 39.31083984374999
44.07431640625009 39.25996093750001
44.079101562500114 39.21831054687496
44.12128906250018 39.18061523437501
44.17802734375016 39.14482421875002
44.180566406249966 39.108056640624994
44.171875 39.05625
44.15878906250009 39.01674804687502
44.144531250000114 38.994384765625
44.170800781250136 38.934375
44.23242187499994 38.86323242187501
44.27167968750007 38.83603515624998
44.25703125000018 38.70063476562501
44.28017578125002 38.64067382812499
44.2978515625 38.55781249999998
44.29082031250016 38.42011718749998
44.29853515625001 38.38627929687502
44.31962890625016 38.37470703124998
44.37578125000016 38.36958007812498
44.43085937500018 38.35678710937506
44.44990234375007 38.33422851562497
44.449609374999966 38.317773437499994
44.380859375000114 38.25458984375001
44.37275390625007 38.20971679687503
44.34892578125016 38.14648437500003
44.32939453124999 38.109277343749994
44.26796875000002 38.03881835937503
44.228906250000136 37.9671875
44.211328125000136 37.908056640625034
44.22294921874999 37.88017578125002
44.33623046875016 37.87177734375001
44.39775390625016 37.829248046874966
44.56123046875018 37.74462890625003
44.58994140625009 37.710351562499994
44.545312500000136 37.65815429687501
44.54609375000018 37.636328125
44.56718750000016 37.60864257812506
44.577148437500114 37.56020507812502
44.57314453125002 37.50639648437499
44.574023437500045 37.435400390625006
44.604101562500034 37.42373046875002
44.71513671875016 37.357128906249955
44.79414062500018 37.290380859375034
44.79677734375002 37.26977539062503
44.75830078125 37.217089843750045
44.766699218750034 37.156347656250006
44.76513671874994 37.142431640625006
44.730957031250114 37.16528320312506
44.66933593750008 37.17358398437506
44.60595703125006 37.17602539062503
44.56601562500009 37.158251953125045
44.495996093750136 37.11054687500001
44.401953125000034 37.058496093749966
44.325585937500136 37.0107421875
44.28183593750009 36.97802734375
44.24570312500009 36.98330078125002
44.21748046875001 37.011865234374966
44.201660156250114 37.05180664062502
44.208398437500136 37.20263671875003
44.191796875000136 37.249853515625034
44.15625 37.28295898437503
44.11445312500007 37.30185546874998
44.06464843750018 37.31245117187501
44.01318359375 37.31352539062496
43.94003906250009 37.269287109375
43.836425781250114 37.22353515625002
43.67578125 37.22724609374998
43.567968750000034 37.23583984375003
43.51582031250007 37.24453125000002
43.306738281250034 37.31464843750001
43.263085937500136 37.316503906250034
43.185156250000034 37.34487304687505
43.09248046875007 37.36738281250001
42.936621093750034 37.32475585937502
42.86914062500006 37.334912109374955
42.77460937500018 37.371875
42.74111328125008 37.36191406250006
42.63544921875007 37.24926757812503
42.455859375000045 37.12871093749996
42.358984375000034 37.108593749999955
42.31289062500008 37.229589843750006
42.268554687500114 37.27656249999998
42.24755859375 37.28222656249997
42.20273437500009 37.29726562500002
42.16787109375002 37.288623046875045
42.059863281250045 37.2060546875
41.886816406250034 37.15639648437502
41.74355468750008 37.126123046874966
41.51552734375008 37.08916015624999
41.339550781250125 37.07080078124997
41.264648437500114 37.06933593750003
41.102148437500034 37.08588867187504
40.95888671875008 37.10917968749999
40.815625 37.10815429687506
40.70566406250009 37.09770507812496
40.45039062500007 37.00888671874998
40.01640624999999 36.82607421875005
39.68652343750006 36.73862304687498
39.501464843750114 36.702246093750034
39.35664062500018 36.68159179687501
39.108398437500114 36.680566406249966
38.906445312500125 36.694677734375006
38.766601562500114 36.69311523437506
38.68886718750002 36.715087890625
38.57802734375008 36.78911132812496
38.44375 36.862255859374955
38.38398437500018 36.879248046875034
38.30585937500007 36.89335937499999
38.191699218750045 36.901562499999955
37.90664062500008 36.79462890625004
37.817968750000034 36.76557617187498
37.720312500000034 36.74370117187496
37.52353515625009 36.67832031250006
37.43632812499999 36.64331054687503
37.327050781250136 36.64658203124998
37.18740234375002 36.65590820312502
37.06621093749999 36.65263671874996
36.98535156250006 36.70239257812497
36.94179687500008 36.758398437500034
36.77656250000007 36.79267578124998
36.65859375000002 36.802539062500045
36.62841796875 36.777685546875034
36.596875 36.70136718750004
36.546679687500045 36.50634765625
36.537500000000136 36.45742187499999
36.641406250000045 36.263525390625006
36.63671875 36.233984375000034
36.562402343750136 36.22392578125002
36.47705078125006 36.220703125
36.421484375000034 36.203466796875034
36.375390625000136 36.171240234375034
36.34755859375008 36.00351562499998
36.248828125000045 35.97270507812502
36.201953125000045 35.937548828125045
36.153613281250045 35.833886718749966
36.127343750000136 35.831445312499994
35.96757812499999 35.91005859375002
35.892675781250034 35.91655273437502
35.956933593749966 35.998144531250034
35.887109375000136 36.159082031249966
35.810937499999966 36.309863281250045
35.88281249999994 36.40634765624998
36.031738281250114 36.52270507812497
36.1884765625 36.65898437500002
36.18818359375018 36.743066406249994
36.180078125000136 36.807226562500034
36.135156250000136 36.85161132812502
36.048925781250034 36.91059570312504
35.90458984375016 36.84760742187498
35.801562500000045 36.77807617187503
35.73427734375002 36.76396484374999
35.661132812500114 36.72431640625001
35.625585937500034 36.65278320312501
35.537402343750045 36.597021484375006
35.393164062500034 36.5751953125
35.176171874999966 36.63486328124998
34.943164062500045 36.725683593750006
34.81123046875007 36.79926757812501
34.70361328125 36.81679687500002
34.601367187500045 36.78447265625002
34.29960937499999 36.604199218749955
34.0234375 36.34077148437504
33.954882812500045 36.29521484374999
33.694726562499966 36.181982421875006
33.522753906250045 36.14399414062498
33.441796875000136 36.15283203125003
33.099511718750136 36.10297851562498
32.929492187500045 36.09570312500003
32.794824218750136 36.035888671875
32.53378906250009 36.100732421874966
32.37773437500016 36.18364257812499
32.283789062500034 36.26787109375002
32.13056640625018 36.449121093749994
32.02197265625 36.535302734374966
31.77792968750009 36.61279296875003
31.352539062500114 36.80107421875002
31.240625000000136 36.821728515624955
30.950292968750034 36.84868164062502
30.644042968750114 36.86567382812504
30.58203125 36.79716796875002
30.558496093750023 36.52583007812498
30.506054687500068 36.451123046874955
30.483593750000182 36.31040039062498
30.44609374999999 36.26987304687498
30.387304687500034 36.24326171874998
30.295410156249943 36.28769531250006
30.23164062500001 36.307324218749955
30.083203125000182 36.24936523437498
29.789257812500068 36.168066406250006
29.689062500000034 36.15668945312501
29.348339843750182 36.258837890625045
29.223632812500114 36.324462890625
29.143261718750068 36.39721679687497
29.11611328125005 36.52011718749998
29.065527343750034 36.59008789062503
29.05810546875003 36.638134765624955
29.038281249999983 36.693457031250034
28.96962890625005 36.71533203125003
28.895898437500023 36.67358398437497
28.81689453125 36.67529296874997
28.71767578125005 36.70087890625004
28.48359375000004 36.803808593750034
28.3037109375 36.81196289062501
28.19560546874999 36.68632812499999
28.11152343750001 36.64638671875002
28.01943359375008 36.63447265625001
28.01416015624997 36.67021484374999
28.083984375 36.75146484375003
27.803808593750034 36.736474609374994
27.655859375 36.67460937500002
27.540429687500023 36.68422851562502
27.453906250000074 36.71215820312503
27.466894531250034 36.74633789062497
27.5546875 36.758886718750034
27.630859375000057 36.78666992187502
27.934472656249994 36.80927734374998
28.005371093750057 36.83198242187501
28.08300781249997 36.920263671875034
28.224414062500017 36.99638671875002
28.24238281250004 37.029052734375
28.133691406249994 37.02949218750001
27.66835937500005 37.007421875000034
27.34892578124999 37.01958007812502
27.31103515625 36.98188476562498
27.262988281250074 36.97656249999997
27.24970703125004 37.07915039062499
27.300195312500023 37.12685546875002
27.3681640625 37.122412109375006
27.53505859375008 37.16386718750002
27.520117187500063 37.24912109374998
27.40058593750004 37.306738281250006
27.376269531250045 37.340722656249994
27.28955078124997 37.34868164062502
27.21923828125003 37.38916015625
27.203906250000017 37.491406249999955
27.14794921875 37.603613281250006
27.067968750000034 37.657910156249955
27.07783203125001 37.68769531249998
27.224414062500017 37.725439453125034
27.254785156249994 37.88232421875003
27.23242187499997 37.97866210937502
27.158691406250057 37.98686523437502
26.94384765624997 38.06289062500005
26.87861328125001 38.05478515624998
26.807421875000074 38.13833007812505
26.68281250000001 38.198339843750006
26.62109375000003 38.17636718749998
26.58242187500008 38.14926757812506
26.524707031250045 38.16225585937502
26.42792968750004 38.21435546875
26.33291015625005 38.242480468750045
26.290722656250068 38.277197265625006
26.343652343749994 38.37006835937501
26.41640625 38.36787109375001
26.42968750000003 38.440625
26.372265625000068 38.561914062499994
26.37783203125005 38.624169921874994
26.441308593749994 38.641210937500006
26.51357421875008 38.629492187500006
26.586523437500006 38.55703125
26.61035156249997 38.486914062500006
26.595019531250045 38.41860351562502
26.641308593749983 38.352441406249966
26.674218750000023 38.33574218750002
26.696386718750006 38.405371093750006
26.727343750000017 38.41860351562502
26.76992187500008 38.38818359374997
26.861425781250063 38.372949218749966
27.09863281249997 38.41572265624998
27.14423828125004 38.45195312499999
26.970410156250068 38.447851562500034
26.906835937499977 38.48173828125002
26.83779296875005 38.55756835937501
26.7953125 38.62641601562501
26.787695312500063 38.66020507812496
26.763671875000057 38.709619140624994
26.790136718750006 38.73608398437497
26.90917968750003 38.775781249999966
27.013671875 38.88686523437505
26.970117187499994 38.919042968750034
26.92031250000008 38.934228515624994
26.86621093749997 38.922949218750006
26.81494140625 38.96098632812496
26.808300781249983 39.013916015625
26.849316406249983 39.056738281250006
26.853613281249977 39.115625
26.719335937499977 39.260644531249994
26.681835937500068 39.29223632812503
26.710742187500017 39.33964843749999
26.813281250000017 39.419042968750006
26.910937500000017 39.51733398437497
26.899218750000045 39.54965820312498
26.82705078125008 39.56289062499999
26.48408203125001 39.52070312500004
26.35078125000004 39.48408203125004
26.113085937500017 39.467382812500006
26.09599609374999 39.52080078124996
26.101367187500017 39.568945312500006
26.15468750000005 39.65664062500002
26.14980468750005 39.87285156250002
26.181347656250068 39.990087890625006
26.31337890625005 40.025
26.475390625000017 40.19726562500003
26.738085937500074 40.40024414062498
27.012109375000023 40.39633789062498
27.121679687500063 40.45234375000001
27.284570312500023 40.45561523437499
27.31416015625001 40.414892578125034
27.332617187500034 40.37592773437501
27.47558593750003 40.319921875000034
27.728027343750057 40.32880859374998
27.789355468750017 40.35087890624996
27.84853515625008 40.38173828125002
27.731835937500023 40.48149414062502
27.769140624999977 40.50961914062498
27.874902343750023 40.51293945312503
27.989550781250045 40.489453124999955
27.99482421875004 40.46660156249999
27.964355468750057 40.43530273437503
27.92890625000001 40.38041992187502
27.96259765625004 40.369873046875
28.28906250000003 40.40302734375001
28.630273437499994 40.37646484375003
28.738867187500006 40.39086914062503
29.007128906250045 40.38974609374998
29.055175781250057 40.42416992187498
28.97402343750005 40.46738281249998
28.894628906250034 40.48242187500003
28.84121093750008 40.50346679687496
28.787890625000045 40.53403320312498
28.95800781249997 40.63056640625001
29.054101562500023 40.649121093749955
29.50761718750016 40.708398437499966
29.84492187500001 40.73808593749996
29.84921875000009 40.760107421875006
29.80058593750016 40.76015625000002
29.36474609375 40.80927734375001
29.259765625000114 40.84731445312502
29.113867187500034 40.93784179687498
29.082226562500068 40.96342773437496
29.045507812500034 41.00756835937497
29.067382812500057 41.10166015624998
29.094335937500034 41.17724609375
29.148144531249983 41.221044921875034
29.322265625000114 41.22773437499998
29.919335937499966 41.150830078124955
30.344921875000182 41.19692382812502
30.810058593750114 41.08486328125002
31.254882812500114 41.10761718750004
31.3466796875 41.15791015624998
31.458007812500114 41.320019531249955
32.08642578124994 41.589208984375006
32.306445312500045 41.729589843750006
32.54218750000018 41.806396484375
32.946679687499966 41.891748046874994
33.284765625000034 42.00458984374998
33.38134765625 42.01757812499997
34.192968750000034 41.96367187499999
34.750488281250114 41.95683593750002
35.006445312500034 42.063281250000045
35.15488281250009 42.027539062499955
35.14101562500002 41.989501953125
35.114062500000045 41.956982421874955

27.474804687500068 41.946875
27.53486328125004 41.920800781249966
27.579882812500074 41.93291015625002
27.6611328125 41.96132812500005
27.738867187500034 41.961523437500006
27.801660156250023 41.95654296875006
27.83193359375008 41.981298828125034
27.879199218750017 41.98662109374996
28.014453125000045 41.96904296875002
27.98730468750003 41.85488281250002
28.05029296874997 41.729150390624994
28.197851562500006 41.55449218750002
28.346386718749983 41.46635742187502
28.94677734375 41.248388671875006
29.057226562500034 41.22973632812503
29.03212890625008 41.14047851562498
28.99599609375008 41.06113281249998
28.95625 41.00820312500002
28.780371093750034 40.97416992187502
28.29492187499997 41.071484374999955
28.172167968750017 41.080712890624966
28.085546875000063 41.06132812500002
27.92519531250008 40.99057617187498
27.747363281250074 41.01328125
27.499414062500023 40.97314453125
27.43017578125003 40.839941406250034
27.25800781250004 40.687353515625034
26.97460937500003 40.564013671875045
26.772070312499977 40.498046875
26.46796875000001 40.26147460937503
26.32998046875005 40.12338867187498
26.271777343750017 40.09658203125002
26.202734374999977 40.075390624999955
26.225976562500023 40.14169921874998
26.26015625000005 40.202392578125
26.25234375000005 40.24814453124998
26.253808593749994 40.31469726562506
26.355273437500074 40.39023437499998
26.44746093750001 40.445019531249955
26.7203125 40.54423828125002
26.792089843750063 40.626611328124994
26.578125 40.624658203124966
26.360937500000063 40.606347656249966
26.22421875 40.61806640625002
26.10546874999997 40.611328125
26.067773437500023 40.68339843750002
26.038964843750023 40.72675781249998
26.06972656250008 40.74028320312499
26.109179687500017 40.74965820312502
26.17890625000001 40.826513671875034
26.2412109375 40.883203124999966
26.33105468750003 40.954492187499994
26.354101562500006 40.99707031249997
26.354101562500006 41.036767578124994
26.332617187499977 41.064306640625006
26.328417968750017 41.097021484375006
26.32568359375 41.14326171875001
26.330664062500034 41.23876953125
26.536425781250017 41.343115234375034
26.602343750000045 41.354150390624994
26.624902343750023 41.401757812499994
26.60976562500005 41.51215820312501
26.581347656250017 41.601269531249955
26.544531249999977 41.60722656250002
26.495019531250023 41.63325195312501
26.4625 41.66337890625002
26.41054687500005 41.69633789062496
26.320898437499977 41.716552734375
26.31796875 41.74467773437496
26.327246093750034 41.772802734375006
26.36035156250003 41.80156250000002
26.511425781249983 41.82636718749998
26.529296875 41.84667968750006
26.54970703125005 41.89672851562503
26.579687500000034 41.94794921874998
26.615332031250034 41.96489257812496
26.67919921874997 41.96333007812501
26.800390625000063 41.97514648437502
26.884863281250034 41.99184570312505
26.96875 42.02685546874997
27.01171875000003 42.05864257812499
27.193359375 42.07709960937501
27.24433593750001 42.09326171875
27.294921875 42.07954101562498
27.362890625 42.025048828124966

