32.193652343750045 -0.332128906249963
32.26894531250002 -0.290332031249974
32.319140625000045 -0.3375
32.29785156250006 -0.3916015625
32.271875 -0.47246093749996
32.13232421875 -0.525390624999986
32.14453125 -0.487011718749983
32.16621093750007 -0.441992187499963
32.205371093750045 -0.397363281250023
32.20820312500001 -0.36269531249998
32.13007812500007 -0.336621093749997
32.10419921875001 -0.32216796874998
32.08085937499999 -0.290332031249974
32.06474609374999 -0.254394531250028
32.08603515625009 -0.231445312499972
32.14746093750006 -0.232421874999986
32.182226562500034 -0.235351562499972
32.179296875000034 -0.310546875000014

33.33935546875006 0.080029296874983
33.27294921875 0.120507812499966
33.264257812500034 0.143652343749977
33.18427734375007 0.15
33.18037109375001 0.175488281249983
33.21796875000001 0.189941406249986
33.22089843750007 0.233398437500057
33.22382812500007 0.276757812500009
33.31767578124999 0.297851562500043
33.388476562500045 0.272314453124991
33.37226562500001 0.215966796874966
33.316992187500034 0.184179687499977
33.32509765625008 0.1416015625

34.26708984375006 3.733154296875014
34.39287109374999 3.691503906249963
34.43769531250007 3.650585937499983
34.441796875000136 3.60625
34.399414062500114 3.412695312500006
34.407226562500114 3.357519531249963
34.447851562500034 3.163476562500037
34.522558593750034 3.119970703124977
34.589160156250045 2.924755859374997
34.72324218750009 2.841943359374994
34.74248046874999 2.818115234375028
34.773437500000114 2.723437500000017
34.814453125000114 2.61982421875004
34.846679687500114 2.595751953125017
34.8662109375 2.589697265625034
34.90576171875006 2.4796875
34.88300781250001 2.417919921875026
34.913964843750136 2.230175781249969
34.96406250000001 2.062402343749994
34.977539062500114 1.861914062500006
34.97822265625018 1.77363281250004
34.97646484375008 1.719628906249966
34.96523437500008 1.643359374999974
34.9412109375001 1.599267578124966
34.898339843750136 1.556494140625034
34.85097656250008 1.489013671874972
34.8095703125 1.416699218749983
34.783593750000136 1.381152343750017
34.803808593750034 1.27285156249998
34.798632812500045 1.24453125
34.78759765625006 1.230712890625014
34.72675781250007 1.214257812500037
34.64912109375018 1.185302734375
34.60195312500008 1.156445312499983
34.535253906250034 1.1015625
34.48173828124999 1.042138671874966
34.41083984375001 0.867285156249963
34.29257812500009 0.73125
34.27255859375009 0.68642578124998
34.16093749999999 0.605175781250026
34.11171875000002 0.505126953124986
34.08056640625006 0.382470703125051
34.037207031250034 0.294531249999977
33.97405551983036 0.21344418471385
33.94482421875006 0.217626953125034
33.86083984375006 0.185351562500031
33.74453125000008 0.207714843749969
33.72832031249999 0.230273437500031
33.71289062500006 0.308349609375043
33.68037109375007 0.31621093749996
33.63984375000007 0.30048828125004
33.58027343750001 0.222167968749986
33.53261718750008 0.20664062500002
33.483203125000045 0.218115234374963
33.44765625000008 0.244287109374966
33.44130859375002 0.270751953125028
33.48486328125006 0.293310546875006
33.48427734375008 0.314941406249972
33.46132812500002 0.334033203125031
33.35371093750007 0.349267578125037
33.33203125 0.368701171874989
33.36777343750009 0.452734374999977
33.364062500000045 0.472021484374991
33.31162109375009 0.451464843749974
33.27265625000007 0.462548828125023
33.24511718750006 0.451171875000014
33.18730468749999 0.428173828125026
33.20107421875002 0.38784179687498
33.13720703125 0.252148437499969
33.076464843750045 0.239013671875043
33.069921875000034 0.193408203124989
33.02128906249999 0.146582031250034
32.9580078125 0.107812500000051
32.9150390625 0.095507812500031
32.89531249999999 0.112402343750006
32.87861328125007 0.168847656250051
32.8525390625 0.169335937499966
32.779394531250034 0.118847656249983
32.73476562500008 0.108349609374983
32.69169921874999 0.108007812499991
32.6708984375 0.117236328125017
32.67636718750009 0.137060546874963
32.71142578125 0.179394531249969
32.68066406250006 0.189453124999986
32.647070312500034 0.252832031250009
32.61523437500006 0.23505859375004
32.587695312500045 0.193261718750051
32.56425781249999 0.098925781250017
32.53291015625007 0.069726562500009
32.486132812500045 0.052734375000014
32.449023437500045 0.056005859374977
32.43769531250001 0.0927734375
32.41347656250008 0.089355468750014
32.38388671875009 0.066113281249983
32.35107421875006 0.014550781249966
32.28662109375 0.020556640625031
32.25800781250001 -0.00498046875002
32.20917968750001 0.008691406250009
32.159375 -0.039746093749997
32.055273437500034 -0.056542968750037
32.03251953124999 -0.090478515625023
31.9501953125 -0.131933593750034
31.93349609375008 -0.158398437500011
31.940234375000045 -0.18037109375004
31.975683593750034 -0.211621093750011
32.00068359375001 -0.254882812499943
31.994140625 -0.321093750000031
31.86689453125001 -0.48085937499998
31.818164062500045 -0.568457031249977
31.722851562500068 -0.7900390625
31.73203125000009 -0.837207031250017
31.75566406249999 -0.8876953125
31.767578125 -0.935742187500011
31.78110158819908 -1.00205078125002
31.660839843750068 -1.00205078125002
31.483105468750182 -1.00205078125002
31.30527343750009 -1.00205078125002
31.127539062500034 -1.00205078125002
30.949707031250114 -1.00205078125002
30.844726562500057 -1.00205078125002
30.823632812500023 -0.999023437500028
30.80917968750009 -0.994921874999989
30.741992187500102 -1.007519531249983
30.672753906250023 -1.051367187500034
30.598730468750034 -1.069726562500037
30.519921875000136 -1.0625
30.509960937500068 -1.067285156249994
30.469921875000068 -1.06601562499999
30.412304687500068 -1.06308593750002
30.360253906250023 -1.074609374999966
30.32050781250001 -1.113085937499989
30.27988281250009 -1.178808593749977
30.20703125 -1.25419921874996
30.15 -1.32109375
30.1015625 -1.368652343750014
29.99052734374999 -1.446972656249983
29.930078125000023 -1.46992187500004
29.9 -1.466308593750014
29.881640625000045 -1.451757812499977
29.846875 -1.35166015625002
29.82539062500001 -1.33554687500002
29.609667968750045 -1.387109375000037
29.576953125000045 -1.387890625000026
29.579980468750023 -1.356738281249989
29.56406250000009 -1.121386718750003
29.561914062500023 -0.97734375
29.590039062500068 -0.887109374999966
29.6064453125 -0.783105468750009
29.608203125000045 -0.691308593750037
29.647851562500023 -0.535253906249963
29.64334096045684 -0.506446194533865
29.86796874999999 -0.302734375000014
29.88710937500008 -0.172460937500034
29.78300781249999 -0.121484375000037
29.683337597440925 -0.120226265693532
29.684375 -0.113574218750031
29.69785156250009 -0.060205078124994
29.717675781250023 0.098339843749983
29.749707031250068 0.147216796874986
29.77783203125 0.166357421874977
29.814648437500068 0.263623046874997
29.88544921875001 0.418945312500014
29.93447265625008 0.499023437499986
29.923828125 0.673925781250006
29.931640625 0.792871093749994
29.94287109375 0.819238281250037
30.047363281250057 0.863525390625
30.182910156250045 0.97348632812502
30.24013671875008 1.102783203124972
30.321093750000045 1.185302734375
30.47783203124999 1.238818359374974
30.494628906250057 1.229736328125
30.502441406250057 1.211669921875043
30.491601562500023 1.203222656250006
30.49208984375008 1.17290039062496
30.503906250000057 1.12070312499999
30.500781250000045 1.049609374999974
30.507324218750057 1.04052734375
30.539257812500068 1.021484375000028
30.56875 1.02861328124996
30.59375 1.041259765624972
30.71855468749999 1.191113281250026
30.72685546874999 1.22353515624998
30.78486328125001 1.309228515625023
30.892675781250034 1.448095703124977
30.96914062500008 1.527148437500017
31.01416015625 1.546435546875031
31.03984374999999 1.56362304687498
31.129296875000023 1.587792968750023
31.16582031249999 1.605468749999986
31.26787109374999 1.687548828125003
31.304589843750023 1.742187500000028
31.322070312500045 1.802587890624991
31.343457031250068 1.834033203125003
31.368554687500023 1.836474609374974
31.38740234375001 1.856933593750057
31.39980468750008 1.8955078125
31.38740234375001 2.200244140625003
31.38398437500001 2.260595703125048
31.3955078125 2.280419921874994
31.471582031250023 2.385449218749983
31.474804687500068 2.400732421874991
31.431054687500023 2.38789062500004
31.34423828125 2.290917968750009
31.303125 2.225927734374991
31.26283910565263 2.15966100329689
31.236328125000057 2.191357421874969
31.191406250000057 2.232275390624963
31.176367187500034 2.270068359375017
31.137597656250023 2.288867187500031
31.08212890625009 2.288085937500043
31.04531250000008 2.315527343750048
31.00361328125001 2.369384765625
30.9619140625 2.403271484374983
30.830078125 2.400439453125017
30.728613281250034 2.455371093750017
30.729882812500023 2.5302734375
30.76953125 2.677978515624986
30.8466796875 2.847021484374963
30.85078125000001 2.893652343749963
30.839941406250034 2.933496093749994
30.82138671875009 2.967578125000017
30.78652343750008 3.001367187499966
30.754003906250034 3.041796875000031
30.779296875000057 3.163378906250017
30.827832031250068 3.28261718749998
30.86757812500008 3.34213867187502
30.90644531250001 3.408935546875043
30.895312500000045 3.463671875
30.83857421875001 3.490722656250014
30.8681640625 3.544140624999969
30.929394531250068 3.634082031249989
31.048046875000068 3.725
31.15234375 3.78559570312504
31.22197265624999 3.785937500000017
31.357421875000057 3.737597656250031
31.479980468750057 3.680468750000031
31.54716796874999 3.677587890624977
31.62890625 3.70146484374996
31.79804687500001 3.802636718749966
31.838671875000045 3.770458984374983
31.888281250000034 3.709082031249991
31.94179687500008 3.607568359375009
32.04824218750002 3.56118164062498
32.099414062500045 3.529199218750037
32.13593750000001 3.519726562499969
32.15625 3.528027343749969
32.19667968750002 3.607812499999966
32.24550781250002 3.65131835937504
32.335742187500045 3.706201171875037
32.53476562500009 3.749951171874969
32.67695312500001 3.76318359375
32.73710937499999 3.772705078124986
32.83808593750007 3.798486328125009
32.99726562500001 3.880175781250045
33.15410156249999 3.77470703124996
33.32431640625009 3.754345703124983
33.489355468750034 3.75507812500004
33.53955078125 3.787109375
33.56845703125009 3.81171875000004
33.74160156250002 3.985253906250037
33.97607421875 4.220214843750043
34.13203125000018 3.88916015625
34.18574218750007 3.869775390624966
34.17822265625006 3.840869140625031
34.16503906250006 3.812988281250028

