32.15009765625007 46.1546875
32.009375 46.167822265625006
31.7001953125 46.21406250000001
31.563867187500023 46.257763671874955
31.528710937500136 46.306591796874955
31.5087890625 46.373144531250006
31.584863281250023 46.30317382812498
31.63847656249999 46.272558593750034
32.01220703124994 46.20390624999999

33.613378906250205 52.33261718750006
33.735253906250136 52.344775390625074
33.818847656250114 52.31562500000015
33.92207031250018 52.25146484375006
34.015332031250296 52.15595703125015
34.1130859375001 51.97963867187511
34.39785156250025 51.78041992187511
34.402734375000136 51.741503906250074
34.37929687500019 51.71650390625015
34.23916015625025 51.69223632812509
34.12109375000017 51.67915039062518
34.115429687500125 51.644970703125125
34.14677734375016 51.607958984375045
34.200878906250125 51.553808593750034
34.20927734375016 51.48408203125004
34.20654296875017 51.419921875000114
34.22988281250019 51.363232421875125
34.27500000000015 51.340185546875034
34.280664062500136 51.31166992187508
34.22841796875019 51.276855468750114
34.213867187500114 51.255371093750085
34.23417968750016 51.24379882812511
34.491015625000216 51.237060546875085
34.61679687500015 51.203125
34.712304687500136 51.17221679687509
34.760351562500205 51.16933593750005
34.86855468750008 51.189208984375085
34.99023437500023 51.20175781250009
35.06406250000015 51.203417968750074
35.09257812500016 51.18066406250014
35.11533203125009 51.120849609375114
35.158105468750136 51.0609863281251
35.19804687500016 51.04389648437507
35.269140625000205 51.046777343750136
35.31191406250008 51.04389648437507
35.334765625000216 51.02114257812505
35.30908203125017 50.98691406250009
35.314746093750216 50.9499023437501
35.34609375000025 50.90429687500006
35.383203125000136 50.79892578125009
35.41738281250008 50.767578125000085
35.44013671875018 50.727685546875136
35.44013671875018 50.68208007812507
35.41162109375006 50.642236328125136
35.39169921875009 50.61093750000006
35.41162109375006 50.53969726562502
35.48847656250018 50.459912109375125
35.54550781250015 50.43999023437513
35.591113281250216 50.36875
35.67373046875008 50.345996093750074
35.79619140625016 50.405761718750085
35.890234375000034 50.43710937500009
36.00781250000023 50.419677734375085
36.116406250000125 50.40854492187512
36.189453125000114 50.36782226562519
36.243359375000125 50.311767578125114
36.30605468750019 50.28046875000007
36.368847656250125 50.2968261718751
36.49980468750027 50.28046875000007
36.55966796875009 50.234863281250085
36.6194335937501 50.20922851562503
36.69638671875015 50.24624023437511
36.75908203125016 50.29184570312498
36.98847656250018 50.3395507812501
37.131250000000136 50.35151367187507
37.171093750000125 50.36088867187502
37.25488281250006 50.394970703125125
37.343164062500136 50.41762695312502
37.42285156250017 50.41147460937509
37.50136718750019 50.340722656250165
37.58232421875016 50.29184570312498
37.605078125000205 50.21494140625012
37.70419921875015 50.10908203125004
37.95029296875015 49.96420898437512
38.046875000000114 49.92001953125006
38.112500000000296 49.92783203125006
38.146777343750216 49.939404296875125
38.16269531250009 49.9545410156251
38.177539062500216 50.02539062500006
38.208691406250125 50.05146484375004
38.258593750000216 50.052343750000034
38.45117187500006 49.96406250000015
38.551953125000296 49.954589843750114
38.64775390625027 49.95288085937503
38.7766601562501 49.884326171875074
38.91835937500019 49.82470703125003
39.027734375000136 49.818408203125074
39.114941406250125 49.841748046875125
39.17480468750017 49.855957031250085
39.21181640625025 49.83320312500015
39.24599609375008 49.78193359375001
39.302929687500125 49.74204101562506
39.36845703125027 49.73066406250004
39.462792968750136 49.72802734375014
39.62656250000009 49.6506835937501
39.780566406250216 49.57202148437506
39.87685546875008 49.567675781250045
39.95849609375023 49.59077148437507
40.030664062500136 49.5967285156251
40.080664062500034 49.57685546875015
40.094921875000125 49.542675781250125
40.057812500000296 49.49707031250006
40.057812500000296 49.431542968750136
40.12617187500018 49.36884765625004
40.128320312500136 49.30722656250012
40.10878906250008 49.25156250000015
40.070019531250296 49.200292968750006
39.9763671875001 49.12983398437504
39.889746093750034 49.06406250000012
39.75947265625018 49.03657226562504
39.686523437500114 49.00791015625006
39.705664062500205 48.95957031250006
39.753320312500136 48.91445312500011
39.863769531250114 48.877978515625045
39.98916015625025 48.85141601562498
40.00361328125018 48.822070312500045
39.98447265625015 48.80737304687506
39.90410156250016 48.79375000000013
39.79287109375019 48.80771484375012
39.755859375000114 48.78208007812506
39.70458984375006 48.73935546875006
39.670410156250114 48.662451171875034
39.644726562500125 48.59121093750008
39.644774403155054 48.591203273705844
39.7654296875001 48.57187500000015
39.835644531250125 48.542773437500074
39.857519531250034 48.48422851562512
39.8826171875001 48.41909179687511
39.88984375000024 48.36044921875015
39.849902343750216 48.33193359375011
39.84746093750016 48.3027832031251
39.86630859375009 48.288427734375034
39.91816406250018 48.281933593750125
39.95791015625019 48.26889648437515
39.961035156250205 48.23793945312505
39.88505859375027 48.16835937500008
39.81396484375006 48.03530273437508
39.77578125000008 47.96445312500012
39.77871093750019 47.88754882812506
39.73593750000015 47.84482421875006
39.658496093750216 47.84121093750005
39.39101562500025 47.833740234375114
39.1584960937501 47.837402343750085
39.05781250000018 47.84848632812512
38.90029296875008 47.85512695312505
38.82226562500017 47.83701171875009
38.71894531250018 47.714111328125085
38.640625000000114 47.66591796875005
38.51093750000018 47.62241210937506
38.368847656250296 47.60996093750009
38.287402343750216 47.55917968750006
38.258789062500114 47.479541015625074
38.25654296875024 47.408935546875085
38.24326171875015 47.37368164062511
38.212402343750114 47.342773437500114
38.20136718750018 47.320800781250085
38.208007812500114 47.29653320312511
38.24101562500027 47.28769531250009
38.28076171875017 47.27666015625013
38.28076171875017 47.259033203125114
38.265332031250125 47.23696289062505
38.22119140625023 47.21274414062509
38.20136718750018 47.1752441406251
38.205859375000216 47.13559570312509
38.21435546875017 47.09145507812508
38.178320312500205 47.08022460937519
37.828710937500205 47.09584960937508
37.76114725254979 47.090808923776564
37.54335937500025 47.07456054687509
37.33984375000017 46.916894531250136
37.21855468750016 46.917333984375205
37.047558593750125 46.8762207031252
36.93203125000019 46.82514648437518
36.79482421875025 46.714404296875074
36.688671875000296 46.76411132812518
36.558789062500296 46.76269531250014
36.432031250000136 46.73256835937522
36.279492187500125 46.65859375000025
36.19462890625027 46.64550781250017
36.02490234375023 46.666796875000074
35.82714843750017 46.624316406250216
35.400195312500216 46.38139648437502
35.2566406250001 46.20390625000019
35.20439453125016 46.1691894531252
35.13232421875017 46.12587890625028
35.05527343750015 46.10400390625017
35.01455078125019 46.106005859375045
35.21777343750017 46.23217773437517
35.280175781250136 46.27949218750004
35.29091796875019 46.314404296875125
35.29199218750023 46.37070312500015
35.23037109375008 46.44062500000018
35.06406250000015 46.26723632812502
34.96953125000027 46.242089843750136
34.84960937500017 46.18989257812515
34.84375000000023 46.07358398437509
34.857324218750136 45.9873535156251
34.90664062500025 45.87880859375019
35.00167423940724 45.73338320565327
34.94642782810615 45.72868577195143
34.799725948224136 45.79075195190143
34.79408356822876 45.89231479181967
34.68687834831485 45.97695049175158
34.52324932844641 45.97695049175158
34.449898388505574 45.96566573176068
34.353977928582765 46.06158619168366
34.22420318868717 46.10108285165188
34.12828272876436 46.08979809166078
34.02671988884606 46.10672523164729
33.806667069023206 46.20828807156542
33.65996518914119 46.21957283155649
33.65432280914558 46.14622189161548
33.59414062500019 46.0962402343751
33.4988281250001 46.078857421875114
33.429882812500125 46.05761718750023
33.26347656250016 46.12568359375024
33.202246093750205 46.17573242187504
32.94179687500025 46.123779296875114
32.79687500000023 46.13149414062508
32.47675781250018 46.08369140625021
32.32988281250027 46.130371093750114
32.035742187500205 46.26098632812517
31.92519531250025 46.28725585937519
31.831250000000296 46.281689453125125
31.77998046875024 46.32465820312518
31.842871093750205 46.34614257812521
31.91591796875025 46.3486816406251
31.991699218750227 46.36440429687511
32.013085937500136 46.387158203125125
32.00849609375018 46.429980468750216
31.855761718750216 46.4624511718751
31.713671875000216 46.471777343750205
31.623632812500205 46.51025390625023
31.554882812500296 46.55429687500015
31.716015625000296 46.5549804687501
31.877929687500227 46.52167968750027
32.13144531250009 46.50937500000015
32.36132812500017 46.47495117187515
32.41894531250023 46.51777343750018
32.55253906250027 46.59199218750018
32.578027343750136 46.61562500000022
32.35410156250015 46.56484375000008
32.1272460937501 46.5972167968751
32.04433593750008 46.642480468750165
31.97431640625024 46.7087890625001
31.944921875000205 46.784375000000125
31.964062500000182 46.85483398437509
31.93955078125009 46.98198242187516
31.864746093750114 47.09511718750019
31.838183593750216 47.15722656250023
31.75917968750008 47.21284179687521
31.836914062500227 47.08701171875006
31.865917968750182 47.00327148437515
31.912695312500205 46.92612304687515
31.901660156250273 46.721630859375125
31.872851562500273 46.64975585937515
31.779589843750273 46.63164062500002
31.657031250000216 46.642431640625176
31.532128906250193 46.66474609375018
31.56337890625025 46.7772949218751
31.496875000000102 46.73837890625009
31.402929687500148 46.62880859375022
31.320312500000227 46.6125
31.136816406250148 46.62446289062515
30.796289062500193 46.55200195312523
30.77285156250025 46.47304687500011
30.721679687500227 46.366210937500114
30.67226562500025 46.30400390625013
30.656738281250227 46.266503906250136
30.511523437500387 46.105371093750165
30.492968750000216 46.0901367187501
30.219042968750216 45.866748046875244
30.18417968750032 45.849951171875176
30.006640625000387 45.79794921875006
29.901660156250216 45.752392578125125
29.82119140625025 45.732080078125165
29.685058593750227 45.75468750000013
29.628417968750227 45.72246093750016
29.601660156250205 45.68251953125019
29.601171875000205 45.600000000000165
29.67031250000025 45.54067382812525
29.72695312500025 45.34331054687519
29.705859375000216 45.259912109375136
29.651953125000148 45.313916015625125
29.567675781250102 45.3708007812501
29.40371093750008 45.419677734375114
29.22353515625025 45.40292968749998
29.02744140625009 45.32055664062506
28.89433593750016 45.28994140625005
28.82431640625009 45.3110839843751
28.781738281250142 45.3098632812501
28.766601562500057 45.28623046875009
28.769824218750102 45.266894531250074
28.791406250000136 45.251904296875125
28.788281250000125 45.24096679687503
28.760742187500114 45.23413085937506
28.45126953125012 45.29218750000015
28.317675781250188 45.34711914062515
28.2125 45.45043945312506
28.264843750000153 45.483886718750114
28.310351562500102 45.4985839843751
28.471386718750153 45.50717773437506
28.499023437500085 45.51772460937508
28.501757812500102 45.541552734375074
28.513769531250063 45.57241210937505
28.509472656250097 45.61782226562505
28.491601562500165 45.66577148437506
28.562304687500102 45.7357910156251
28.667578125000148 45.793847656250136
28.729296875000188 45.85200195312515
28.738769531250085 45.93715820312511
28.849511718750165 45.97866210937511
28.947753906250114 46.049951171875165
28.971875000000153 46.1276367187501
29.006250000000136 46.1764648437501
28.943750000000108 46.28842773437506
28.930566406250165 46.3622558593751
28.927441406250153 46.42412109375002
28.958398437500136 46.458496093750085
29.049902343750063 46.497021484375125
29.14628906250016 46.52690429687499
29.186230468750125 46.5239746093751
29.200781250000034 46.50498046875015
29.204589843750114 46.379345703125125
29.223828125000125 46.376953125000085
29.254589843750182 46.39262695312499
29.304882812500125 46.46660156250013
29.339550781250068 46.445068359375114
29.392871093750102 46.436914062500136
29.432812500000068 46.45595703125011
29.45878906250016 46.45375976562511
29.491015625000102 46.434667968750034
29.555078125000136 46.407763671875045
29.614941406250125 46.39882812500011
29.664550781250114 46.416748046875114
29.706835937500102 46.44873046875006
29.751953125000057 46.43779296875013
29.837890625000114 46.350537109375125
29.878027343750205 46.36020507812512
30.075683593750114 46.377832031250165
30.107519531250034 46.40156250000004
30.131054687500125 46.42309570312514
29.924316406250114 46.5388671875001
29.934765625000182 46.625
29.942480468750148 46.723779296875136
29.918066406250148 46.7824218750001
29.877832031250136 46.828906250000045
29.719726562500114 46.88291015625012
29.59775390625009 46.93881835937506
29.571972656250182 46.96401367187505
29.56865234375016 46.996728515625136
29.563476562500227 47.047509765625165
29.515039062500136 47.0911132812501
29.510937500000182 47.12802734375006
29.54179687500016 47.18554687500006
29.549316406250114 47.246826171875114
29.53916015625009 47.27099609375006
29.510644531250136 47.29072265625015
29.45566406250009 47.29262695312502
29.383398437500148 47.328027343750136
29.33378906250016 47.375732421875085
29.200585937500136 47.44448242187505
29.159765625000063 47.45566406250012
29.13486328125012 47.489697265625125
29.122949218750108 47.53037109375015
29.150878906250114 47.58085937500013
29.186035156250085 47.658593750000136
29.21074218750016 47.73154296875009
29.21113281250024 47.775
29.194824218750085 47.88242187500009
29.125390625000165 47.964550781250125
29.092968750000125 47.97543945312512
29.03691406250016 47.952343750000125
28.973339843750097 47.93300781250011
28.92314453125016 47.95112304687507
28.86582031250012 47.995654296875074
28.773828125000108 48.1195800781251
28.60166015625012 48.144384765625006
28.530468750000097 48.150292968750136
28.463085937500125 48.09052734375004
28.44199218750009 48.10869140625002
28.423046875000153 48.146875000000136
28.387500000000188 48.16210937500006
28.340527343750125 48.14443359375011
28.326953125000102 48.1614257812501
28.347167968750142 48.213037109375136
28.291015625000085 48.2385742187501
28.158789062500063 48.23798828125007
28.08847656250012 48.25703125000004
28.080078125000085 48.29580078125011
28.038476562500136 48.32128906250014
27.963378906250114 48.33354492187499
27.890625000000142 48.36523437500006
27.820019531250125 48.41625976562514
27.71445312500012 48.44951171874999
27.573730468750142 48.4648925781251
27.562207031250097 48.47041015625015
27.549218750000108 48.47773437500004
27.45839843750008 48.4430664062501
27.403808593750085 48.415625
27.336914062500114 48.43271484375012
27.228515625000057 48.37143554687506
27.008496093750097 48.36826171875012
26.900585937500125 48.37192382812509
26.847070312500165 48.38715820312507
26.64042968750016 48.294140625000125
26.61894531250013 48.25986328125006
26.572460937500068 48.24848632812507
26.442382812500142 48.229980468750114
26.305664062500085 48.20375976562511
26.27695312500009 48.11323242187504
26.236230468750136 48.064355468750136
26.16269531250009 47.99252929687515
25.908691406250114 47.967578125000045
25.689257812500102 47.93247070312509
25.464257812500165 47.91079101562511
25.169628906250097 47.82309570312509
25.073828125000034 47.74570312500012
24.97910156250009 47.72412109375
24.89335937500013 47.717773437500114
24.837890625000114 47.76083984375012
24.650976562500034 47.87651367187513
24.578906250000102 47.93105468750005
24.484082031250153 47.94711914062512
24.38095703125009 47.938037109375045
24.281933593750097 47.9111816406251
24.177734375000085 47.9060546875001
24.059765625000125 47.94477539062501
24.047363281250085 47.94101562500012
24.001855468750136 47.93579101562514
23.708984375000057 47.98261718750007
23.682031250000165 47.99038085937505
23.66904296875009 47.99233398437511
23.62871093750016 47.995849609375114
23.408203125000085 47.989990234375085
23.202636718750114 48.084521484375045
23.13945312500013 48.087402343750114
23.090820312500085 48.04912109375013
23.05478515625012 48.00654296875015
22.91289062500016 47.96425781250008
22.876660156250153 47.947265625000085
22.85605468750012 47.96030273437498
22.84648437500013 47.997070312500085
22.857226562500102 48.02954101562506
22.83623046875016 48.060302734375085
22.782226562500085 48.095214843750114
22.76914062500009 48.10961914062503
22.70156250000008 48.107031250000034
22.683105468750057 48.10361328125012
22.67636718750012 48.10439453125002
22.582421875000165 48.13403320312503
22.520117187500063 48.20537109374999
22.423828125000085 48.24331054687508
22.35019531250009 48.25605468750001
22.316699218750102 48.28662109375003
22.295117187500153 48.327294921875136
22.272167968750097 48.358007812500006
22.269433593750165 48.360888671875045
22.25371093750016 48.40737304687511
22.231152343750097 48.4121582031251
22.227148437500063 48.41342773437509
22.131835937500114 48.40532226562496
22.14287109375013 48.56850585937508
22.29521484375016 48.685839843750074
22.332617187500063 48.74506835937515
22.389453125000188 48.87348632812504
22.432031250000165 48.93354492187501
22.483203125000102 48.98325195312509
22.524121093750097 49.03139648437505
22.538671875000034 49.07270507812504
22.579980468750108 49.07719726562513
22.70126953125012 49.03994140625011
22.809765625000097 49.020751953125114
22.839746093750165 49.03891601562506
22.852050781250114 49.06274414062514
22.847070312500165 49.08125
22.760156250000136 49.136230468750085
22.705664062500034 49.1711914062501
22.702343750000068 49.19272460937506
22.72197265625016 49.240966796875114
22.732421875000057 49.29516601562514
22.719921875000097 49.35380859375002
22.660644531250114 49.4836914062501
22.649414062500114 49.53901367187507
22.706152343750148 49.606201171875085
22.89072265625009 49.76625976562511
22.95224609375009 49.8263671875001
23.036328125000068 49.89907226562508
23.264453125000102 50.07285156250012
23.408593750000165 50.17392578125012
23.50615234375013 50.22983398437512
23.64902343750012 50.32705078125005
23.711718750000102 50.377343750000165
23.972656250000142 50.41005859375008
24.004980468750063 50.45703125000006
24.05263671875008 50.50844726562505
24.089941406250148 50.5304687500001
24.094726562500142 50.61704101562515
24.046289062500136 50.72280273437502
24.007324218750085 50.760156250000165
23.978417968750165 50.785595703125125
23.997070312500142 50.809375
24.02597656250009 50.816162109375114
24.061621093750063 50.81953125000001
24.10576171875016 50.84497070312514
24.09580078125009 50.8727539062501
23.985742187500136 50.94042968750014
23.93808593750012 50.99252929687509
23.863476562500097 51.12622070312514
23.712207031250102 51.26513671875003
23.664453125000136 51.310058593750114
23.657617187500165 51.35249023437507
23.679687500000142 51.394921875000165
23.658886718750068 51.448974609375085
23.605273437500074 51.517919921875006
23.613769531250114 51.525390625000114
23.608593750000125 51.610498046875136
23.646679687500068 51.62885742187504
23.70683593750016 51.6413085937501
23.791699218750125 51.637109375000136
23.864257812500085 51.623974609375125
23.951171875000114 51.58505859375009
23.97832031250013 51.591308593750114
24.126855468750108 51.66464843750006
24.28007812500016 51.7747070312501
24.323730468750085 51.8384277343751
24.36191406250012 51.867529296875006
24.49521484375012 51.88305664062514
24.611328125000142 51.889501953125034
24.68515625000009 51.88828125000015
24.866406250000153 51.89912109375004
24.973828125000097 51.9111328125
25.066699218750102 51.93051757812512
25.26718750000009 51.937744140625085
25.580273437500097 51.924755859375125
25.78574218750012 51.923828125000114
25.925292968750142 51.913525390625125
26.267089843750142 51.85502929687513
26.39433593750013 51.8444335937501
26.45341796875016 51.81342773437518
26.566894531250114 51.801904296875136
26.773437500000085 51.77070312500018
26.952832031250125 51.75400390625015
27.074121093750136 51.76083984375012
27.141992187500108 51.75205078125009
27.27011718750009 51.61357421875013
27.296289062500108 51.597412109375114
27.347656250000085 51.59414062500008
27.452343750000097 51.60610351562511
27.601367187500074 51.6016113281251
27.68974609375016 51.57241210937511
27.676757812500085 51.48994140625018
27.700000000000102 51.47797851562504
27.74130859375009 51.48256835937508
27.788867187500102 51.52915039062506
27.828808593750153 51.577441406250045
27.858593750000097 51.59238281250009
28.010742187500085 51.5597656250001
28.080273437500125 51.56503906250009
28.144433593750136 51.60166015625009
28.183789062500068 51.60786132812504
28.29160156250012 51.581835937500074
28.424609375000102 51.56362304687508
28.53203125000016 51.5624511718751
28.599023437500108 51.54262695312508
28.647753906250102 51.456542968750114
28.69023437500013 51.43886718750008
28.73125000000016 51.4333984375001
28.79326171875016 51.51035156250006
28.849511718750165 51.54018554687511
28.92753906250016 51.562158203125136
28.977734375000097 51.57177734375014
29.013085937500108 51.59892578124999
29.060742187500125 51.62543945312507
29.102050781250114 51.62753906250015
29.135644531250108 51.617285156250006
29.174218750000165 51.58061523437499
29.230468750000057 51.49702148437501
29.298828125000114 51.413037109375125
29.34648437500016 51.38256835937514
29.469628906250136 51.40834960937508
29.55312500000025 51.434570312500085
29.70605468750017 51.439550781250034
29.908789062500034 51.45800781250006
30.063769531250216 51.48203124999998
30.160742187500034 51.47788085937512
30.219531250000102 51.4512207031251
30.308984375000136 51.39960937500007
30.333398437500136 51.32553710937506
30.44951171875016 51.27431640625011
30.54453125000009 51.26503906250019
30.576953125000102 51.318359375000114
30.632519531250182 51.355419921875125
30.61171875000008 51.40634765625009
30.60234375000016 51.4712402343751
30.560742187500182 51.531494140625114
30.53300781250016 51.596337890625165
30.58388671875008 51.688964843750114
30.63945312500016 51.770068359375045
30.66728515625016 51.814111328125136
30.755273437500136 51.895166015625136
30.84570312500017 51.9530761718751
30.980664062500125 52.046191406250074
31.079296875000125 52.07695312500013
31.168457031250114 52.0629394531251
31.217968750000125 52.0502441406251
31.345996093750102 52.105371093750136
31.57373046875017 52.10810546875015
31.763378906250125 52.10107421875006
31.782421875000182 52.09941406249999
31.875585937500205 52.07089843750012
31.973828125000125 52.046630859375085
32.04160156250009 52.04501953125009
32.12226562500018 52.05058593749999
32.21679687500017 52.08295898437501
32.282812500000205 52.114013671875114
32.362988281250296 52.27211914062519
32.39130859375018 52.29482421875011
32.43544921875019 52.30722656250015
32.507910156250205 52.30854492187515
32.645410156250136 52.2791015625001
32.806445312500216 52.252636718750125
32.899707031250216 52.256347656250085
33.14843750000017 52.34042968750006
33.28710937500006 52.353564453125074
33.451855468750125 52.33378906250013

