-64.68183593749998 17.750195312499983
-64.58046875000002 17.750195312499983
-64.686279296875 17.70610351562499
-64.88911132812501 17.701708984375074
-64.88471679687501 17.772265625000045
-64.765625 17.794335937500023

-64.7259765625 18.327880859375
-64.77060546875003 18.331591796875045
-64.78769531249995 18.341113281250045
-64.75244140624997 18.371972656250023
-64.65981445312502 18.354345703124977

-64.91997070312499 18.3212890625
-65.02363281249998 18.36757812499999
-64.94204101562497 18.385205078124955
-64.88911132812501 18.37421875000004
-64.84501953124999 18.330078125

