-1.149365234374955 50.655712890624955
-1.175830078125017 50.61523437500006
-1.19609375 50.59921874999998
-1.251464843749972 50.58881835937498
-1.306298828124937 50.58852539062502
-1.515332031249983 50.66977539062498
-1.563427734374926 50.666113281250034
-1.51567382812496 50.703320312499955
-1.385839843749977 50.733544921874994
-1.312792968749932 50.77348632812496
-1.144238281249955 50.73471679687506
-1.065576171875023 50.69023437499996

-4.154882812499949 53.302832031250034
-4.049365234374932 53.305761718750006
-4.084277343749932 53.264306640624994
-4.200390624999983 53.21806640624999
-4.278613281250017 53.17241210937502
-4.373046874999972 53.13417968750002
-4.418847656249966 53.17802734374999
-4.47197265624996 53.176367187500006
-4.55322265625 53.26044921875001
-4.567871093749972 53.386474609375
-4.461718750000017 53.419287109375034
-4.315087890624966 53.41723632812497
-4.196777343749943 53.321435546874994

-6.234228515624977 55.21684570312496
-6.129150390624972 55.21738281249998
-6.035791015624966 55.14453124999997
-5.985742187499994 55.02968750000002
-5.86918945312496 54.91621093749998
-5.716845703125017 54.817480468750034
-5.710742187500017 54.757080078125
-5.765185546874989 54.72465820312496
-5.879101562499926 54.684375
-5.878613281249926 54.641308593749955
-5.803466796874972 54.66303710937501
-5.738623046875006 54.67304687500001
-5.58251953125 54.663427734375006
-5.527929687499977 54.61962890624997
-5.490185546874926 54.554052734375034
-5.470410156249983 54.50019531249998
-5.483886718749972 54.44165039062503
-5.52587890625 54.460205078125
-5.568554687499983 54.51259765625002
-5.615966796874972 54.536718750000034
-5.671093749999926 54.549755859374955
-5.646093749999977 54.477880859375034
-5.655957031249955 54.381738281249994
-5.631884765624932 54.37265625
-5.557812499999926 54.37099609375002
-5.606787109374977 54.27255859375006
-5.708056640624989 54.24584960937503
-5.826171874999972 54.23583984375003
-5.854638671875023 54.200976562500045
-5.876074218749949 54.15605468750002
-5.937744140624972 54.08906249999998
-6.019042968750028 54.05126953125
-6.119531249999966 54.05888671874996
-6.218017578124972 54.08872070312498
-6.303662109375011 54.094873046874994
-6.363671874999966 54.07709960937501
-6.402587890625 54.060644531250034
-6.440283203124949 54.06362304687502
-6.548144531249989 54.057275390624966
-6.649804687499994 54.05864257812499
-6.664208984374994 54.08476562499999
-6.646875 54.163427734375034
-6.669531249999949 54.184716796874994
-6.7666015625 54.19560546875002
-6.802587890624949 54.21435546875
-6.858349609374955 54.26865234375006
-6.869238281249949 54.29404296874998
-6.877246093749989 54.32910156250003
-6.936132812499977 54.37431640624999
-7.007714843749994 54.40668945312501
-7.049707031249937 54.40825195312499
-7.133496093749955 54.355371093749966
-7.202587890625011 54.30180664062496
-7.178076171874977 54.27490234375
-7.155468749999983 54.23950195312497
-7.193066406249926 54.21411132812506
-7.306738281249977 54.15600585937503
-7.32451171874996 54.13344726562505
-7.355175781250011 54.12124023437505
-7.409423828124943 54.137304687500034
-7.54443359375 54.13359374999999
-7.606542968749949 54.14384765625002
-7.678759765624932 54.186669921874966
-7.854931640624926 54.21528320312501
-7.884472656250011 54.283789062500034
-7.91845703125 54.29658203124998
-8.118261718749949 54.414257812499955
-8.144824218749932 54.453515624999966
-8.118945312499989 54.47695312500002
-8.044335937499966 54.51245117187497
-7.79379882812492 54.57124023437498
-7.754394531249972 54.59492187500001
-7.746289062499926 54.615820312500006
-7.819824218749972 54.63969726562496
-7.886132812499994 54.66606445312502
-7.908740234374989 54.68334960937497
-7.910595703125011 54.698339843750006
-7.872949218749966 54.717871093750006
-7.79726562499999 54.71928710937502
-7.7375 54.71044921875
-7.689990234374989 54.72802734375003
-7.606445312499943 54.74570312499998
-7.550390624999977 54.76796875
-7.502197265625028 54.82543945312497
-7.451269531249949 54.87709960937502
-7.445996093749926 54.905126953125034
-7.401416015625017 55.003320312499966
-7.376904296874983 55.02768554687498
-7.218652343749994 55.09199218750001
-7.178613281249994 55.05688476562497
-7.100634765625017 55.04829101562498
-7.03076171875 55.08061523437502
-6.947167968750023 55.182519531249994
-6.88896484374996 55.188916015624955
-6.824853515624966 55.18066406250006
-6.698828124999949 55.19345703124998
-6.475048828124926 55.24101562499999
-6.375292968749932 55.24179687499998

-5.231494140624989 55.448095703125006
-5.277050781249926 55.45673828124998
-5.331494140624926 55.48105468750006
-5.392675781249949 55.618359374999955
-5.370800781249926 55.66694335937498
-5.345703124999972 55.69072265624996
-5.318115234374943 55.70917968749998
-5.251611328124994 55.716943359374966
-5.185449218750023 55.69096679687502
-5.160400390624972 55.66679687499996
-5.104980468749972 55.57397460937497
-5.0947265625 55.49433593750001
-5.105419921874955 55.44882812499998

-6.09282226562496 55.802148437499994
-6.057617187499972 55.722509765625034
-6.055322265624937 55.6953125
-6.088378906250028 55.65751953125002
-6.253173828125028 55.60722656249999
-6.305078124999937 55.60693359375003
-6.30722656249992 55.61914062500003
-6.27001953125 55.670312499999966
-6.302050781249932 55.72836914062498
-6.28642578124996 55.77250976562502
-6.301757812499972 55.78061523437498
-6.333886718749937 55.77436523437504
-6.451953124999932 55.704248046874966
-6.491357421874966 55.69731445312496
-6.49565429687496 55.71157226562502
-6.466455078124966 55.76899414062501
-6.462841796874926 55.808251953124994
-6.445263671874983 55.832373046875034
-6.413183593749949 55.85463867187505
-6.374951171874955 55.87133789062497
-6.34414062499999 55.87373046875001
-6.311279296874972 55.85649414062499
-6.21567382812492 55.90458984375002
-6.128906250000028 55.930566406249966

-5.990917968749983 55.80380859374998
-6.041552734374989 55.806787109374966
-6.060351562499989 55.822900390624966
-6.070703124999966 55.84765625000003
-6.071972656249955 55.89311523437499
-6.041308593749932 55.925634765625034
-5.911767578125023 55.974755859374994
-5.970312499999949 55.9921875
-5.972656249999972 56.00444335937502
-5.939062499999977 56.04526367187498
-5.799609374999989 56.10878906250005
-5.762255859374932 56.12031249999998
-5.725146484375017 56.118554687499994
-5.797216796874949 56.00561523437497
-5.970068359374977 55.814550781250034

-6.176171874999966 56.28872070312502
-6.313427734374955 56.293652343749955
-6.325830078124994 56.320947265624994
-6.298486328125023 56.33916015624999
-6.18486328124996 56.356884765624955
-6.138867187500011 56.490625
-6.31064453124992 56.55214843750002
-6.319677734374977 56.569433593750006
-6.30625 56.59877929687502
-6.286328124999926 56.611865234375045
-6.182080078124926 56.642968749999966
-6.138281249999977 56.649853515624955
-6.102734374999926 56.645654296874994
-6.02958984374996 56.60981445312498
-5.946679687499937 56.534521484375006
-5.836035156249949 56.522558593750034
-5.760839843750006 56.490673828124955
-5.777880859375017 56.34433593749998

-6.664453124999966 56.579443359375006
-6.66855468749992 56.593603515625034
-6.569921874999977 56.66123046875006
-6.506054687499926 56.67236328125
-6.483691406249989 56.665771484375
-6.53007812499996 56.62661132812502
-6.607617187499926 56.58500976562499

-7.504785156250023 56.95166015624997
-7.537402343749989 56.95971679687503
-7.542968749999972 56.97236328125001
-7.522949218749972 57.00678710937501
-7.45546875 57.01894531250002
-7.406689453124926 57.00029296875002
-7.398925781249943 56.983349609374955
-7.416894531249966 56.965429687500034

-6.308740234374966 56.95180664062502
-6.346240234374989 56.95429687499998
-6.383398437500006 56.97089843749998
-6.4326171875 57.01791992187498
-6.322363281250006 57.05053710937497
-6.278222656249966 57.031396484374966
-6.261279296874989 57.00952148437506
-6.260546874999932 56.985253906249994
-6.279052734374972 56.96469726562498

-7.292041015624932 57.10976562500005
-7.347412109375028 57.115136718749966
-7.381494140624937 57.130664062500045
-7.415917968749937 57.19213867187503
-7.42236328125 57.22934570312498
-7.407031249999989 57.29848632812502
-7.41054687499999 57.38110351562497
-7.29638671875 57.383691406249966
-7.267138671875017 57.371777343749955
-7.24755859375 57.126367187499966
-7.249853515624949 57.115332031250006

-6.146142578124966 57.46079101562506
-6.163769531249926 57.40883789062505
-6.140820312499955 57.353662109374994
-6.13554687499996 57.31425781249996
-6.093408203124994 57.30170898437498
-6.067626953124972 57.283544921875006
-5.880273437499994 57.26323242187496
-5.706005859374926 57.268945312499966
-5.67246093749992 57.25268554687503
-5.668652343749955 57.226904296875006
-5.696191406249966 57.19843749999998
-5.795410156250028 57.14653320312499
-5.913769531249983 57.06264648437502
-5.949072265624977 57.04516601562503
-5.987304687499943 57.04443359374997
-6.014746093749949 57.05195312499998
-6.034375 57.20122070312502
-6.162744140624994 57.18212890625003
-6.26611328125 57.18432617187503
-6.322705078124983 57.202490234375006
-6.362402343749977 57.2375
-6.442431640624932 57.32749023437498
-6.675439453124994 57.362890625
-6.741308593750006 57.41245117187498
-6.761132812499937 57.44238281250003
-6.752734375000017 57.45893554687504
-6.704199218749977 57.495751953124994
-6.643457031249966 57.48261718749998
-6.605859374999937 57.49067382812501
-6.583007812499972 57.50712890624999
-6.58349609375 57.520654296874994
-6.615283203124989 57.55273437500006
-6.616796874999949 57.56269531250004
-6.378515624999977 57.60332031249996
-6.357666015625 57.66679687500002
-6.305957031249932 57.671972656250006
-6.246923828125006 57.651220703125034
-6.16606445312496 57.585302734375006
-6.144726562499955 57.504980468750006

-7.0927734375 57.62666015625001
-7.182617187500028 57.533300781250006
-7.320556640624972 57.53374023437499
-7.514746093750006 57.60195312500002
-7.515625 57.61586914062502
-7.499414062499994 57.636328125000034
-7.4703125 57.652539062499955
-7.440039062499977 57.65639648437502
-7.391894531249932 57.645214843749955
-7.324853515624937 57.66313476562499
-7.271191406249955 57.65747070312497
-7.205566406249972 57.682958984375006

-6.325830078124994 58.188867187499966
-6.37558593749992 58.18457031249997
-6.419287109374949 58.14096679687498
-6.554589843749966 58.092871093750034
-6.436523437499972 58.091894531250006
-6.403369140624989 58.075878906249955
-6.402441406249977 58.041357421875034
-6.425195312499994 58.02128906250002
-6.578125 57.94135742187498
-6.683300781249983 57.91103515625002
-6.796582031249983 57.827539062499994
-6.853759765625 57.826513671875034
-6.910351562499983 57.773388671874955
-6.956933593749966 57.75004882812502
-6.983105468749955 57.75
-7.013183593749972 57.76176757812499
-7.083447265624983 57.81376953125002
-6.955957031249937 57.864892578124966
-6.944140624999932 57.893652343750034
-6.856835937499994 57.92353515625001
-6.864160156249966 57.93286132812503
-7.00253906249992 57.97490234374999
-7.057080078124926 58.00317382812497
-7.051904296874937 58.017968749999966
-6.985302734374955 58.05048828125001
-7.016894531250017 58.054785156250006
-7.038232421874994 58.07231445312502
-7.076904296874972 58.079003906249966
-7.08847656249992 58.09536132812502
-7.095605468749966 58.13828125000006
-7.085253906249989 58.18217773437502
-7.044921874999943 58.201562499999966
-7.028417968749949 58.22231445312502
-7.012060546875006 58.22871093750001
-6.949560546874977 58.217675781249966
-6.886230468749943 58.18256835937501
-6.812304687499989 58.19609375000002
-6.726464843749994 58.18940429687498
-6.724707031249977 58.197558593750045
-6.787744140624937 58.283886718749955
-6.776464843749949 58.301513671875
-6.74228515624992 58.321630859375006
-6.544189453124972 58.383154296875034
-6.297167968749932 58.486621093750045
-6.237451171875023 58.502832031249994
-6.219433593749983 58.488720703124955
-6.194238281249994 58.435107421875045
-6.198681640624926 58.36328124999997

-3.101123046874932 58.433691406250006
-3.11289062499992 58.40888671875004
-3.136767578124989 58.37832031250002
-3.212353515624955 58.32124023437501
-3.410986328125006 58.23964843750002
-3.775 58.052099609375006
-3.990039062499932 57.95903320312496
-4.01962890624992 57.91425781249998
-4.035595703124983 57.85200195312498
-3.906835937499949 57.83964843749996
-3.857128906249926 57.81855468750001
-3.887939453125 57.78691406249996
-4.078417968749989 57.67705078124996
-4.134521484374972 57.57773437499998
-3.988476562499955 57.58125
-3.868164062499972 57.60034179687497
-3.628222656249932 57.662255859374966
-3.402783203124926 57.70825195312503
-3.294531249999977 57.710156249999955
-3.083935546874983 57.67348632812505
-3.036035156249994 57.67231445312498
-2.946679687499994 57.68925781249996
-2.856298828124977 57.692285156249966
-2.244140624999943 57.680859374999955
-2.074072265624949 57.70239257812497
-1.96152343749992 57.676660156249966
-1.867382812499926 57.61235351562502
-1.77792968749992 57.49375
-1.780664062499937 57.474023437499994
-1.834716796874943 57.41997070312499
-1.934472656250023 57.352197265624966
-2.020312500000017 57.258886718750034
-2.045507812499977 57.20854492187499
-2.062353515624949 57.153466796874966
-2.089550781249983 57.1025390625
-2.260253906249943 56.86333007812502
-2.426660156250023 56.730712890625
-2.500976562499972 56.636572265625006
-2.592675781249994 56.56157226562499
-2.68095703124996 56.51440429687497
-2.77519531249996 56.48295898437496
-3.047412109374989 56.449365234374966
-3.123583984374989 56.42529296875003
-3.21445312499992 56.383935546874966
-3.309960937499937 56.363476562499955
-3.197998046874943 56.36606445312506
-3.087011718749977 56.38906250000002
-2.88515625 56.39750976562496
-2.652734374999966 56.318261718749994
-2.674267578124926 56.25341796875003
-2.767578125 56.20214843749997
-2.979785156249989 56.194091796875
-3.17822265625 56.08012695312496
-3.267773437499955 56.04506835937502
-3.362255859374926 56.02763671875002
-3.480419921874926 56.0328125
-3.69511718749996 56.063330078125006
-3.789062500000028 56.09521484375003
-3.70415039062496 56.04316406249998
-3.607812499999937 56.016015624999966
-3.048730468749994 55.95195312499996
-3.015087890624983 55.95859375
-2.836865234375011 56.02626953125002
-2.599316406249926 56.027294921874955
-2.147070312499977 55.90297851562502
-2.016845703125 55.807958984375034
-1.830273437499926 55.671728515625006
-1.728759765624943 55.618554687499994
-1.655371093750006 55.570361328125045
-1.610156249999932 55.49809570312496
-1.522558593749949 55.25952148437503
-1.422656249999932 55.02641601562499
-1.291748046875 54.773876953124955
-1.232421875 54.703710937500034
-1.154394531249977 54.654492187499955
-0.75932617187496 54.54140625000002
-0.67138671875 54.50390625000003
-0.51811523437496 54.39511718749998
-0.370361328124943 54.279199218749994
-0.232861328124926 54.190136718749955
-0.084375 54.11806640625002
-0.15629882812496 54.08061523437502
-0.205566406249943 54.02172851562503
-0.16875 53.94165039062506
-0.108251953124949 53.86518554687501
0.010546875000017 53.74282226562505
0.115332031250063 53.60927734375002
0.076708984374989 53.629443359375045
0.036083984375068 53.640527343749994
-0.019433593749966 53.63720703125003
-0.07373046875 53.643652343750006
-0.173828124999972 53.685449218749994
-0.270019531249943 53.736767578124955
-0.461376953124926 53.716162109375034
-0.567675781250017 53.72539062499996
-0.659912109374972 53.72402343750002
-0.485058593749955 53.694384765625045
-0.293701171874972 53.69233398437498
0.128320312500023 53.46826171874997
0.270996093750057 53.33549804687502
0.355761718750017 53.15996093749996
0.298046875000068 53.08110351562496
0.20820312500004 53.03002929687506
0.124414062500023 52.97158203125005
0.045898437500028 52.905615234375006
0.279785156249972 52.80869140624998
0.330175781250034 52.811621093750034
0.381933593750006 52.82519531249997
0.431640625 52.85815429687503
0.515527343750051 52.93837890625002
0.558789062500068 52.966943359374994
0.704492187499994 52.977246093749955
0.826757812500034 52.97109375000002
0.948535156250074 52.95336914062497
1.055566406250023 52.95898437500006
1.271289062500017 52.92456054687497
1.382128906250017 52.89350585937504
1.656738281250028 52.75371093749996
1.716113281250045 52.67724609375003
1.743359374999983 52.57851562499999
1.746582031250028 52.46899414062497
1.70039062500004 52.368896484375
1.647363281250051 52.27851562499998
1.614648437500051 52.16181640625001
1.591406250000034 52.119775390624966
1.55898437499999 52.08686523437501
1.413476562500023 51.994775390624994
1.316796875000051 51.956933593749994
1.275976562499977 51.97353515625002
1.232421875 51.97124023437499
1.227832031250045 51.94912109375002
1.27382812500008 51.90209960937503
1.274414062500028 51.84536132812502
1.1884765625 51.803369140624994
1.101171874999977 51.78544921874999
0.955078124999972 51.80781250000001
0.752246093750045 51.72958984375006
0.898046875 51.689404296874955
0.92744140625004 51.64663085937502
0.890917968750045 51.571435546874994
0.799218750000023 51.53789062499999
0.697558593750017 51.52304687499998
0.593457031250011 51.51948242187498
0.507226562500051 51.501074218750034
0.424511718750068 51.465625
0.5283203125 51.484472656250034
0.600292968749983 51.467968749999955
0.645507812500057 51.40468750000002
0.686523437499972 51.38657226562498
0.889355468750011 51.359521484374966
1.014941406250017 51.359716796875006
1.257128906250045 51.375097656250034
1.373437500000023 51.374707031249955
1.414941406250051 51.36328125000003
1.415625 51.31083984375002
1.397558593750063 51.182031249999966
1.365527343750017 51.15546874999998
1.044433593749972 51.047265624999966
0.978613281250063 50.9716796875
0.96015625000004 50.925878906250006
0.772363281250051 50.933984374999966
0.684375 50.88554687499996
0.532324218750006 50.853417968749994
0.41474609375004 50.819189453125034
0.299707031250051 50.775976562500034
0.205078125000028 50.76303710937506
-0.20390625 50.81435546875002
-0.45078125 50.81015624999998
-0.78525390624992 50.76542968750002
-0.871386718749989 50.772802734375006
-1.00058593749992 50.815625
-1.13286132812496 50.84458007812506
-1.285058593749966 50.857324218749994
-1.416455078125011 50.896875
-1.33447265625 50.82080078125
-1.516748046874994 50.747460937499994
-1.600830078125 50.73286132812504
-1.687890624999966 50.73515625
-1.866015624999932 50.71523437499999
-2.031054687499989 50.72539062500002
-2.00625 50.673242187499966
-1.962060546874966 50.627783203125034
-1.997900390624977 50.608007812500006
-2.035839843749983 50.60307617187496
-2.35014648437496 50.637402343749955
-2.394677734374994 50.63090820312496
-2.433447265624977 50.59921874999998
-2.547753906249994 50.616308593750006
-2.658837890624966 50.66972656249996
-2.776953124999977 50.70556640624997
-2.90087890625 50.72241210937503
-2.999414062499994 50.71660156250002
-3.404589843749932 50.632421875
-3.485449218749977 50.547949218750006
-3.525878906249943 50.428173828124955
-3.584375 50.32182617187496
-3.679785156249949 50.23994140624998
-3.79335937499999 50.229248046875
-3.900195312500017 50.28593750000002
-4.103417968749937 50.348535156249994
-4.172558593749983 50.39082031249998
-4.194580078124943 50.39331054687506
-4.217285156249943 50.37817382812497
-4.29697265624992 50.35908203125001
-4.379492187499949 50.35820312499999
-4.50668945312492 50.34135742187502
-4.727978515624983 50.290478515624955
-4.8173828125 50.255957031250034
-5.009521484374972 50.160742187500006
-5.048632812499932 50.134375
-5.118505859374977 50.03833007812503
-5.225244140624937 50.02138671875002
-5.322851562499949 50.082958984374955
-5.433984374999937 50.10444335937498
-5.551220703124926 50.083398437499966
-5.622119140624989 50.050683593749966
-5.655175781249966 50.077246093750034
-5.65625 50.13188476562499
-5.570654296874977 50.19697265625001
-5.34228515625 50.24614257812499
-5.141796875000011 50.373730468749955
-5.043457031249943 50.451513671875006
-5.004443359374989 50.49526367187502
-4.956396484374977 50.52314453125004
-4.893554687499972 50.53369140625006
-4.861279296874955 50.58203125000003
-4.582910156249994 50.7763671875
-4.559960937499937 50.82094726562502
-4.546093749999955 50.90068359375002
-4.523095703124994 50.97744140625002
-4.29648437499992 51.027148437500045
-4.188183593749983 51.18852539062496
-4.158398437499955 51.201318359374994
-3.842333984374932 51.23090820312498
-3.607910156249972 51.228564453125045
-3.375097656249977 51.19697265624998
-3.255761718749994 51.194140625000045
-3.135986328125028 51.205029296874955
-3.04204101562496 51.24858398437502
-2.88125 51.405664062499966
-2.79082031249996 51.47480468750001
-2.687207031249983 51.53725585937505
-2.590283203124955 51.60859375000001
-2.433056640624983 51.74072265625
-2.53935546874996 51.695214843749966
-2.667675781250011 51.62299804687501
-2.742138671874983 51.58110351562499
-2.978515625 51.53886718750002
-3.08037109374996 51.49580078125004
-3.2587890625 51.39848632812502
-3.293115234374966 51.39042968749996
-3.56235351562492 51.41381835937503
-3.762695312499972 51.539941406249966
-3.890771484374966 51.591650390625006
-3.943652343749989 51.59750976562498
-3.998339843749932 51.582128906250034
-4.11528320312496 51.56640625000003
-4.234570312500011 51.56909179687503
-4.173681640624949 51.62734375
-4.091015624999983 51.65991210937497
-4.27617187499996 51.682519531249966
-4.327636718749972 51.70024414062502
-4.386279296875017 51.741064453125006
-4.531494140625 51.748046875
-4.600781250000011 51.737646484375006
-4.71762695312492 51.683691406250034
-4.902294921874983 51.62626953124996
-5.124755859375 51.70585937500002
-5.16835937499999 51.74072265625
-5.167236328124943 51.808056640624955
-5.200585937499994 51.86137695312499
-5.262304687499949 51.88017578124999
-5.183349609374943 51.949658203124955
-5.088085937499983 51.99589843749996
-4.87851562499992 52.04184570312498
-4.56113281249992 52.15087890625
-4.383154296874977 52.19731445312496
-4.217724609374955 52.277441406250034
-4.149365234374955 52.326269531250034
-4.099755859374994 52.39311523437496
-4.050537109375 52.47514648437499
-3.980322265624977 52.54174804687506
-4.0484375 52.5576171875
-4.078906249999989 52.60786132812501
-4.070703125000023 52.658837890624994
-4.039257812500011 52.70405273437498
-4.06743164062496 52.76074218749997
-4.117529296874977 52.82001953124998
-4.114746093750028 52.866162109374955
-4.101464843749966 52.91547851562498
-4.229150390624966 52.91284179687497
-4.356445312499972 52.89741210937504
-4.471826171874937 52.86245117187502
-4.583691406249983 52.81494140625
-4.683056640624983 52.80615234375
-4.681445312500017 52.84414062500002
-4.638330078125023 52.89111328125
-4.525683593749989 52.95820312499998
-4.405078124999932 53.01381835937502
-4.362207031249994 53.05605468750002
-4.328417968749932 53.105126953124966
-4.2685546875 53.14453125
-4.111035156249983 53.21894531249998
-3.809277343749955 53.30268554687498
-3.764208984374932 53.30761718750003
-3.645898437499994 53.29790039062499
-3.529589843749989 53.310546875
-3.427734374999943 53.340673828125006
-3.326171874999943 53.34716796875
-3.097558593749994 53.26030273437496
-3.165576171875017 53.394677734374994
-3.064746093749989 53.42685546874998
-2.918554687499949 53.30537109375001
-2.864160156249966 53.29257812499998
-2.749511718749972 53.31020507812502
-2.79375 53.33071289062502
-2.845410156249983 53.331933593749994
-2.9130859375 53.350244140624994
-2.969970703124943 53.389208984375045
-3.064599609374937 53.512841796874994
-3.059472656249966 53.58623046875002
-2.995703124999949 53.66254882812504
-2.92509765624996 53.732763671875034
-2.984326171874926 53.74672851562505
-3.031787109374932 53.773583984374994
-3.045361328124926 53.843847656250006
-3.026757812499966 53.905908203124966
-2.899853515624955 53.96069335937503
-2.862402343749977 54.043847656249994
-2.846484375000017 54.13530273437499
-2.867578124999966 54.17724609375
-2.993505859374949 54.170507812500034
-3.054736328124989 54.153417968750034
-3.109667968749989 54.126318359375006
-3.165966796874983 54.12792968749997
-3.321533203124972 54.22910156249998
-3.410253906249949 54.305615234374955
-3.569384765624932 54.46757812499999
-3.592041015625028 54.564355468749994
-3.464599609375 54.773095703124966
-3.267919921874977 54.90659179687498
-3.036230468749949 54.953076171874955
-3.081054687500028 54.96196289062499
-3.43408203125 54.963769531249994
-3.550439453124994 54.947412109374966
-3.65830078124992 54.892871093750045
-3.71923828125 54.876123046874994
-3.783251953124989 54.86992187499999
-3.84160156249996 54.84277343750006
-3.898583984374937 54.80507812499999
-3.957910156249966 54.78095703124998
-4.075781249999977 54.787207031250006
-4.132958984374994 54.77924804687498
-4.174023437499926 54.80107421874999
-4.208398437499994 54.83715820312497
-4.253417968749943 54.84677734374998
-4.303662109374955 54.83569335937503
-4.409912109375028 54.78706054687498
-4.517480468749994 54.75834960937499
-4.647558593749949 54.78901367187501
-4.818066406249955 54.84614257812501
-4.851708984374966 54.825292968750034
-4.889501953124949 54.77226562499999
-4.91123046874992 54.68945312499997
-5.032324218750006 54.761376953124994
-5.135498046874972 54.857519531250034
-5.170117187500011 54.91791992187498
-5.172705078125006 54.98588867187499
-5.116699218749943 55.01225585937502
-5.055859374999983 54.988134765625006
-4.965185546875006 55.14946289062499
-4.784814453125023 55.35942382812496
-4.721142578124926 55.42099609374998
-4.676757812499943 55.501318359375006
-4.684375 55.55390624999998
-4.724169921875017 55.59829101562505
-4.891845703124972 55.699121093749966
-4.889648437499972 55.78120117187501
-4.871679687499949 55.873925781249966
-4.826074218749994 55.929541015625034
-4.806835937499983 55.940136718749955
-4.584082031249977 55.93867187500001
-4.670947265624989 55.967382812500006
-4.84409179687492 56.05117187500002
-4.841015624999926 56.080859375000045
-4.800292968749972 56.15834960937502
-4.819140624999989 56.150488281250006
-4.85625 56.11469726562501
-4.927099609374949 56.02807617187503
-4.970361328124994 56.00786132812499
-5.09282226562496 55.98730468749997
-5.114990234374972 55.94462890624999
-5.134667968749966 55.93349609375002
-5.195849609374989 55.92866210937501
-5.214599609375 55.88886718750001
-5.228222656249926 55.886328125
-5.24560546875 55.92924804687496
-5.247314453125 56.00039062499999
-5.222949218749932 56.065820312499994
-5.176416015624937 56.11699218750002
-4.996972656249994 56.23334960937501
-5.08432617187492 56.19746093749998
-5.282324218749949 56.089941406250006
-5.383447265624937 56.01923828125001
-5.410449218749932 55.99536132812503
-5.418896484374955 55.97524414062502
-5.418310546874949 55.952050781249994
-5.37290039062492 55.82768554687496
-5.385839843749977 55.77011718750006
-5.556445312500017 55.38959960937498
-5.588769531249937 55.351416015625006
-5.618457031249932 55.33144531250002
-5.646533203124989 55.32685546874998
-5.730664062499983 55.334130859374966
-5.768212890624994 55.362646484375006
-5.767871093750017 55.39497070312501
-5.752099609374994 55.443457031250034
-5.681347656249955 55.623974609374955
-5.650634765625028 55.674121093750045
-5.60502929687496 55.720751953125045
-5.504492187500006 55.802392578124966
-5.506933593749949 55.80771484374998
-5.573876953125023 55.79169921875001
-5.602392578124949 55.796972656250006
-5.62285156249996 55.81313476562502
-5.609570312500011 56.05527343749998
-5.555273437499949 56.134960937499955
-5.534960937499989 56.250830078125034
-5.487890624999977 56.35004882812498
-5.433398437499989 56.422314453124955
-5.391943359374977 56.514794921874966
-5.329443359374949 56.555908203125
-5.312695312500011 56.61879882812502
-5.242578125000023 56.686865234375034
-5.188378906249994 56.75805664062497
-5.217578124999989 56.75102539062496
-5.564208984375 56.56572265624996
-5.652441406249949 56.531982421875
-5.772802734374949 56.541015625
-5.864843749999949 56.56186523437498
-5.936767578124943 56.60571289062503
-5.968896484375023 56.68989257812504
-6.057714843750006 56.69213867187506
-6.133691406250023 56.706689453124994
-6.132763671875011 56.718017578125
-6.034716796874932 56.763916015625
-5.877636718749983 56.779638671875006
-5.730615234374966 56.85307617187496
-5.861425781249977 56.902685546875034
-5.850390624999932 56.918408203124955
-5.736279296874955 56.960644531249955
-5.59130859375 57.102343750000045
-5.561914062499966 57.23271484374996
-5.63125 57.2939453125
-5.656347656249949 57.334082031250006
-5.794921875 57.378808593749966
-5.818066406249926 57.43608398437499
-5.801953124999926 57.46801757812503
-5.756738281249966 57.49921874999998
-5.688623046874937 57.523535156250034
-5.581787109375028 57.546777343749994
-5.67875976562496 57.571679687499994
-5.714941406249977 57.60107421875003
-5.742382812499955 57.643652343750006
-5.74492187499996 57.66831054687506
-5.694726562499937 57.778222656249966
-5.665478515624926 57.82353515624996
-5.608349609374926 57.88134765625003
-5.349023437499937 57.878076171874966
-5.319189453125006 57.90361328125002
-5.289794921874943 57.90458984374996
-5.157226562499943 57.88134765625003
-5.176904296874966 57.906396484374966
-5.39375 58.04360351562505
-5.413183593749949 58.06972656250002
-5.351367187499989 58.143701171874994
-5.346875 58.176660156249966
-5.355957031250028 58.21191406250006
-5.338281249999966 58.23872070312501
-5.26953125 58.25141601562501
-5.059960937499937 58.25014648437502
-5.008300781249972 58.26264648437498
-5.031835937499977 58.298291015624955
-5.08061523437496 58.34516601562501
-5.09013671874996 58.38452148437503
-5.078710937499949 58.419287109375006
-5.07602539062492 58.48925781249997
-5.066503906249949 58.52021484374998
-5.016748046875023 58.566552734374994
-4.975634765624989 58.58032226562506
-4.924658203125006 58.58837890625
-4.809619140625017 58.572900390624966
-4.765771484374966 58.55419921874997
-4.71542968749992 58.51000976562503
-4.678222656249972 58.51357421875005
-4.534960937500017 58.561572265625045
-4.491894531249926 58.568457031250034
-4.433251953124994 58.512841796874966
-4.188623046874966 58.55722656250006
-3.859521484374994 58.57709960937501
-3.661816406249926 58.606298828125006
-3.453564453124955 58.616894531249955
-3.259130859374977 58.65
-3.053076171875006 58.634814453125045
-3.046191406249932 58.61552734375002
-3.056982421875006 58.588769531249994
-3.109667968749989 58.51547851562498

-2.938964843750028 58.73862304687498
-2.975390624999989 58.75693359374998
-3.03544921874996 58.82265625000002
-2.94121093749996 58.83569335937503
-2.896435546874983 58.82758789062498
-2.9130859375 58.799609375000045
-2.929394531249926 58.74160156250005

-3.222119140624983 58.78095703124998
-3.278808593749972 58.78193359375001
-3.367187499999943 58.839746093749966
-3.400830078124983 58.88178710937501
-3.394726562499983 58.90961914062498
-3.357421875 58.918994140625045
-3.271923828125011 58.9052734375
-3.227636718749949 58.85717773437497
-3.222119140624983 58.82587890624998
-3.211621093749983 58.81357421875006
-3.158544921875006 58.80122070312501
-3.164941406249966 58.794189453125

-3.070703124999937 59.00498046875006
-2.994677734375017 59.00556640624998
-2.88457031249996 58.984521484374966
-2.81791992187496 58.981884765624955
-2.762451171874943 58.95581054687497
-2.79301757812496 58.90693359374998
-2.82622070312496 58.89326171875004
-2.863769531249972 58.890527343749994
-2.994824218749955 58.939355468749994
-3.166601562499949 58.919091796874966
-3.200781249999977 58.92529296874997
-3.223339843749955 58.938769531250074
-3.232617187499983 58.95551757812501
-3.232812499999937 58.98964843750005
-3.242138671874983 58.999707031249955
-3.304345703124937 58.96743164062505
-3.331640625 58.97124023437502
-3.347070312499937 58.986718749999966
-3.353710937499955 59.01875
-3.346826171874994 59.06499023437502
-3.310351562500017 59.13081054687501
-3.24858398437496 59.14394531250002
-3.156494140625028 59.13632812499998
-3.051123046874949 59.09902343750002
-3.019238281249955 59.07602539062506
-3.020019531250028 59.057666015625045
-3.057421874999989 59.029638671875006

-2.662060546874926 59.23017578125001
-2.60361328124992 59.28930664062497
-2.53564453125 59.30415039062498
-2.406982421875 59.29755859374998
-2.429833984374937 59.27104492187499
-2.54887695312496 59.231347656249994

-2.81523437499996 59.161914062500045
-2.85185546874996 59.18247070312498
-2.861425781249949 59.24682617187503
-2.963769531250023 59.274365234374955
-3.013476562499932 59.29145507812498
-3.05205078124996 59.323876953124994
-3.042236328125 59.333837890625006
-2.975537109374926 59.347119140624955
-2.861621093749989 59.28833007812506
-2.815039062500006 59.24082031250006
-2.730664062499955 59.22675781250004
-2.719921874999983 59.21948242187497
-2.729394531249966 59.18676757812497

-1.287402343749989 60.46704101562503
-1.235742187499966 60.48530273437501
-1.15776367187496 60.417724609375
-1.117968749999932 60.417626953124994
-1.052441406250011 60.44448242187505
-1.065673828124943 60.38159179687503
-1.133691406249937 60.20698242187498
-1.152783203124926 60.17734374999998
-1.165722656249983 60.124267578125
-1.179248046874989 60.11391601562502
-1.199316406250006 60.006591796875
-1.245312499999955 59.97124023437499
-1.283789062499977 59.886914062499955
-1.299462890624966 59.87866210937497
-1.35585937499999 59.9111328125
-1.299511718749983 60.03984375000002
-1.276171874999932 60.114648437499994
-1.290917968749994 60.153466796874994
-1.322802734374932 60.188378906249994
-1.409033203125006 60.189501953125045
-1.481494140624932 60.173388671875045
-1.496875 60.193994140624994
-1.499121093749977 60.22177734374998
-1.516601562499972 60.23100585937499
-1.613037109375 60.229101562500034
-1.641357421875 60.23676757812501
-1.660058593749966 60.262255859375045
-1.663769531249926 60.28251953124999
-1.576660156249943 60.298388671875045
-1.494433593749989 60.29248046874997
-1.374609375 60.332910156249966
-1.449560546875006 60.468554687500074
-1.548828124999972 60.481298828125006
-1.571777343750028 60.49443359375002
-1.552636718749937 60.51743164062498
-1.498144531249949 60.52983398437502
-1.414208984374994 60.598730468750034
-1.363964843749955 60.60957031250001
-1.301708984374983 60.60766601562497
-1.308105468749943 60.5375

-1.067871093749943 60.502294921875006
-1.165527343749943 60.60390625000002
-1.093310546874989 60.72021484375
-1.005615234374972 60.716503906249955
-0.991650390624955 60.68603515625006
-1.000341796874949 60.65800781250002
-1.045019531250006 60.65551757812506
-1.049023437499926 60.64692382812498
-1.035107421874926 60.592919921874994
-1.034228515624932 60.530175781249994
-1.042529296874932 60.513867187499955

-0.774316406249994 60.80048828125001
-0.826171875 60.71616210937498
-0.82548828124996 60.68393554687498
-0.909130859374926 60.68701171874997
-0.922265624999937 60.69726562500003
-0.938085937499977 60.74565429687502
-0.92753906249996 60.797167968750045
-0.91582031249996 60.810449218749994
-0.89140625 60.81591796875003
-0.864941406249983 60.80581054687502
-0.823437499999983 60.831884765625006
-0.801806640625017 60.83125
-0.774267578125006 60.811962890624955

