53.928125000000136 24.143359375000017
53.82636718750018 24.153125
53.799121093750045 24.135546875000045
53.715820312500114 24.14531249999999
53.63447265625018 24.169775390625006
53.68964843750001 24.210791015625006
53.83378906249999 24.25893554687505
53.89375 24.21513671874999
53.927832031250034 24.177197265624983

52.6 24.28129882812499
52.58222656250018 24.335253906250045
52.583593750000034 24.352343750000074
52.629394531250114 24.376757812500074
52.65761718750002 24.332617187500034
52.61689453125007 24.28857421875003

53.25830078125 24.25292968749997
53.190917968750114 24.290917968749994
53.332519531250114 24.341601562500017
53.37089843749999 24.364453124999955
53.412402343750045 24.411035156250023
53.4453125 24.371191406250006
53.40898437500016 24.30791015624999
53.38261718749999 24.280859374999977
53.33222656250007 24.258593750000045

54.456640625000034 24.42333984374997
54.42841796875018 24.425097656250045
54.35771484375016 24.442773437500023
54.33476562499999 24.471044921875006
54.378906250000114 24.504589843749983
54.398339843749966 24.50634765625
54.42656250000016 24.471044921875006
54.46542968750009 24.442773437500023

56.249511718750114 25.625390624999966
56.27851562500007 25.627734375000017
56.2978515625 25.65068359374999
56.36347656250001 25.569384765625017
56.37285156249999 25.01831054687503
56.38798828125016 24.979199218749955
56.352929687500136 24.973291015624994
56.31357421875009 24.931298828124966
56.26787109374999 24.866699218750057
56.204687500000034 24.83330078124999
56.15449218750018 24.795507812500006
56.10654296875009 24.748681640624994
56.06386718750002 24.73876953125
56.00839843750009 24.798242187499966
55.970312500000034 24.858935546875074
55.97968750000018 24.87207031249997
56.006347656250114 24.876416015624983
56.01669921875009 24.90771484374997
56.00058593750009 24.953222656250006
55.96308593750018 24.970263671875017
55.91582031250016 24.971777343750034
55.87070312500009 24.95141601562497
55.822851562500034 24.911279296874966
55.79570312499999 24.868115234374983
55.791601562500034 24.781298828125045
55.80419921874994 24.683593750000057
55.80390625000018 24.63623046875
55.77753906250001 24.577343749999983
55.76816406250009 24.490625
55.78681640625007 24.42353515625001
55.80400390624999 24.38354492187503
55.8056640625 24.349804687499983
55.76083984375009 24.24267578125
55.799707031250136 24.22265625000003
55.92861328125002 24.21513671874999
55.96630859374994 24.142626953125045
55.9921875 24.092968749999983
55.98515625000016 24.063378906249994
55.89414062500009 24.041406249999966
55.77910156249999 24.01708984374997
55.69658203125016 24.024121093749983
55.54785156249994 23.991357421874966
55.46845703125007 23.941113281249955
55.49179687500009 23.90966796875003
55.51933593749999 23.885498046875
55.531640625000136 23.819042968749955
55.50849609375001 23.72460937499997
55.46630859374994 23.632910156250034
55.413867187500045 23.51875
55.35322265625018 23.38745117187503
55.27021484375018 23.18994140625003
55.19990234375007 23.034765625000034
55.19218750000016 22.922949218750006
55.19404296875018 22.85
55.185839843750045 22.7041015625
55.11943359375016 22.623925781250023
55.10429687499999 22.621484374999966
55.025 22.631152343750074
54.99824218750018 22.634375
54.92246093750009 22.643652343750034
54.80488281250001 22.658007812500017
54.652246093750136 22.676660156249994
54.471679687500114 22.69873046874997
54.27011718750009 22.72333984375001
54.054589843750136 22.749658203124966
53.83212890625009 22.776806640624983
53.60957031250007 22.804003906250017
53.394042968750114 22.83032226562497
53.1923828125 22.85493164062501
53.01191406250018 22.877001953125045
52.859277343750136 22.895605468750034
52.741601562499966 22.910009765625034
52.66591796875002 22.919287109374977
52.63916015625 22.922509765624994
52.555078124999966 22.932812499999955
52.50957031250016 22.986962890624994
52.454589843750114 23.05244140625001
52.39960937500001 23.117968750000017
52.34453124999999 23.183496093749966
52.28955078125 23.248974609374983
52.23457031250007 23.314453125
52.179492187500045 23.379980468750034
52.124511718750114 23.445458984374966
52.06943359375009 23.51098632812497
52.01445312500016 23.57646484374999
51.95947265624994 23.641992187500023
51.904394531250034 23.70751953124997
51.849414062500045 23.77299804687499
51.794335937499966 23.838476562500006
51.73935546875009 23.90400390625004
51.68437500000016 23.969531250000045
51.629296875000136 24.035009765624977
51.59257812499999 24.07885742187503
51.572167968750136 24.128320312499994
51.56835937499994 24.257910156250006
51.56835937499994 24.28618164062499
51.60546874999994 24.33842773437499
51.623144531250034 24.301074218750017
51.664550781250114 24.250439453124983
51.734765625000136 24.262792968750034
51.76757812499994 24.25439453125
51.79169921875018 24.07475585937499
51.843164062499966 24.010888671874966
51.90605468749999 23.9853515625
52.118554687500136 23.971093750000023
52.25087890625002 23.995214843750034
52.51142578125018 24.1125
52.64824218750016 24.154638671875006
53.0263671875 24.147314453125034
53.32958984374994 24.098437500000017
53.80175781249994 24.069482421874994
53.89335937500016 24.077050781250023
54.14794921874994 24.171191406250017
54.304296875000034 24.25429687499999
54.39707031250009 24.278173828125063
54.458398437500136 24.358251953125034
54.498828125000045 24.46269531249999
54.53466796874994 24.530957031249955
54.580468750000136 24.563525390625017
54.62412109375009 24.621289062499955
54.65898437500016 24.715527343749983
54.74677734375018 24.810449218749966
55.098144531250114 25.041601562499977
55.30351562499999 25.23681640625003
55.321679687499966 25.2998046875
55.43339843749999 25.39448242187501
55.522851562500136 25.498144531249977
55.94121093750016 25.793994140625045
56.02519531250016 25.91601562500003
56.074609374999966 26.052783203125017
56.080468750000136 26.062646484374966
56.11650390624999 26.068164062500045
56.16748046875 26.047460937499977
56.17255859375007 25.945166015625034
56.15410156249999 25.848486328125034
56.151953125000034 25.74609374999997
56.144628906250034 25.690527343750006
56.18359375 25.644921874999966

56.240234375 25.208837890625034
56.281835937500034 25.235546874999955
56.28779296875018 25.278613281250017
56.27734375 25.300878906250034
56.23427734375002 25.303808593750006
56.21650390625001 25.266699218750006
56.210546875000034 25.213281249999966

