39.657226562500114 -7.990527343750017
39.636132812499966 -7.977832031250003
39.602929687499966 -7.936132812500034
39.660644531250114 -7.900585937499983
39.716601562500045 -7.831542968749957
39.846582031250136 -7.730273437500017
39.890917968750045 -7.663476562499994
39.907128906250136 -7.649218750000017
39.89775390624999 -7.728125
39.82441406250018 -7.900683593750003
39.761816406250034 -7.911914062499989
39.711328125000136 -7.977441406250009

39.57304687499999 -6.387402343749997
39.56318359375007 -6.427246093750028
39.509179687499966 -6.451660156250028
39.48095703125 -6.453710937500006
39.44736328125009 -6.419726562500003
39.423632812500045 -6.347851562500026
39.382617187500045 -6.36494140625004
39.31269531250018 -6.27910156249996
39.24345703124999 -6.275
39.18232421875018 -6.172558593750011
39.20625000000018 -6.083203125000011
39.192382812500114 -5.931054687500023
39.26699218750002 -5.853125
39.308984375000136 -5.72197265624996
39.35722656249999 -5.8115234375
39.368261718750034 -5.951171875000028
39.43330078125007 -6.115429687500011
39.48789062500009 -6.166210937499969
39.496484375000136 -6.174609374999989

39.870996093750136 -4.956542968749986
39.85566406250001 -5.004003906249977
39.85898437500009 -5.155175781250051
39.853027343750114 -5.255468749999963
39.795898437500114 -5.394433593750023
39.74931640625016 -5.443847656249972
39.70761718750009 -5.429492187499974
39.673437500000034 -5.406640625000023
39.646777343750045 -5.368554687499994
39.701074218749966 -5.113671875000023
39.673437500000034 -4.927050781250017
39.78076171874994 -4.94492187500002
39.86503906249999 -4.906152343750023

31.89990234375 -2.284179687500014
31.97451171875008 -2.265625
32.044531250000034 -2.24257812499998
32.06005859375 -2.265332031249997
32.05419921875006 -2.32832031250004
32.0375 -2.351074218749957
31.966015625000068 -2.365722656250014
31.91748046875 -2.372363281250031
31.89990234375 -2.442968750000034
31.848339843750068 -2.45449218749998
31.842578125000045 -2.38115234374996
31.78271484375 -2.320800781250014
31.790820312500045 -2.234082031250026
31.818261718750023 -2.191601562499983
31.84033203125 -2.215625
31.87558593750009 -2.264355468749969

33.02734375 -1.973437500000031
33.09716796875 -1.965429687500006
33.12011718750006 -2.01132812500002
33.140429687500045 -2.069140624999989
33.18291015624999 -2.116015625000031
33.1748046875 -2.159277343749963
33.12470703125001 -2.15781250000002
33.058886718750045 -2.134960937499983
32.98867187500002 -2.104980468750014
32.89863281250007 -2.084863281249994
32.851367187500045 -2.060546875000014
32.84707031250002 -1.97890625
32.82988281249999 -1.9375
32.88427734375006 -1.904492187500026
32.94863281250002 -1.901660156249974
32.97158203125008 -1.973242187499991

30.844726562500057 -1.00205078125002
30.949707031250114 -1.00205078125002
31.127539062500034 -1.00205078125002
31.30527343750009 -1.00205078125002
31.483105468750182 -1.00205078125002
31.660839843750068 -1.00205078125002
31.78110158819908 -1.00205078125002
31.78271484375 -1.00996093750004
31.804394531250068 -1.021679687500026
31.82890624999999 -1.012890625000011
31.849023437500023 -1.016503906250037
31.86074218750008 -1.043652343749969
31.865136718750023 -1.091796875000014
31.82587890625001 -1.35898437499999
31.81074218750001 -1.418554687499963
31.763281250000034 -1.491699218750028
31.66425781250001 -1.931933593750017
31.66376953125001 -2.016210937499949
31.675292968750057 -2.0796875
31.675 -2.276855468750028
31.701757812500034 -2.327832031250026
31.738867187500034 -2.356640625000026
31.766699218750034 -2.398730468749989
31.78125 -2.439550781249963
31.785937500000045 -2.465429687499991
31.735351562500057 -2.529687500000023
31.742773437500034 -2.566503906249977
31.76972656250001 -2.59707031249998
31.81494140625 -2.62089843749996
31.781640625000023 -2.693164062500017
31.78398437499999 -2.749902343750037
31.80146484375001 -2.790722656249997
31.81894531250009 -2.797949218749963
31.848242187500034 -2.705175781249977
31.884863281250034 -2.700390624999983
31.898046875000034 -2.680566406250037
31.917675781250068 -2.673925781250006
31.97050781249999 -2.75166015625004
32.00341796875 -2.756640624999989
31.978906250000023 -2.676855468749991
31.968652343750023 -2.608300781249966
31.986132812500045 -2.546679687500017
32.03076171875 -2.516210937500034
32.13027343750002 -2.537011718750009
32.15039062500006 -2.525
32.14052734375008 -2.486132812500031
32.096289062500034 -2.394042968750014
32.11445312500001 -2.37705078125002
32.17363281249999 -2.366015624999989
32.21064453125007 -2.309570312500028
32.24023437500006 -2.283007812499946
32.28310546875008 -2.282421875000011
32.31953125000001 -2.30390625000004
32.35693359375 -2.393945312499994
32.39160156250006 -2.422460937500034
32.43984375000002 -2.444335937499957
32.52128906249999 -2.453515624999966
32.53535156250001 -2.46220703124996
32.53535156250001 -2.494042968749952
32.54814453124999 -2.507714843749994
32.64355468750006 -2.438769531249974
32.67138671875006 -2.455664062499949
32.685351562500045 -2.490917968750026
32.702734375000034 -2.501660156249997
32.75136718750008 -2.513671874999957
32.81074218750001 -2.515039062499966
32.82421875 -2.543554687500006
32.814062500000034 -2.646875
32.861914062500034 -2.757324218749943
32.84755859375002 -2.797363281250028
32.76445312499999 -2.867089843750023
32.77343750000006 -2.91035156250004
32.76015625000002 -2.984863281250028
32.779882812500034 -2.97138671875004
32.89218750000009 -2.861816406250014
32.962695312500045 -2.848632812499986
32.94746093750007 -2.818261718750023
32.88417968750002 -2.664062499999957
32.89228515625001 -2.484179687499989
32.90791015625001 -2.449414062500011
32.94492187500009 -2.420507812499991
32.998828125000045 -2.40175781249998
33.067187500000045 -2.410351562499955
33.21015625000001 -2.488867187499963
33.415625 -2.53125
33.43740234375002 -2.521972656249957
33.44228515625008 -2.502441406249986
33.43232421875007 -2.459570312500034
33.51035156250009 -2.429882812500026
33.593847656250034 -2.357519531250034
33.76728515625001 -2.237988281250011
33.80898437500008 -2.192187500000017
33.8095703125 -2.15712890624998
33.79433593750002 -2.123339843750017
33.75273437499999 -2.111328124999972
33.58457031250009 -2.167578124999977
33.517187500000034 -2.162011718749994
33.275976562500034 -2.124023437499986
33.226367187500045 -2.095898437500026
33.23261718750007 -2.07158203124996
33.30019531250008 -2.02324218749996
33.37421875000007 -2.032421874999969
33.41230468750001 -1.997460937500037
33.524023437500034 -1.996386718750003
33.520605468750034 -1.979687499999969
33.49082031250009 -1.952832031250011
33.47753906250006 -1.927832031249977
33.45039062500001 -1.915234374999983
33.29785156250006 -1.921875
33.33115234375009 -1.86445312500004
33.36591796875007 -1.829980468750023
33.401660156250045 -1.81171875000004
33.48867187500002 -1.822167968750037
33.54638671875006 -1.799609374999974
33.59267578125008 -1.761132812500037
33.6015625 -1.690820312500009
33.67519531250008 -1.638476562500003
33.6669921875 -1.60400390625
33.64589843750008 -1.570898437500006
33.66787109375002 -1.506054687500026
33.68554687500006 -1.488085937500003
33.730273437500045 -1.480078124999977
33.79052734375006 -1.485449218750006
33.88916015625006 -1.512695312499957
33.92089843750006 -1.513769531250006
33.91533203124999 -1.495019531249994
33.82167968750008 -1.42460937499996
33.81552734375009 -1.405664062500009
33.82871093750009 -1.390136718749943
33.82851562500008 -1.363281249999986
33.84355468749999 -1.342089843750017
33.94199218750009 -1.33955078125004
33.951757812500034 -1.320898437499963
33.90693359375007 -1.278125
33.90273437500008 -1.246972656250009
33.931640625 -1.187792968750031
34.05587553631051 -1.04225273857341
34.13164062500016 -1.084570312500048
34.34472656249994 -1.203613281249957
34.55791015625016 -1.322558593750031
34.771093750000034 -1.44160156250004
34.984277343750136 -1.560546875000028
35.19746093750007 -1.679589843750037
35.410546875000136 -1.798632812500031
35.62373046875001 -1.91757812500002
35.836914062500114 -2.036621093750028
36.05000000000018 -2.155664062500037
36.263085937499966 -2.274609375000011
36.47636718749999 -2.3935546875
36.689453125 -2.512597656250009
36.90263671875016 -2.631640625000017
37.11582031250009 -2.750585937499991
37.329003906249966 -2.86962890625
37.54218750000018 -2.988574218749989
37.64384765624999 -3.045410156250014
37.659179687500114 -3.070019531249969
37.67685546875009 -3.178417968750026
37.687988281250114 -3.246191406249977
37.68183593750001 -3.305761718750034
37.625390624999966 -3.407226562500014
37.608691406250045 -3.460253906249974
37.608203125000045 -3.497070312500014
37.622070312500114 -3.511523437500031
37.67011718750001 -3.51679687500004
37.711035156250034 -3.54082031249996
37.72617187500009 -3.559765625
37.757421875000034 -3.636132812500023
37.79726562500002 -3.674414062500006
37.887304687500034 -3.739257812499972
38.04082031250016 -3.849804687500026
38.1943359375 -3.960351562499994
38.34785156250018 -4.070898437500034
38.50136718750002 -4.181445312500003
38.65488281250009 -4.291894531250037
38.808398437500045 -4.402441406249991
38.961914062500114 -4.512988281250045
39.11542968750007 -4.62353515625
39.19013671875018 -4.677246093750028
39.221777343750034 -4.6923828125
39.20185546875018 -4.776464843749991
39.12324218750001 -4.980468749999986
39.11875 -5.065429687499972
39.087988281250034 -5.165429687500009
39.05830078125007 -5.231542968749977
38.97822265625018 -5.5185546875
38.911035156249966 -5.625976562500043
38.81923828125002 -5.877636718749969
38.8046875 -6.070117187500017
38.85527343750016 -6.204882812500031
38.8740234375 -6.33125
38.981445312500114 -6.455078125000014
39.067382812500114 -6.499316406249974
39.12548828124994 -6.55595703124996
39.228417968749966 -6.685253906250011
39.28730468750018 -6.814941406249972
39.47236328125001 -6.878613281249969
39.54609375000001 -7.02402343750002
39.51923828125018 -7.124121093749977
39.43339843750016 -7.20703125
39.353125 -7.34140625000002
39.288476562500136 -7.517871093750003
39.28701171875002 -7.787695312499991
39.330468749999966 -7.746679687499977
39.42841796875001 -7.812792968750045
39.441015625000034 -8.011523437500031
39.34003906250007 -8.242871093749997
39.308984375000136 -8.350976562499994
39.30400390624999 -8.44384765625
39.377343750000136 -8.72080078125002
39.48837890625009 -8.861816406249972
39.48007812500009 -8.905957031249997
39.45126953125009 -8.942968749999977
39.64130859375018 -9.192480468750006
39.62548828124994 -9.409472656249989
39.696679687499966 -9.578417968750031
39.727929687500136 -9.724804687500011
39.77480468750002 -9.837109374999983
39.783789062500034 -9.914550781250028
39.725195312500034 -10.000488281249957
39.863769531250114 -10.021972656249986
39.945214843749966 -10.09228515625
39.98359375000018 -10.159570312500037
40.08369140625007 -10.156640624999966
40.13789062500018 -10.202636718750014
40.21601562500018 -10.240625
40.388769531250034 -10.353515625000028
40.43554687499994 -10.410253906250034
40.452539062500136 -10.442968750000034
40.46357421875018 -10.464355468749957
40.34746093750016 -10.5515625
40.16621093750018 -10.6875
39.988671875000136 -10.820800781250014
39.81708984375007 -10.912402343750017
39.694433593750034 -10.95478515625004
39.563476562500114 -10.978515624999986
39.43916015625007 -11.034570312500037
39.321582031250045 -11.122558593750028
39.17099609375009 -11.166894531249994
38.9875 -11.167285156249989
38.7947265625001 -11.228906250000023
38.6033203125001 -11.34531250000002
38.49179687500009 -11.413281250000011
38.31513671875018 -11.311132812499977
38.17656249999999 -11.278710937500037
38.01728515625007 -11.282128906250023
37.92021484374999 -11.294726562500017
37.88535156250009 -11.31669921874996
37.855078125000034 -11.379101562499969
37.82929687500001 -11.481933593749957
37.72480468750018 -11.580664062500006
37.54169921875018 -11.675097656249974
37.372851562500045 -11.710449218749972
37.21835937500009 -11.686523437499986
37.113867187500034 -11.647167968749969
37.05917968750009 -11.592187499999952
36.97890625000008 -11.566992187499977
36.87265625000009 -11.571289062499957
36.771093750000034 -11.610351562500014
36.673828125000114 -11.684277343749969
36.51865234375009 -11.716210937499994
36.30566406250006 -11.706347656250031
36.191308593750136 -11.67070312499996
36.17548828125007 -11.609277343749966
36.08222656250007 -11.537304687499969
35.91132812500007 -11.4546875
35.785449218750045 -11.452929687500003
35.70468750000009 -11.53212890624998
35.63095703125009 -11.582031250000014
35.56435546875002 -11.602343749999974
35.50439453125006 -11.604785156250031
35.45136718750007 -11.58955078125004
35.41826171874999 -11.583203124999983
35.18261718750006 -11.574804687499963
34.95947265625 -11.578125
34.95344241247392 -11.547801488439887
34.937011718750114 -11.46347656250002
34.890625 -11.393554687499986
34.850585937500114 -11.351953125000037
34.80087890625009 -11.340917968750006
34.773828124999966 -11.341699218749994
34.75214843750001 -11.309472656249994
34.726464843750136 -11.238183593750037
34.688476562500114 -11.177441406250011
34.638085937500136 -11.127148437499983
34.607910156250114 -11.08046875
34.59765625 -11.0375
34.60566406250001 -10.990234374999972
34.652343750000114 -10.87285156249996
34.66708984375009 -10.792480468750014
34.66181640625018 -10.710058593750006
34.63652343749999 -10.625585937500034
34.583593750000034 -10.525097656249983
34.58955078125001 -10.496191406249963
34.57158203124999 -10.427636718750023
34.569726562499966 -10.379687500000031
34.579980468750136 -10.31982421875
34.569921875000034 -10.241113281250037
34.524218750000045 -10.073144531250009
34.524218750000045 -10.030175781249966
34.475976562499966 -9.948828125
34.32783203125018 -9.756542968749997
34.32089843750009 -9.731542968749963
34.08857421875018 -9.537792968750011
33.99560546875 -9.495410156250003
33.96210937500018 -9.531738281250028
33.949609375000136 -9.565332031250037
33.959375 -9.627343749999966
33.95371093750009 -9.658203125000028
33.943945312500034 -9.672167968750031
33.88886718750018 -9.670117187499969
33.85419921875007 -9.662988281250037
33.766210937500034 -9.6109375
33.697656250000136 -9.598144531249972
33.52753906250001 -9.607519531250006
33.467773437500114 -9.619726562500006
33.42089843749994 -9.60800781250002
33.33085937499999 -9.519140625000034
33.22529296875018 -9.500488281249972
33.130468750000034 -9.495898437500003
32.974023437500136 -9.395019531249972
32.937304687500045 -9.399707031250045
32.91992187499994 -9.407421875000011
32.86328125000006 -9.380859375000014
32.75664062499999 -9.322265624999986
32.6083984375 -9.270507812500014
32.487109375000045 -9.21269531249996
32.43320312500009 -9.15634765625002
32.3193359375 -9.134863281249991
32.220898437500125 -9.125585937499977
32.12978515625002 -9.073339843749991
32.03535156250007 -9.067382812500014
31.942578125000068 -9.05400390624996
31.921875000000114 -9.019433593750023
31.918652343750182 -8.9421875
31.886132812500136 -8.921972656249963
31.818066406250125 -8.902246093750037
31.74472656250009 -8.903222656249966
31.7 -8.914355468750017
31.673632812500045 -8.908789062500034
31.612792968750114 -8.86328125
31.55625 -8.805468749999946
31.534863281250068 -8.71328125
31.449218750000114 -8.653906249999977
31.3505859375 -8.60703125000002
31.186038318103726 -8.609961228977866
31.18378906250001 -8.60234375
31.1513671875 -8.551074218749989
31.13779296875009 -8.500585937500006
31.14277343750001 -8.45078125
31.10166015625009 -8.384960937499983
31.014550781250023 -8.303027343749989
30.96396484375009 -8.238085937500003
30.949804687500034 -8.190039062499977
30.9482421875 -8.161523437500037
30.96220703124999 -8.13896484374996
30.957226562500068 -8.120507812500023
30.925390625000034 -8.09814453125
30.9125 -8.075
30.90595703125001 -8.037597656250014
30.82539062500001 -7.910546874999966
30.725 -7.701171874999943
30.645410156250023 -7.60996093750002
30.604101562500034 -7.541894531250009
30.58867187499999 -7.463867187500014
30.59902343750008 -7.37578125
30.576660156250057 -7.2763671875
30.521582031250034 -7.165527343749986
30.5125 -7.115625
30.52070312500001 -7.107324218750023
30.543457031250057 -7.103906250000037
30.56103515625 -7.065429687500014
30.563476562500057 -6.992675781250028
30.52802734375001 -6.922753906249994
30.454980468750023 -6.855566406249977
30.397753906250045 -6.778125
30.356445312500057 -6.69033203124998
30.299316406250057 -6.615820312499991
30.18222656250009 -6.509960937500011
30.16640625000008 -6.482617187500026
30.13701171874999 -6.464941406249977
30.09375 -6.457128906249991
30.02304687500009 -6.469042968750017
29.96513671874999 -6.500390625
29.94980468750009 -6.498046874999972
29.943457031250034 -6.479296874999974
29.82041015625009 -6.370019531250009
29.74794921875008 -6.28769531250002
29.722070312500023 -6.244140625000028
29.717382812500034 -6.196191406250037
29.728710937500068 -6.095410156250011
29.748046875 -6.030273437499986
29.775390625000057 -6.000683593749997
29.798437500000034 -5.989550781250031
29.817187500000045 -5.996679687499977
29.856445312500057 -5.979589843749963
29.916210937500068 -5.938378906249994
29.947851562500034 -5.898828125000023
29.951171875 -5.860937500000034
29.92363281249999 -5.771484375000014
29.865234375 -5.630468749999977
29.81240234375008 -5.527734375
29.75839843750009 -5.466894531249963
29.751953125 -5.405468749999969
29.773535156250034 -5.354394531249952
29.787890625000045 -5.263378906249969
29.80039062500009 -5.256835937499972
29.802636718750023 -5.168847656249994
29.816308593750023 -5.152050781250026
29.81269531250001 -5.109375
29.7919921875 -5.040917968750037
29.749121093750034 -4.984082031250011
29.684375 -4.939062499999977
29.637207031250057 -4.913476562500009
29.607812500000023 -4.907324218750006
29.600097656250057 -4.896386718749994
29.61396484375001 -4.880664062499989
29.607128906250068 -4.788769531250011
29.641406250000045 -4.48945312500004
29.647036429022478 -4.454387974947835
29.717773437500057 -4.455859374999946
29.769531250000114 -4.418066406249977
29.947265625 -4.307324218749983
30.147167968750068 -4.085351562499966
30.18710937500009 -3.99287109375004
30.2685546875 -3.850488281249994
30.34843749999999 -3.779785156249972
30.379101562500068 -3.730761718750017
30.4 -3.65390625
30.425000000000182 -3.588867187499986
30.529882812500034 -3.492480468749974
30.631933593750034 -3.418652343750026
30.624609375000034 -3.388671874999957
30.610937500000034 -3.36640625000004
30.62607421875009 -3.347363281249983
30.681835937500182 -3.309375
30.790234375000068 -3.274609375
30.811425781250023 -3.200585937500009
30.811132812500034 -3.116406250000011
30.79355468750009 -3.069335937500014
30.796875 -3.015136718749986
30.780273437500057 -2.984863281250028
30.709472656250114 -2.977246093749983
30.60429687499999 -2.935253906249955
30.515039062500136 -2.917578125
30.45556640625 -2.893164062500006
30.433496093750136 -2.874511718750014
30.424023437500068 -2.824023437500031
30.441308593750023 -2.769042968750028
30.450488281250045 -2.753222656250003
30.473339843750068 -2.6943359375
30.434375 -2.658886718749969
30.42421875000008 -2.6416015625
30.44199218750009 -2.61347656250004
30.533691406250114 -2.42626953125
30.55361328125008 -2.400097656249997
30.59335937500009 -2.396777343750031
30.656640625000023 -2.373828124999974
30.714843750000057 -2.363476562499997
30.762500000000102 -2.371679687499991
30.79765625000016 -2.362695312500023
30.82871093750009 -2.338476562499977
30.854980468750114 -2.265429687500017
30.876562500000034 -2.143359375000017
30.864648437500023 -2.044042968750034
30.819140625000045 -1.967480468749969
30.806738281250034 -1.850683593749977
30.827539062500023 -1.69365234374996
30.81259765625009 -1.563085937500006
30.762207031250114 -1.458691406249969
30.71074218749999 -1.396777343749974
30.631933593750034 -1.367480468749946
30.508105468750045 -1.208203125000011
30.470214843750057 -1.131152343750031
30.477050781250114 -1.0830078125
30.509960937500068 -1.067285156249994
30.519921875000136 -1.0625
30.598730468750034 -1.069726562500037
30.672753906250023 -1.051367187500034
30.741992187500102 -1.007519531249983
30.80917968750009 -0.994921874999989
30.823632812500023 -0.999023437500028

