-53.177734375 -32.67880859375002
-53.21704101562503 -32.707226562500026
-53.26508789062504 -32.73310546874997
-53.30156250000002 -32.760742187500014
-53.31279296874999 -32.79316406250004
-53.31308593749995 -32.834277343749974
-53.323144531249966 -32.882714843749994
-53.35449218749994 -32.92587890624999
-53.406152343749994 -32.95410156249997
-53.472802734374994 -32.95878906250003
-53.54609374999998 -33.024414062499986
-53.599511718749966 -33.078710937500034
-53.62421875000001 -33.13574218750003
-53.62016601562499 -33.19121093749996
-53.60424804687503 -33.24218750000004
-53.58637695312504 -33.29873046875001
-53.577490234375006 -33.367578125
-53.57348632812497 -33.43330078124998
-53.567285156249966 -33.48251953124998
-53.55717773437493 -33.51464843750003
-53.54379882812498 -33.53945312500002
-53.53319215179084 -33.54781549010981
-53.53764648437496 -33.62285156249996
-53.53134765624992 -33.65546875000004
-53.51884765624996 -33.67724609375003
-53.46357421874998 -33.70986328125001
-53.39755859374992 -33.737304687500014
-53.37060546874994 -33.74218750000003
-53.419580078124966 -33.77919921875002
-53.47246093750002 -33.84931640625
-53.53452148437495 -34.01748046874998
-53.74291992187494 -34.24951171875
-53.785302734374966 -34.380371093750014
-54.01025390624997 -34.51699218750005
-54.16855468749998 -34.670703125
-54.27211914062502 -34.66689453125004
-54.365332031250006 -34.73271484375003
-54.90229492187498 -34.932812500000026
-55.095117187499994 -34.89511718749999
-55.23789062499995 -34.89580078125003
-55.37060546875 -34.807617187500014
-55.67314453124999 -34.77568359374999
-55.86293945312502 -34.8109375
-56.117919921875 -34.90791015625001
-56.19462890625002 -34.90644531249998
-56.24995117187498 -34.901269531249994
-56.38784179687502 -34.86103515624997
-56.46308593749998 -34.775390625000014
-56.85517578125001 -34.67666015624998
-57.17070312499999 -34.452343750000026
-57.54345703125 -34.44804687500003
-57.8291015625 -34.47734375
-57.87324218750004 -34.44765625000004
-57.90214843749996 -34.39013671874996
-57.96123046875002 -34.306933593749974
-58.20703125 -34.10908203124998
-58.40019531250002 -33.912402343749974
-58.43813476562502 -33.71914062500004
-58.411328124999955 -33.50888671875002
-58.35336914062498 -33.26005859375003
-58.363525390625 -33.18232421875001
-58.29218750000004 -33.13798828125003
-58.22158203124994 -33.1291015625
-58.15356445312494 -33.06464843750001
-58.092675781249966 -32.967382812500006
-58.08232421874999 -32.89365234374999
-58.12958984375004 -32.75722656250001
-58.16220703124992 -32.56650390624996
-58.20117187499997 -32.4716796875
-58.12304687499994 -32.321875
-58.11972656249998 -32.24892578125001
-58.164794921875 -32.18486328125002
-58.177001953125 -32.11904296875002
-58.15634765624998 -32.05156250000003
-58.160400390625 -31.986523437500026
-58.18901367187496 -31.924218750000023
-58.16748046875003 -31.87265625
-58.095849609374994 -31.83183593750003
-58.04233398437492 -31.769238281249983
-58.00698242187502 -31.68496093750005
-57.98886718749998 -31.620605468749986
-57.987988281249955 -31.576171875
-58.00966796874994 -31.534375
-58.053857421874966 -31.49492187499996
-58.03339843749998 -31.41660156249999
-57.94833984374998 -31.29941406250002
-57.89335937499996 -31.19531250000003
-57.86840820312503 -31.10439453124998
-57.87006835937501 -31.03105468749996
-57.89829101562498 -30.97519531250005
-57.88632812499995 -30.93740234374998
-57.83408203124995 -30.917480468750014
-57.81059570312496 -30.85859375
-57.81855468749998 -30.712011718749977
-57.87250976562498 -30.591015625000026
-57.831201171874994 -30.495214843749963
-57.71269531250002 -30.38447265625004
-57.65087890625003 -30.295019531250034
-57.64575195312497 -30.226953125000023
-57.60888671875 -30.18779296875003
-57.55229492187502 -30.261230468749986
-57.38383789062499 -30.280664062500037
-57.21445312499995 -30.28339843749997
-57.18691406250002 -30.26484375000001
-57.120507812499994 -30.144433593749994
-57.03271484374994 -30.10996093749999
-56.93725585937494 -30.101074218749957
-56.83271484374998 -30.10722656249996
-56.7216796875 -30.186914062500037
-56.40722656249997 -30.447460937499997
-56.176171874999966 -30.62841796875
-56.10585937499994 -30.71376953124998
-56.04482421874994 -30.77763671875003
-55.998974609374926 -30.837207031250003
-56.018457031249994 -30.991894531249983
-56.01552734375002 -31.05966796875002
-56.00468749999993 -31.079199218750006
-55.95200195312495 -31.08085937499999
-55.873681640624994 -31.069628906250003
-55.807763671874966 -31.036718749999963
-55.75634765624997 -30.98710937499999
-55.70595703125002 -30.94658203124999
-55.66523437499998 -30.924902343750006
-55.650488281250006 -30.892089843749986
-55.627148437499955 -30.858105468749997
-55.60302734375 -30.85078125000001
-55.557324218749926 -30.875976562499986
-55.449560546875006 -30.96445312499999
-55.36606445312495 -31.04619140625003
-55.34550781249993 -31.09296874999997
-55.31328125 -31.141699218750034
-55.278955078124966 -31.18417968749999
-55.254638671875 -31.225585937499986
-55.17353515624998 -31.279589843749974
-55.091162109375006 -31.313964843749957
-55.036035156249966 -31.279003906250026
-54.89599609375003 -31.391210937499977
-54.587646484375 -31.485156250000017
-54.530908203124994 -31.541992187499957
-54.477685546874994 -31.622753906249983
-54.36992187499996 -31.745019531250023
-54.220556640625006 -31.855175781249997
-54.10043945312495 -31.901562500000026
-53.98515625000002 -31.928125
-53.92060546875001 -31.952343749999983
-53.87651367187499 -31.994531249999966
-53.806103515624955 -32.03994140624998
-53.76171874999997 -32.05683593750004
-53.74658203124997 -32.097460937499974
-53.701123046874955 -32.18632812499996
-53.65361328124996 -32.29873046875004
-53.601708984374966 -32.40302734374997
-53.489404296874994 -32.50322265625003
-53.362744140624955 -32.58115234375002
-53.23125 -32.625390624999966
-53.168531923434244 -32.67175646378132

