71.75292968750011 39.907128906249966
71.70585937499999 39.91743164062504
71.66894531250006 39.94609375000002
71.68125 39.968652343749994
71.73652343750007 39.98095703125
71.76533203125007 39.993261718750034
71.78994140625002 39.99531249999998
71.77968750000014 39.95024414062496

71.15625 39.88344726562502
71.06425781250016 39.884912109374966
71.01171875000011 39.895117187500006
71.04365234375001 39.97631835937503
71.04482421875008 39.99252929687506
71.04101562500011 39.99492187500002
71.01445312500005 40.005761718749994
70.97441406250005 40.03886718749999
70.96064453125018 40.087988281250034
70.97626953125007 40.13325195312504
71.00546875000003 40.15229492187501
71.02412109375001 40.149169921875
71.08037109375005 40.07988281249999
71.13027343750008 40.05966796875006
71.22871093750007 40.04814453125002
71.17929687500003 39.979833984375034
71.215625 39.90678710937499
71.20615234375009 39.89257812500003

58.315722656250045 44.42631835937496
58.36855468750008 44.42924804687502
58.46533203125006 44.461035156250034
58.513769531250034 44.490869140624966
58.57763671875 44.54672851562498
58.6943359375 44.67739257812505
58.68935546875002 44.69291992187502
58.62539062500008 44.703466796875034
58.61240234375009 44.72114257812498
58.62734375000002 44.75468749999999
58.64843750000006 44.77265625000001
58.67578125 44.77514648437497
58.69560546874999 44.76586914062503
58.7080078125 44.744726562500006
58.731542968750034 44.73852539062497
58.76640624999999 44.74726562499998
58.77382812500002 44.76396484375002
58.75390625000006 44.78876953125001
58.74218750000006 44.83598632812502
58.73847656250001 44.90546874999998
58.74843750000008 44.94208984374998
58.77197265625 44.94584960937502
58.79238281250008 44.97124023437496
58.81289062500008 45.04453125000006
58.8017578125 45.04951171875001
58.662109375 44.98618164062498
58.64716796875007 44.99365234375
58.65029296875008 45.02216796875004
58.67138671875 45.07182617187502
58.71357421875001 45.11962890625
58.776953125000034 45.16557617187502
58.79052734375006 45.200341796874994
58.75458984375001 45.22392578125002
58.728515625 45.27543945312502
58.71230468750002 45.354833984375034
58.72285156250001 45.42626953125003
58.74845301683456 45.46969817629915
58.807031250000136 45.44179687499999
58.94511718749999 45.3759765625
59.083398437500136 45.310205078124994
59.22148437499999 45.24443359375002
59.35957031250018 45.17861328125002
59.434514017608365 45.14296738761277
59.38144531250009 45.04140625000005
59.26103515624999 44.85644531250003
59.20214843750006 44.74536132812503
59.20458984375 44.708105468750006
59.24052734374999 44.65468750000005
59.310156250000034 44.585205078125
59.64863281250007 44.34033203125003
59.648046875000034 44.319873046875045
59.566992187500034 44.24257812500002
59.53974609375001 44.197900390624966
59.529882812500034 44.16875
59.541015625 44.14824218749999
59.717871093750034 44.16313476562499
59.81093750000002 44.182373046875
59.92080078125002 44.234521484374966
59.93574218750001 44.25317382812503
59.928320312500034 44.268652343750006
59.8984375 44.281054687500045
59.88574218750006 44.29692382812499
59.89013671875006 44.316162109375
59.919921875 44.32919921874998
59.97519531250009 44.335986328125045
60.013281250000034 44.36206054687503
60.034375 44.40737304687502
60.02851562500001 44.484375
59.99570312500009 44.59296874999998
59.998144531250034 44.670263671875006
60.03593749999999 44.716210937499966
60.05517578125 44.84125976562504
60.055313028753176 44.84736645272335
60.188476562500114 44.78398437499999
60.326660156250114 44.71821289062501
60.464746093749966 44.652441406250034
60.602929687499966 44.58662109375004
60.741113281249966 44.520849609375034
60.879199218750045 44.45507812499997
61.007910156250034 44.393798828125
61.065332031250136 44.348388671875
61.09707031250002 44.24824218750001
61.160742187500034 44.168603515624966
61.271484375000114 44.08227539062503
61.38505859375016 43.99394531249999
61.52587890625 43.877197265625
61.62363281250009 43.79619140625002
61.723242187500034 43.71357421874998
61.887597656250136 43.577246093750006
61.990234375 43.49213867187498
62.07197265625001 43.489355468750034
62.23789062500009 43.50957031249999
62.459375 43.53662109375
62.63447265625007 43.558007812499994
62.846191406250114 43.58388671875002
63.047656250000045 43.60849609374998
63.20703125 43.62797851562496
63.444824218750114 43.613232421874955
63.679687500000114 43.5986328125
63.84814453124994 43.588134765625
64.01328125000003 43.577832031249955
64.20878906250016 43.56572265624996
64.31816406250016 43.558935546875006
64.44316406250005 43.55117187500002
64.49609375 43.571630859375006
64.60410156250003 43.61347656250001
64.70605468750011 43.652978515624966
64.81181640625016 43.69394531249998
64.90546875000007 43.714697265625034
65.003125 43.649072265624994
65.08486328125002 43.57368164062498
65.17089843749994 43.49418945312496
65.27050781250011 43.41752929687496
65.36650390625005 43.37202148437504
65.49619140625003 43.31054687500003
65.57070312500014 43.20517578124998
65.67021484375016 43.06459960937502
65.73564453124999 42.97211914062501
65.80302734375016 42.87695312499997
65.90107421875001 42.91450195312498
66.00566406250005 42.95458984374997
66.10029296875001 42.990820312500006
66.08886718750011 42.87338867187506
66.07851562500014 42.76665039062499
66.06269531250018 42.605175781249955
66.04980468749994 42.47275390624998
66.01552734374997 42.314794921875034
66.01318359374994 42.19448242187502
66.01123046875011 42.088769531249994
66.00957031250005 42.00488281250003
66.19316406250005 42.001123046874994
66.32880859375007 41.99833984374996
66.49863281250009 41.99487304687503
66.51503906249997 41.88940429687497
66.53789062499999 41.74125976562499
66.57255859375016 41.60698242187499
66.60166015625003 41.49433593750004
66.64531250000016 41.3486328125
66.66865234375018 41.27075195312506
66.70966796875018 41.179150390624955
66.74980468749999 41.15708007812498
66.81425781249999 41.14238281250002
67.03867187500009 41.1533203125
67.225 41.162353515625
67.37158203125011 41.169531250000034
67.52802734375001 41.177148437499994
67.73505859375018 41.187255859375
67.80507812499997 41.163916015625034
67.86572265625 41.180273437500006
67.93574218750001 41.196582031250045
67.99140625000018 41.130029296874966
68.01972656250018 41.09624023437502
68.059375 41.061279296875
68.11308593750005 41.02861328125002
68.09033203125011 40.96025390625002
68.05703125000014 40.86059570312497
68.04765624999999 40.80927734375001
68.11230468749994 40.75405273437502
68.16025390625003 40.721777343750034
68.29189453125014 40.65610351562498
68.4150390625 40.61943359374996
68.49570312500009 40.60864257812497
68.57265625000014 40.62265625
68.60068359375003 40.65996093749996
68.59365234375014 40.711279296875006
68.55654296875014 40.76513671874997
68.55927734375007 40.82929687499998
68.58408203125003 40.87626953124996
68.66279296875018 40.961523437500006
68.73710937500016 41.041894531249966
68.85117187500003 41.12382812499996
68.98691406250003 41.20502929687498
69.04345703125011 41.26411132812501
69.06494140624994 41.366943359375
69.15361328124999 41.42524414062498
69.24931640625005 41.46025390625002
69.36835937500007 41.49057617187498
69.40097656250003 41.54189453125005
69.56513671875018 41.62905273437502
69.66386718750005 41.672119140625
69.78808593750011 41.69731445312499
69.95996093749994 41.754052734374994
70.09560546874997 41.820507812499955
70.22587890625005 41.945996093749955
70.32890625000016 42.02797851562502
70.41601562499994 42.078564453124955
70.48906249999999 42.080273437499955
70.54013671875003 42.039453124999966
70.58427734375016 42.036035156249994
70.61328125000011 42.05473632812499
70.6625 42.10747070312499
70.71523437499997 42.16865234375001
70.76455078125002 42.19418945312498
70.8603515625 42.207226562499955
70.94677734375011 42.248681640624966
70.97900390625 42.266552734374955
71.03603515625008 42.28466796875003
71.12998046875003 42.25
71.21269531249999 42.206445312499966
71.23232421875002 42.18627929687506
71.22851562500011 42.16289062499999
71.03222656250011 42.077783203124966
70.91035156250007 42.03798828125002
70.85664062500001 42.03081054687499
70.84189453125003 42.019628906250034
70.80332031250009 41.92265624999999
70.72773437500007 41.90522460937498
70.63085937500006 41.87548828124997
70.56289062500014 41.830810546875
70.45498046875008 41.725048828124955
70.18095703125005 41.57143554687502
70.17695312500001 41.53999023437501
70.20087890625013 41.514453125000045
70.29003906250006 41.496826171875
70.40781250000009 41.44956054687506
70.47138671875007 41.41264648437499
70.64589843750008 41.46035156250002
70.68886718750014 41.449804687500006
70.734375 41.40053710937502
70.78242187500007 41.2625
70.86044921875009 41.22490234375002
70.96259765625001 41.19599609375001
71.02597656250003 41.186572265625045
71.11074218750002 41.15263671874996
71.22343750000005 41.139941406250045
71.29882812500006 41.15249023437502
71.39306640625006 41.123388671875034
71.40839843750007 41.136035156250045
71.42089843750006 41.34189453125006
71.50000000000011 41.30747070312498
71.54560546875007 41.30805664062501
71.58554687500003 41.333251953125
71.60625 41.36743164062503
71.61962890625006 41.43544921875002
71.60224609375007 41.50327148437498
71.6375 41.53417968749997
71.66494140625014 41.54121093749998
71.68515625000003 41.53300781250002
71.69726562500006 41.51557617187501
71.70068359375011 41.454003906249994
71.75771484375002 41.42802734375002
71.79248046875 41.41313476562502
71.82578125000003 41.361035156249955
71.85800781250003 41.31137695312506
71.87861328125001 41.19501953124998
71.95849609375006 41.18706054687496
72.05244140625001 41.16474609375004
72.11542968750007 41.186572265625045
72.16425781250007 41.173730468749994
72.18095703124999 41.11845703125002
72.18066406250011 41.06684570312498
72.18730468750016 41.02592773437499
72.21308593750007 41.014257812500006
72.29492187500011 41.039941406249994
72.36406249999999 41.04345703125
72.42734375000009 41.018945312499994
72.50595703125003 40.98168945312503
72.62041015624999 40.8837890625
72.65830078125009 40.86992187500002
72.83095703125008 40.862158203125034
72.86660156250008 40.84233398437499
72.92597656250018 40.842431640624994
72.99003906250005 40.86010742187506
73.13212890625005 40.82851562500002
73.13691406250007 40.810644531250006
73.11289062500003 40.786035156249966
72.77382812500008 40.65039062500006
72.74882812500016 40.60869140624999
72.67958984375008 40.55561523437501
72.60410156250003 40.52543945312499
72.56748046875003 40.524365234374955
72.40205078125007 40.57807617187498
72.38261718750016 40.56513671875001
72.36904296875014 40.54345703125003
72.36972656250009 40.51972656249998
72.40595703125007 40.46308593749998
72.38925781250009 40.427392578124994
72.35771484375005 40.40166015624999
72.25400390625003 40.424218749999966
72.23466796874999 40.438623046874994
72.23281250000008 40.45439453124999
72.19287109375011 40.454443359375006
72.13125 40.438623046874994
72.01259765625008 40.34072265625002
71.97109375000014 40.28950195312498
71.95566406250003 40.25859374999999
71.90273437500008 40.24096679687503
71.84541015625001 40.23432617187501
71.77265625000001 40.18803710937499
71.69248046875003 40.15234375
71.66679687500016 40.17861328125002
71.65087890625011 40.20800781249997
71.6298828125 40.21713867187498
71.58046875000014 40.21025390624999
71.52041015625008 40.208984375
71.45742187500014 40.24199218749999
71.37617187500007 40.27519531249999
71.30468750000011 40.28691406249999
71.09453124999999 40.271240234375
70.99062500000014 40.25488281250003
70.9580078125 40.23886718750006
70.89941406249994 40.23457031249998
70.653125 40.201171875
70.60273437500018 40.21416015624999
70.56582031250002 40.26713867187496
70.53359375000014 40.32451171875002
70.46992187500001 40.345361328124994
70.39824218750016 40.36137695312496
70.37158203124994 40.38413085937498
70.36972656250003 40.412011718749966
70.37714843750001 40.43925781250002
70.38261718749999 40.45351562499999
70.54882812500011 40.56279296874996
70.69833984375003 40.66118164062502
70.71201171875003 40.66909179687505
70.72558593749994 40.68779296875002
70.75107421875003 40.721777343750034
70.7509765625 40.739599609375006
70.63916015624994 40.77856445312506
70.63476562500011 40.79658203124998
70.65732421875009 40.81508789062502
70.65732421875009 40.83964843749996
70.57822265625003 40.911474609375034
70.44150390625009 41.02343750000003
70.40195312500003 41.03510742187501
70.37265625000003 41.02763671874999
70.31894531250009 40.91923828125002
70.29208984375003 40.891699218750006
70.13632812500009 40.820410156250034
70.00566406250005 40.77143554687501
69.77324218750005 40.68427734375001
69.712890625 40.65698242187497
69.67080078125014 40.661962890625006
69.62841796875011 40.679052734375034
69.49824218750001 40.76708984375003
69.41386718750016 40.79716796875002
69.35722656249999 40.76738281249999
69.309375 40.72392578125002
69.31396484375 40.63476562499997
69.25996093750018 40.58764648437497
69.20625 40.56655273437502
69.30419921875011 40.32739257812497
69.29443359375 40.29658203125001
69.21953124999999 40.28813476562496
69.27490234375011 40.198095703125006
69.22832031250005 40.187597656250006
69.1103515625 40.20874023437506
68.95175781250009 40.22260742187504
68.65253906250007 40.18266601562496
68.63066406250005 40.167089843750006
68.62246093750014 40.14726562499996
68.63974609375003 40.12919921875002
68.78457031250014 40.12709960937502
68.92685546875009 40.136328125000034
68.96601562500007 40.11958007812501
68.97207031250014 40.089941406250006
68.95566406250009 40.07133789062502
68.90849609375016 40.068212890625006
68.80468749999994 40.05034179687502
68.79277343750005 40.031494140625
68.78945312500014 40.01333007812502
68.82441406250018 39.96079101562498
68.86386718750003 39.92734375
68.86875 39.90747070312503
68.85224609375007 39.89096679687506
68.83242187500002 39.884326171875045
68.79765625000005 39.90913085937501
68.77783203125011 39.904199218749994
68.76796875000014 39.88183593749997
68.75820312500002 39.855566406250034
68.73525390625014 39.83623046875002
68.68691406250014 39.846289062500006
68.63896484375005 39.8388671875
68.6103515625 39.74326171874998
68.58613281250001 39.634960937499955
68.50693359375003 39.56279296874999
68.46328125000014 39.53671875
68.39902343750009 39.52885742187499
68.30302734375016 39.537695312500034
68.24492187500016 39.548291015624955
68.0771484375 39.56416015625001
67.90859375000002 39.59379882812499
67.71904296875005 39.62138671875002
67.54248046875011 39.5576171875
67.49169921875 39.51875
67.45957031250003 39.48242187500006
67.42617187500014 39.465576171875
67.34960937500011 39.24208984375002
67.35761718750001 39.216699218749994
67.40039062499994 39.196679687499994
67.61650390624999 39.150292968749966
67.64833984375002 39.131054687499955
67.66728515625016 39.109179687500045
67.67656249999999 39.008496093749955
67.69443359375009 38.99462890624997
67.7685546875 38.98222656250002
67.87568359375007 38.983007812500006
67.95957031250009 38.99291992187497
68.04433593750014 38.98359375000004
68.10351562500011 38.96201171874998
68.13251953125018 38.927636718749994
68.14853515625003 38.890625
68.04785156249994 38.669287109375034
68.05595703124999 38.58891601562499
68.08720703125016 38.47353515625002
68.14414062500003 38.38310546874999
68.25136718750014 38.29453124999998
68.33310546875009 38.23779296874997
68.35029296875001 38.211035156250034
68.3544921875 38.16953125
68.34121093750014 38.116796875
68.29404296875003 38.03291015624998
68.23652343750001 37.95966796874998
68.17402343750018 37.92841796875001
68.08759765625018 37.83544921874997
68.01093750000018 37.720947265625
67.86357421875016 37.57070312500005
67.81435546875002 37.487011718749955
67.79804687500007 37.244970703125034
67.75898437500007 37.172216796875034
67.75292968750011 37.19980468749998
67.7 37.22724609374998
67.60742187500011 37.22250976562498
67.54648437500003 37.23564453124999
67.51728515625007 37.26665039062502
67.44169921875005 37.25800781250001
67.31972656250014 37.209570312500006
67.19550781250007 37.235205078125006
67.06884765625011 37.334814453125034
66.82773437500009 37.37128906250001
66.52226562500005 37.34848632812498
66.51064453125014 37.458691406249955
66.51132812500003 37.59916992187499
66.52558593750018 37.78574218749998
66.62929687499997 37.93203125000002
66.62636718750002 37.95986328125002
66.60625000000016 37.986718749999966
66.57451171874999 38.01079101562499
66.38974609375003 38.050927734374994
66.33535156250014 38.072167968749966
66.26367187500011 38.118066406249994
66.17314453125005 38.166699218749955
66.09482421875009 38.20014648437501
65.97119140625011 38.244238281250034
65.85712890625007 38.26875
65.79023437500018 38.25004882812499
65.72851562499994 38.226367187500045
65.67089843749994 38.225732421874994
65.61289062500003 38.238574218750045
65.39960937500018 38.34882812500004
65.07666015625011 38.539453124999966
64.82070312500014 38.67246093749998
64.65996093750016 38.736035156249955
64.621875 38.756445312500034
64.53164062500014 38.816210937500045
64.30996093749997 38.977294921875
64.16279296875001 38.95361328125006
63.952539062499966 39.05834960937497
63.763671875 39.16054687500002
63.720800781250034 39.18813476562505
63.50605468750018 39.377099609374994
63.291894531250136 39.49951171874997
63.058105468750114 39.633154296875034
62.906835937500034 39.716796875
62.65068359375016 39.858496093750006
62.525488281250034 39.94409179687503
62.48320312500016 39.97563476562499
62.44160156250001 40.03623046874998
62.375 40.332080078125045
62.29804687500018 40.46748046875001
62.18847656249994 40.54121093750001
62.095019531250045 40.68330078125001
62.01757812499994 40.893798828125
61.953515625000136 41.03061523437498
61.902832031250114 41.093701171874955
61.799902343750034 41.163427734375034
61.64453125 41.23984375000006
61.496972656250136 41.27607421874998
61.44365234374999 41.27460937500004
61.417382812499966 41.26513671874997
61.3875 41.25214843749998
61.32890624999999 41.19511718749999
61.24238281250007 41.18920898437503
61.17929687500009 41.190576171874966
61.11992187500016 41.21088867187501
60.933203125000034 41.22900390624997
60.8671875 41.248681640624994
60.754882812500114 41.24575195312502
60.513574218749966 41.216162109375034
60.454980468750136 41.22163085937498
60.20000000000016 41.348974609375006
60.089648437500045 41.39941406249997
60.067382812500114 41.42734374999998
60.068750000000136 41.476220703124994
60.10605468750009 41.54521484375002
60.137988281250045 41.59414062500002
60.124023437500114 41.64497070312498
60.07558593750002 41.700537109375034
60.07558593750002 41.759667968749994
60.10859375000018 41.79267578124998
60.176367187500034 41.78227539062499
60.200781250000034 41.803125
60.19208984375001 41.834423828124955
60.15556640625016 41.857031250000034
60.106933593750114 41.90742187499998
59.96259765625018 41.95439453124996
59.941796875000136 41.973535156249966
59.949316406250034 41.99541015624996
59.974121093750114 42.01879882812503
59.97919921875018 42.068066406249955
59.98164062500007 42.13173828125002
60.00078125000016 42.16474609375001
60.00605468750007 42.190820312499994
59.98515625000016 42.21171874999999
59.936523437500114 42.236035156249955
59.858300781249966 42.29516601562503
59.76259765625002 42.30156249999999
59.451074218750136 42.29951171875001
59.35429687500016 42.32329101562499
59.27656250000001 42.35615234375001
59.199121093749966 42.481689453125
59.15957031250002 42.51142578125004
59.123144531250034 42.52377929687498
59.03583984375001 42.528125
58.93085937500001 42.54028320312506
58.876953125 42.56147460937501
58.72998046874994 42.67617187500002
58.58906250000001 42.778466796874994
58.532324218750034 42.68193359374996
58.477148437500034 42.66284179687497
58.353125 42.671728515625006
58.259667968749966 42.688085937500034
58.206445312499966 42.66630859374996
58.15156250000018 42.628076171874994
58.162011718749966 42.60297851562504
58.204101562500114 42.57636718750001
58.288671875000034 42.52729492187498
58.41816406250001 42.40668945312501
58.476953125000136 42.34013671874996
58.48583984374994 42.31684570312501
58.474414062500045 42.29936523437499
58.45703124999994 42.29179687499996
58.43144531250016 42.292089843750006
58.39707031250009 42.29248046875
58.37714843750001 42.31245117187498
58.37050781250002 42.34677734374998
58.32724609375009 42.39892578125003
58.28291015625018 42.428857421874994
58.23408203125018 42.44770507812501
58.165625 42.461572265624994
58.075488281250045 42.48652343750001
58.028906250000034 42.48764648437498
57.983496093750034 42.45878906249996
57.945703124999966 42.42001953124998
57.923437500000034 42.335205078125
57.85595703125 42.231054687500006
57.81425781249999 42.189843749999966
57.686132812500034 42.16479492187503
57.61798562461735 42.16289283482146
57.54980468750006 42.26069335937501
57.39228515625001 42.334912109374955
57.27265625000007 42.303320312500006
57.182714843750034 42.185351562500045
57.09375 41.968408203124966
57.08869356964607 41.94395858710325
57.03369140625 41.91484374999999
56.96406250000018 41.856542968750006
56.98486328125 41.669335937499966
57.01816406250009 41.450585937499994
57.076660156250114 41.389990234375006
57.113867187500034 41.37177734375001
57.11884765625018 41.35029296874998
57.09482421875009 41.33129882812503
57.06425781250016 41.30727539062502
57.017968749999966 41.26347656249999
56.965820312500114 41.26513671874997
56.860839843750114 41.27612304687497
56.77363281250001 41.287988281249994
56.479882812500136 41.300634765625006
56.24199218750016 41.31083984374996
55.97744140625002 41.322216796874955
55.97734375000016 41.5517578125
55.977148437500034 41.78134765624998
55.977050781250114 42.01088867187502
55.976953124999966 42.24042968749998
55.97685546875016 42.46997070312503
55.97675781250001 42.69951171874999
55.976660156250034 42.929052734375034
55.9765625 43.158593749999966
55.976464843749966 43.38808593750002
55.97636718750016 43.61762695312498
55.97626953125001 43.84721679687502
55.97617187500009 44.07675781249998
55.97607421875 44.30629882812502
55.975976562500136 44.53583984374998
55.97578125000018 44.76538085937503
55.97568359375009 44.99492187499999
56.10048828125002 45.02338867187501
56.257910156250034 45.05932617187497
56.409179687500114 45.09379882812496
56.58876953125002 45.13476562499997
56.79189453125002 45.181054687499994
56.96503906250001 45.220605468749966
57.171679687500045 45.267724609374966
57.32929687500018 45.30366210937501
57.477343750000045 45.33745117187496
57.66669921875007 45.37744140625003
57.96103515625009 45.439697265625
58.12519531250001 45.47436523437497
58.29111328125009 45.509423828124994
58.44941406250018 45.54291992187498
58.55527343750009 45.555371093749955
58.59036182976246 45.54061527930628
58.588671875000045 45.53706054687504
58.56005859375 45.45722656250001
58.51357421875002 45.38569335937501
58.44921875000006 45.322412109374994
58.40410156249999 45.25302734374998
58.37832031250008 45.17753906249999
58.27216796875007 44.98168945312506
58.238085937500045 44.903125
58.23212890625007 44.85131835937503
58.2509765625 44.78642578124996
58.29462890625001 44.708349609375034
58.29667968749999 44.638427734375
58.25712890624999 44.57656250000002
58.24287109375001 44.52421875000002
58.25371093749999 44.48129882812498
58.27802734375001 44.44921875

70.62275390625018 40.934423828125006
70.65253906250018 40.936621093750006
70.64921875000016 40.960839843749966
70.61835937500007 41.00166015625001
70.57207031250016 41.02480468750002
70.55000000000018 41.01489257812497
70.56875 40.981835937499994

