169.8611328125 -20.241796874999963
169.80703124999997 -20.24111328125001
169.7375 -20.20214843749997
169.75068359375007 -20.15332031249997
169.82949218750014 -20.144726562499997
169.85234375000016 -20.14794921875003
169.89628906250016 -20.186621093750006

169.43847656249994 -19.64882812500005
169.3472656250002 -19.623535156250043
169.26191406250007 -19.545019531250034
169.21748046875007 -19.47636718749999
169.24746093750014 -19.3447265625
169.29111328125003 -19.32177734375003
169.33671875 -19.329296875000054
169.35996093750003 -19.45781250000003
169.4913085937501 -19.54013671875002

169.28828125000018 -18.988574218750003
169.248046875 -18.983300781249994
168.9869140625001 -18.871289062499997
168.99785156250016 -18.82519531250003
168.98710937500005 -18.707617187499963
169.01582031250018 -18.64375
169.0878906250001 -18.61748046874999
169.14384765625016 -18.631054687499997
169.17802734375 -18.72509765624997
169.25576171875014 -18.76337890625004
169.2011718750001 -18.79570312499996
169.29619140625 -18.866796874999977
169.334375 -18.940234375000017

168.5454101562501 -17.68466796875002
168.5849609375 -17.69589843749999
168.524609375 -17.798046875000026
168.3994140625001 -17.80722656250002
168.25166015625 -17.780761718749957
168.30585937500007 -17.74570312500002
168.2778320312501 -17.706054687500014
168.233203125 -17.69804687499999
168.18203125000014 -17.716992187500026
168.158203125 -17.71054687500005
168.19091796875 -17.644824218749974
168.27314453125007 -17.552246093750043
168.2974609375002 -17.54492187499997
168.31953125000018 -17.54394531250003
168.341015625 -17.552050781250003
168.44580078124994 -17.542187500000026

168.4765625000001 -16.79365234375004
168.46015625000007 -16.835058593750034
168.3227539062501 -16.787792968749997
168.21230468750002 -16.80615234375
168.1814453125 -16.804003906250017
168.14853515625003 -16.765722656250034
168.12431640625 -16.690039062499977
168.13535156250003 -16.636914062499983
168.18183593750018 -16.599902343750003
168.19921875 -16.593847656250006
168.23378906250014 -16.639648437500014
168.26542968750016 -16.67080078125005
168.29609375 -16.68417968750002
168.36601562500016 -16.758789062500043
168.44677734375 -16.77880859375003

168.18242187500005 -16.346777343750034
168.02167968750007 -16.315625
167.95703124999994 -16.272265625000045
167.92900390625 -16.228710937500054
167.98457031250007 -16.196484375000054
168.06425781250005 -16.18125
168.16386718750016 -16.08164062500002
168.1983398437501 -16.119824218749983
168.2354492187502 -16.23134765625005
168.27568359375005 -16.264941406249974
168.29794921875003 -16.29873046875001
168.29667968750016 -16.33652343749999

167.4585937500002 -16.117578124999966
167.48369140625016 -16.117578124999966
167.49873046875 -16.16621093750001
167.64199218749997 -16.26328125
167.68134765625018 -16.26054687499996
167.7144531250002 -16.31367187500004
167.7759765625002 -16.340527343749997
167.7925781250002 -16.394628906250006
167.83662109375 -16.449707031250043
167.759765625 -16.516406250000045
167.61142578125003 -16.498632812499977
167.52636718749994 -16.57431640625002
167.4493164062501 -16.55498046874999
167.43613281250003 -16.515234374999977
167.4468750000002 -16.50195312500003
167.4009765625001 -16.400585937499983
167.38027343750014 -16.24570312500005
167.3492187500002 -16.154492187500026
167.315625 -16.11552734374999
167.24609375 -16.14960937500001
167.21806640625005 -16.155273437500014
167.15146484375003 -16.08046875000005
167.18300781250002 -15.928515625
167.19951171875016 -15.885058593750031
167.2537109375 -15.876757812500017
167.33574218750005 -15.916699218749983
167.41250000000014 -16.095898437499997

167.2007812500001 -15.750097656249977
167.09472656249994 -15.685253906249997
167.11904296875014 -15.622558593750014
167.234375 -15.645019531249972
167.2189453125 -15.724121093750014

168.19619140625002 -15.9716796875
168.1792968750002 -15.925683593750037
168.12285156250016 -15.680859375
168.1599609375 -15.461816406250037
168.18349609374997 -15.50820312499999
168.2677734375 -15.892285156249983
168.2563476562501 -15.955175781250006
168.2128906250001 -15.970410156250011

167.84423828125 -15.481835937500037
167.7202148437501 -15.477441406250023
167.67421874999997 -15.4515625
167.82626953125003 -15.312011718749986
168.0025390625001 -15.283203124999986
167.91132812500007 -15.4359375

168.1718750000001 -15.390625
168.1304687500002 -15.318945312499977
168.10419921875018 -15.016601562500028
168.11494140625007 -14.988574218750003
168.13642578125018 -14.986425781250006
168.18691406249997 -15.196875
168.18916015625018 -15.32871093750002

166.8101562500001 -15.157421875000026
166.88515624999997 -15.156738281249972
166.92343750000003 -15.139160156250028
166.96757812500016 -15.061718749999983
166.9873046875001 -14.940039062499963
167.0265625 -14.922656249999974
167.07558593750014 -14.935644531250048
167.0542968750001 -14.974414062500045
167.06855468750007 -15.071777343749986
167.10644531249994 -15.12558593750002
167.131640625 -15.135351562499963
167.18203124999997 -15.38974609375002
167.2007812500001 -15.44306640625004
167.19960937500002 -15.485742187500037
167.09394531250007 -15.580859375000045
166.9366210937501 -15.578027343750009
166.82578125000003 -15.634863281250034
166.75830078125 -15.631152343749989
166.758984375 -15.566796875000023
166.69892578125007 -15.515625
166.63105468750018 -15.40605468749996
166.64785156250014 -15.211523437500034
166.52724609374997 -14.850097656250028
166.52607421875 -14.759765625000014
166.5673828125 -14.641796875000054
166.60781249999997 -14.636523437500045
166.6625976562501 -14.73505859375004
166.74580078125 -14.826855468749997

167.54326171875005 -14.31162109375002
167.4302734375002 -14.294921874999986
167.40351562500018 -14.281542968750017
167.4107421875002 -14.197460937500026
167.4390625000002 -14.168457031249986
167.5064453125001 -14.142187500000048
167.59892578125 -14.183789062499997
167.58486328124997 -14.2609375

167.4742187500001 -13.91708984375002
167.45107421874997 -13.909375
167.39179687500018 -13.788378906250003
167.40683593750003 -13.748046875000043
167.48105468750003 -13.70947265625
167.54726562500014 -13.776660156250017
167.55351562500016 -13.813964843749972
167.55302734375016 -13.845703125000043
167.54287109375014 -13.873144531250034
167.4986328125001 -13.884570312499974
167.48886718750003 -13.907226562499972

