-61.059960937499994 8.84702148437502
-61.069189453125006 8.947314453125017
-61.050488281249926 8.974365234375028
-60.94477539062498 9.055029296875034
-60.91582031249993 9.070312500000028
-60.89458007812496 9.053369140624952
-60.89990234374997 9.031884765625023
-60.84916992187496 8.99570312500002
-60.86142578124995 8.949609374999952
-60.916406249999966 8.899267578125006
-60.99790039062498 8.86733398437498

-60.94140625 9.10556640625002
-60.93945312499997 9.132324218749972
-60.90727539062499 9.1787109375
-60.844873046874966 9.191796875
-60.82138671874998 9.207666015625037
-60.781591796875034 9.21835937499999
-60.758886718750034 9.216455078124966
-60.73583984374994 9.20332031250004
-60.79038085937498 9.177197265624955
-60.82119140625002 9.13837890625004

-65.26640625 10.88398437500004
-65.36523437500003 10.906445312499997
-65.41464843749998 10.937890625
-65.38320312499997 10.973828124999969
-65.30234375 10.973828124999969
-65.22656250000003 10.93022460937496
-65.2125 10.906445312499997

-63.817285156249966 11.000341796875034
-63.82709960937501 10.975830078125014
-63.917626953124994 10.887548828124977
-63.993554687499994 10.881201171875006
-64.05468750000003 10.884326171875031
-64.10117187499998 10.90141601562496
-64.16088867187497 10.958789062500003
-64.21894531249998 10.941601562499969
-64.3625 10.961523437500034
-64.40234374999997 10.981591796875037
-64.34863281250003 11.051904296874966
-64.24975585937497 11.080322265624986
-64.21367187499999 11.086132812500011
-64.18481445312497 11.042968750000014
-64.11279296874994 11.00566406249996
-64.02832031249997 11.001855468749994
-64.00732421874997 11.068457031249963
-63.89311523437496 11.167236328125014
-63.84936523437503 11.131005859375009

-69.71191406249994 11.564208984374986
-69.63159179687503 11.47993164062504
-69.56982421874997 11.485449218750006
-69.52573242187503 11.499511718750028
-69.232568359375 11.51845703124998
-69.05458984374997 11.461035156250006
-68.827978515625 11.431738281249991
-68.61621093750003 11.309375
-68.39863281250001 11.160986328124991
-68.3431640625 11.052832031249977
-68.32480468749998 10.949316406250034
-68.27207031249998 10.880029296875037
-68.32470703124997 10.808740234374994
-68.29628906249994 10.689355468750009
-68.23408203124998 10.569140625000031
-68.13994140624999 10.492724609375003
-67.87163085937493 10.472070312499966
-67.58134765624996 10.523730468750017
-67.13330078124997 10.57041015625002
-66.98906249999999 10.61064453124996
-66.24721679687502 10.632226562500009
-66.105859375 10.57460937499999
-66.09213867187498 10.51708984375
-66.090478515625 10.472949218749974
-65.85175781250001 10.257763671875011
-65.65585937499998 10.228466796874997
-65.48935546875 10.159423828125043
-65.31738281249994 10.12236328124996
-65.12910156249995 10.070068359374957
-65.023291015625 10.076660156249972
-64.94404296875001 10.095019531249989
-64.85048828124997 10.098095703124983
-64.18833007812498 10.4578125
-63.833691406249926 10.448535156249974
-63.779052734375 10.471923828125028
-63.73188476562498 10.503417968749957
-63.862695312499966 10.558154296875017
-64.15791015624998 10.579248046874952
-64.24750976562495 10.542578125000034
-64.29819335937498 10.63515625
-64.20195312499999 10.632666015625006
-63.87343749999994 10.66376953125004
-63.496777343749955 10.643261718750026
-63.189892578124955 10.709179687499955
-63.035498046875034 10.720117187499966
-62.94672851562498 10.707080078124974
-62.70234375000001 10.749804687499974
-62.242285156250006 10.699560546874949
-61.87949218749998 10.74101562499996
-61.92138671875 10.681445312499989
-62.040429687499994 10.64536132812502
-62.23291015624994 10.633984375000011
-62.37998046874998 10.546875
-62.69355468750001 10.562988281250014
-62.91357421874997 10.531494140625
-62.84296874999998 10.507226562500023
-62.843017578125 10.41791992187504
-62.81293945312498 10.399902343750014
-62.78125 10.39921875
-62.70629882812503 10.333056640624989
-62.68583984374993 10.289794921874957
-62.66162109374997 10.198583984375034
-62.69467773437498 10.100097656250043
-62.74057617187498 10.056152343749972
-62.65117187499999 10.070654296874991
-62.600488281249966 10.116943359375014
-62.60791015624997 10.163427734374977
-62.600488281249966 10.217285156250028
-62.55034179687496 10.200439453124972
-62.51513671874997 10.176123046874991
-62.40092773437499 9.918408203124969
-62.320410156250006 9.78305664062502
-62.2998046875 9.788183593750006
-62.280664062499994 9.79296875
-62.256738281249994 9.818896484374946
-62.221142578124955 9.882568359375043
-62.1904296875 9.8421875
-62.17197265624998 9.826708984375031
-62.15336914062499 9.82177734375
-62.1703125 9.879492187500034
-62.14746093749994 9.953417968750003
-62.15532226562496 9.979248046875028
-62.11962890624997 9.984863281250014
-62.07709960937501 9.975048828124969
-62.016503906249994 9.9546875
-61.908593749999966 9.86992187499996
-61.83725585937498 9.782080078125006
-61.83115234374998 9.733056640624966
-61.80537109374998 9.70551757812504
-61.75874023437498 9.676513671874986
-61.73593749999995 9.631201171874991
-61.73173828124999 9.702490234375034
-61.759179687499994 9.75444335937496
-61.76591796875002 9.813818359374977
-61.62539062499999 9.816455078124989
-61.5888671875 9.89453125
-61.51230468749995 9.847509765625006
-61.309375 9.633056640625014
-61.23442382812502 9.597607421874983
-61.01337890625001 9.556445312499946
-60.87407226562496 9.453320312499997
-60.79248046874994 9.360742187499966
-60.840966796874966 9.263671874999986
-60.971044921875006 9.215185546874977
-61.023144531249955 9.154589843749974
-61.053076171875006 9.095117187500023
-61.053564453125034 9.035253906249991
-61.09296874999998 8.965771484374969
-61.09882812500001 8.941308593750037
-61.12236328125002 8.843359374999977
-61.17587890624998 8.725390625000017
-61.247265624999955 8.600341796875028
-61.61870117187496 8.597460937499974
-61.52690429687499 8.546142578125
-61.442578124999955 8.508691406250009
-61.30400390624999 8.410400390624972
-61.19375 8.487597656249974
-61.035986328125006 8.49311523437504
-60.86523437500003 8.578808593749997
-60.80097656249998 8.592138671874963
-60.48149414062502 8.547265624999966
-60.404492187499955 8.610253906250009
-60.34023437499999 8.628759765624963
-60.16748046874997 8.61699218749996
-60.01752929687498 8.549316406250028
-59.83164062499995 8.305957031250017
-59.82890625000002 8.279150390624963
-59.849072265624955 8.24868164062498
-59.96484375 8.191601562499983
-59.99072265624994 8.162011718749994
-60.03242187500001 8.05356445312502
-60.178173828124955 7.994042968749966
-60.27890624999995 7.919433593750043
-60.346777343750006 7.854003906250043
-60.38061523437497 7.82763671875
-60.51362304687498 7.813183593749983
-60.55634765624998 7.772021484375031
-60.610107421875 7.64833984374998
-60.64946289062493 7.596630859375011
-60.718652343749994 7.535937499999989
-60.71923828124994 7.498681640625037
-60.623730468749955 7.363330078125003
-60.606542968750006 7.32084960937496
-60.63618164062498 7.256591796875014
-60.63330078125003 7.21108398437498
-60.583203124999955 7.156201171874983
-60.52319335937497 7.143701171875023
-60.46494140624992 7.16655273437496
-60.39238281249996 7.16455078125
-60.34506835937492 7.15
-60.32548828124993 7.133984375
-60.32207031249996 7.092041015624972
-60.35209960937493 7.002880859375011
-60.39501953124997 6.945361328125017
-60.586083984374994 6.85708007812498
-60.671044921874994 6.805957031250045
-60.71791992187494 6.768310546875014
-60.82084960937496 6.788476562500037
-60.87333984374999 6.786914062499989
-60.91357421875003 6.7578125
-60.93798828125003 6.732763671874963
-61.00708007812497 6.726611328125045
-61.10478515624999 6.711376953125054
-61.14560546874995 6.69453125
-61.17724609375 6.650927734374989
-61.20361328124994 6.588378906250043
-61.18159179687498 6.51337890625004
-61.151025390624994 6.446533203125
-61.15229492187498 6.38510742187502
-61.12871093749996 6.21430664062504
-61.15947265625002 6.174414062499991
-61.22495117187495 6.129199218750017
-61.303125 6.04951171875004
-61.39082031249998 5.938769531250031
-61.37680664062498 5.906982421875043
-61.16718749999998 5.674218750000051
-60.954003906249994 5.437402343750037
-60.74213867187498 5.202050781249952
-60.71196289062499 5.191552734375037
-60.671972656250006 5.164355468750003
-60.63500976562503 5.081982421875011
-60.60449218750003 4.994580078124969
-60.60385742187498 4.949365234374994
-60.62758789062502 4.892529296874955
-60.679150390624955 4.82709960937504
-60.74174804687502 4.774121093749997
-60.83339843750002 4.729199218749997
-60.90625 4.686816406249974
-60.966406250000034 4.574707031250043
-61.002832031249994 4.535253906250006
-61.036279296874966 4.51933593749996
-61.10244140624994 4.504687499999989
-61.20942382812498 4.508056640624972
-61.28007812499999 4.516894531249989
-61.367529296875034 4.433007812499952
-61.479394531249994 4.402246093749994
-61.55424804687499 4.28779296875004
-61.82084960937502 4.197021484375014
-62.08159179687493 4.126318359375006
-62.153125 4.098388671875
-62.41064453125 4.156738281249986
-62.47255859375002 4.138525390625006
-62.5439453125 4.084326171874977
-62.60976562499999 4.042285156250031
-62.66533203124993 4.03964843750002
-62.712109374999955 4.017919921875034
-62.739941406249955 3.940332031250037
-62.76459960937501 3.672949218750006
-62.85698242187499 3.593457031249983
-62.968652343749994 3.593945312499983
-63.0453125 3.686474609375011
-63.13623046874994 3.756445312499963
-63.29472656249999 3.92226562499999
-63.33867187499999 3.94389648437496
-63.379785156249994 3.942871093750028
-63.526806640624926 3.893701171875037
-63.596630859374955 3.915039062500043
-63.65292968749998 3.940820312499966
-63.74697265625002 3.932568359374969
-63.914648437500006 3.930664062500028
-64.021484375 3.929101562499966
-64.073388671875 3.97441406249996
-64.121728515625 4.066992187499991
-64.15429687499997 4.100146484375003
-64.19248046875003 4.126855468750023
-64.25566406250002 4.140332031250011
-64.52553710937502 4.139990234375034
-64.57636718749998 4.139892578125014
-64.61367187500002 4.15771484375
-64.66552734375003 4.237109375000017
-64.72226562500003 4.274414062499972
-64.78867187499998 4.276025390625037
-64.81787109374997 4.232275390625006
-64.70258789062493 4.089306640625011
-64.66899414062502 4.011816406250034
-64.56791992187496 3.899804687500037
-64.27529296875002 3.662695312499963
-64.22109375 3.587402343749986
-64.22705078124997 3.491210937500014
-64.22875976562494 3.343994140624957
-64.21884765624998 3.2046875
-64.1435546875 3.004882812499972
-64.03779296874995 2.801513671875014
-64.00903320312494 2.671875
-64.02871093749997 2.576074218750009
-64.04882812499997 2.525097656250011
-64.04658203124995 2.502392578125011
-64.02490234375 2.481884765625011
-63.92416992187498 2.45244140624996
-63.71254882812494 2.434033203125026
-63.584619140624994 2.433935546875006
-63.38925781249998 2.41191406249996
-63.37485351562498 2.340429687499963
-63.393945312499966 2.222509765625006
-63.432519531249994 2.15556640624996
-63.46391601562502 2.136035156249974
-63.57026367187501 2.120507812500009
-63.68212890624997 2.048144531250017
-63.844482421875 1.976708984375023
-63.937158203124966 1.966992187499997
-63.97578125000001 1.953027343749994
-64.00849609375001 1.931591796874983
-64.03544921875002 1.904443359374966
-64.06704101562497 1.770507812500028
-64.11484375 1.619287109374952
-64.20502929687501 1.529492187499955
-64.30419921874994 1.455273437500026
-64.405126953125 1.446875
-64.48603515624995 1.452783203124966
-64.52626953125 1.431005859374963
-64.584375 1.369873046875028
-64.66743164062498 1.293847656249994
-64.73154296874998 1.253320312500009
-64.81796875 1.257128906249974
-64.91010742187493 1.2197265625
-65.02656249999995 1.158447265625043
-65.10375976562494 1.108105468749997
-65.16962890624995 1.022216796875
-65.26396484374999 0.931884765624972
-65.36083984375003 0.868652343749972
-65.40722656249997 0.79047851562504
-65.47338867187503 0.691259765624977
-65.5560546875 0.687988281250028
-65.56269531250001 0.747509765624983
-65.52299804687502 0.84340820312498
-65.56601562499998 0.926074218749946
-65.64467773437502 0.970361328124994
-65.68144531249996 0.983447265625003
-65.71811523437498 0.978027343749957
-65.81132812499996 0.937255859375
-65.92587890625003 0.863134765625006
-65.996337890625 0.809765624999969
-66.06005859375 0.785351562499969
-66.19121093749999 0.76328125
-66.30166015625002 0.751953125
-66.34711914062495 0.7671875
-66.42924804687499 0.821679687499994
-66.61904296875002 0.992138671874997
-66.87602539062496 1.223046874999966
-66.89550781250003 1.289892578124991
-66.88447265625001 1.358251953124977
-66.93110351562501 1.458007812499957
-66.95834960937503 1.564208984375014
-66.98154296874998 1.60078125
-66.98813476562498 1.680175781250014
-67.04389648437498 1.823193359375011
-67.08955078124995 1.940332031249994
-67.13144531249995 1.999853515625034
-67.11381835937502 2.050585937499974
-67.13144531249995 2.101269531249997
-67.16547851562495 2.142578124999986
-67.21523437499997 2.275488281249963
-67.19760742187503 2.332763671875
-67.21083984374997 2.390136718749972
-67.25273437499999 2.429443359374986
-67.31225585937503 2.471679687499972
-67.39160156250003 2.559912109375006
-67.48642578124998 2.643652343750006
-67.53496093750002 2.6767578125
-67.568017578125 2.689941406250028
-67.59667968749997 2.769335937499946
-67.61870117187502 2.793603515625009
-67.66723632812494 2.800195312500023
-67.766455078125 2.833300781250017
-67.85908203124995 2.793603515625009
-67.86123046874997 2.855322265624963
-67.83476562499999 2.892822265624972
-67.51484374999998 3.187255859375
-67.35361328125 3.322656249999966
-67.33627929687503 3.342626953125034
-67.32216796875 3.373974609375026
-67.31113281249998 3.415869140625034
-67.34770507812496 3.463769531250023
-67.498681640625 3.691113281249983
-67.551123046875 3.733837890624983
-67.6025390625 3.768798828125
-67.66162109374997 3.8642578125
-67.73232421875 4.086523437499977
-67.78320312499994 4.1982421875
-67.79863281249999 4.28388671875004
-67.79541015624994 4.380712890624963
-67.81430664062498 4.455078125000014
-67.85527343749999 4.506884765625003
-67.85527343749999 4.665478515624983
-67.81430664062498 4.930810546875037
-67.80419921874997 5.132519531249997
-67.82490234375001 5.27045898437504
-67.78842773437503 5.375488281250028
-67.69462890624993 5.447509765625043
-67.64228515624993 5.558789062499983
-67.63134765625003 5.709375
-67.57519531250003 5.833105468750006
-67.473876953125 5.929980468750017
-67.43935546875 6.025537109375037
-67.47158203124997 6.119775390624966
-67.48198242187496 6.180273437500034
-67.56806640625001 6.241796875000034
-67.7271484375 6.284960937499946
-67.85917968749999 6.289892578124977
-67.93886718749997 6.241943359374986
-68.14306640625 6.197509765624986
-68.47177734375 6.156542968749989
-68.736474609375 6.156787109374946
-68.93720703124995 6.19819335937504
-69.08994140624998 6.184375
-69.19453124999998 6.115332031250034
-69.26816406249998 6.099707031249963
-69.31083984374996 6.137597656250037
-69.35708007812497 6.147998046875031
-69.42714843750002 6.123974609375011
-69.43925781250002 6.134912109375023
-69.59482421875 6.321484375000026
-69.73896484374995 6.494384765624986
-69.90419921874997 6.700244140625003
-70.09501953125002 6.937939453125026
-70.12919921874996 6.953613281250014
-70.188134765625 6.952050781249966
-70.26611328124997 6.947949218750011
-70.3875 6.972607421874983
-70.47065429687498 7.007128906249989
-70.53554687499997 7.040527343750043
-70.65507812499999 7.082763671875043
-70.737158203125 7.090039062500011
-70.810693359375 7.077587890624955
-71.01328124999995 6.994433593749989
-71.12861328125001 6.98671875
-71.21782226562496 6.985205078124963
-71.45712890624998 7.0263671875
-71.62089843750002 7.032910156250011
-71.811279296875 7.005810546874997
-71.89267578124998 6.990332031250034
-72.00664062500002 7.032617187500037
-72.08427734375002 7.096875
-72.15668945312501 7.249707031250026
-72.20771484374993 7.370263671874994
-72.29633789062495 7.394531250000043
-72.39462890625 7.415087890624974
-72.44296874999998 7.454882812500003
-72.47197265624996 7.524267578125006
-72.47895507812495 7.613232421875011
-72.46889648437502 7.757958984375009
-72.4595703125 7.809863281250017
-72.446044921875 7.96611328124996
-72.39169921875003 8.047705078124977
-72.35761718750001 8.087304687499966
-72.36416015625002 8.152783203124983
-72.39033203125001 8.287060546874983
-72.41655273437502 8.381982421874952
-72.52573242187498 8.489697265624969
-72.66542968750002 8.627587890624994
-72.72553710937501 8.848291015625009
-72.79638671874997 9.108984375
-72.85209960937493 9.13515625
-72.90444335937494 9.122070312500014
-72.96015625000001 9.13515625
-73.00927734375 9.23994140625004
-73.05839843749996 9.25957031249996
-73.13671875000003 9.222802734375009
-73.19316406249996 9.194140625000031
-73.33671874999999 9.167919921875026
-73.36621093749997 9.194140625000031
-73.35634765625 9.226855468749946
-73.29565429687497 9.322021484374972
-73.224267578125 9.443603515624972
-73.14125976562497 9.554638671875026
-73.06406249999995 9.668212890624986
-73.00654296874995 9.78916015625002
-72.96738281249998 10.029736328125011
-72.94038085937498 10.195751953124983
-72.86933593749998 10.491259765624974
-72.73916015625002 10.727197265624994
-72.69008789062497 10.835839843750009
-72.57226562499994 10.97714843750002
-72.51801757812501 11.053906250000026
-72.44609375000002 11.114257812499972
-72.24848632812498 11.196435546875023
-72.0123046875 11.601953125000037
-71.95810546874998 11.666406250000023
-71.71948242187503 11.726855468749989
-71.53608398437498 11.774072265625009
-71.40019531249999 11.82353515624996
-71.35556640624998 11.84975585937498
-71.31972656249994 11.861914062499963
-71.34941406249996 11.814941406249986
-71.41455078125 11.755175781249989
-71.48837890625003 11.71875
-71.86865234374997 11.627343749999966
-71.90751953124996 11.607958984375017
-71.95693359375 11.56992187499999
-71.95722656249998 11.4828125
-71.94697265625001 11.414453125000023
-71.83510742187497 11.190332031250023
-71.79145507812495 11.135058593750031
-71.64160156249997 11.013525390624963
-71.67568359375 10.996728515625009
-71.73090820312495 10.994677734375031
-71.69042968749997 10.835498046875031
-71.59843749999999 10.726220703124966
-71.59433593750003 10.65737304687498
-71.66484375000002 10.44375
-71.79350585937502 10.31596679687496
-71.88476562499994 10.167236328125043
-71.95571289062502 10.10805664062498
-72.11284179687496 9.81557617187498
-71.99326171875003 9.641503906249966
-71.97626953124995 9.55322265625
-71.87304687499997 9.427636718749994
-71.8056640625 9.38642578125004
-71.7607421875 9.335742187500017
-71.78134765625003 9.25
-71.74013671874997 9.13388671875002
-71.68671875000001 9.072509765625043
-71.61953125000002 9.047949218750006
-71.53662109375 9.048291015624983
-71.29794921875003 9.125634765625023
-71.24140624999998 9.160449218750017
-71.20537109375002 9.222460937500031
-71.08583984375 9.348242187499991
-71.07841796874999 9.510791015624974
-71.05268554687498 9.705810546875
-71.08173828124995 9.833203125000026
-71.20722656249995 10.014599609375026
-71.26220703124994 10.143603515625017
-71.38662109375 10.263769531249991
-71.46279296874997 10.469238281250014
-71.49423828124998 10.533203124999986
-71.51787109374999 10.621826171875014
-71.54462890624993 10.778710937500009
-71.46113281249998 10.835644531249969
-71.46953125000002 10.964160156250031
-71.26435546874995 10.999511718750043
-70.82050781249995 11.208447265624983
-70.54560546874998 11.261376953125009
-70.23251953124998 11.372998046875011
-70.15996093750002 11.428076171874963
-70.09711914062501 11.519775390624986
-70.04853515624995 11.530322265625003
-69.88535156250003 11.444335937499986
-69.80478515624995 11.474218750000034
-69.77290039062495 11.541308593750017
-69.81733398437493 11.672070312500011
-69.91093749999999 11.672119140625028
-70.19257812500001 11.624609375000034
-70.22011718750002 11.680859375000026
-70.22001953124999 11.73007812500002
-70.28652343749997 11.886035156250003
-70.24511718749997 12.003515625000034
-70.20278320312494 12.098388671875
-70.12202148437501 12.13662109374998
-70.00395507812493 12.177880859375037
-69.91435546874999 12.11459960937502
-69.86010742187503 12.054199218749972
-69.83061523437499 11.995605468750028
-69.81054687499997 11.836865234375011
-69.76240234374993 11.676025390625028

