106.58925781250014 8.68051757812502
106.56796875000003 8.700927734375014
106.65859375000014 8.766357421875014
106.64951171875003 8.722998046874977
106.65253906250007 8.701123046874955
106.61748046874999 8.682812499999955

104.08300781249994 10.341113281250031
104.0757812500002 10.224853515624972
104.03681640625007 10.110742187499994
104.04833984375011 10.061035156249986
104.01845703125014 10.02919921874998
103.95214843749994 10.242919921875
103.86796875000005 10.335400390625011
103.84951171875002 10.37109375
103.89843750000011 10.368505859375006
103.98583984375 10.426953125000011
104.02773437499997 10.428369140625037
104.06396484375011 10.390820312500026

107.08378906250016 10.336572265624994
107.07792968750005 10.3875
107.15087890624994 10.4203125
107.17656250000016 10.446191406250023
107.19492187500003 10.445703125000023
107.16767578125018 10.397167968749983

106.99003906250016 20.743066406249994
106.91064453124994 20.82421875
106.95341796875016 20.867041015625034
107.04375000000016 20.836816406249994
107.06445312500011 20.817285156250023
107.06396484375011 20.799755859374983
107.04228515625016 20.761035156250017
107.03134765625003 20.747021484374983

106.85410156250009 20.79638671875003
106.803125 20.84375
106.76943359374997 20.864208984374983
106.79531250000002 20.927929687499983
106.8550781250002 20.858251953125006
106.86562500000014 20.815722656250045

107.46552734375001 20.900537109374994
107.39921875000005 20.903466796874994
107.4786132812502 20.952343749999983
107.51894531249997 21.012841796874966
107.55126953125011 21.034033203125034
107.55107421875016 20.981201171875
107.52128906250005 20.926611328124977

107.45869140625007 21.091650390625034
107.40351562500018 21.093652343749994
107.45253906250014 21.235302734374983
107.47626953125018 21.268945312500023
107.56269531250001 21.220410156249983
107.60273437500018 21.216796875000057

105.84296875000007 22.922802734374983
105.90263671875005 22.924951171874966
105.96230468750014 22.93745117187501
106.00097656250011 22.974755859374994
106.06845703125009 22.975537109374955
106.14843750000011 22.970068359375006
106.18398437499997 22.95512695312499
106.24941406249997 22.869433593750017
106.27900390625018 22.85747070312499
106.33808593750001 22.863476562499955
106.45087890625018 22.893896484375034
106.54179687500016 22.908349609374966
106.62402343750011 22.87426757812503
106.78027343749994 22.778906249999977
106.736328125 22.71093749999997
106.70156250000002 22.63774414062499
106.63310546874999 22.586035156250006
106.58242187499997 22.5732421875
106.5503906250002 22.501367187499994
106.53632812500018 22.395410156249994
106.55361328125014 22.341699218749966
106.59316406250014 22.324511718750017
106.63652343750016 22.28862304687499
106.65419921875014 22.24145507812497
106.66005859374997 22.136474609375
106.65771484374994 22.018212890624966
106.66357421875 21.978906249999966
106.69765625000002 21.986181640625034
106.72949218750011 22.000341796874977
106.79414062500001 21.981982421875045
106.87451171875 21.951269531250006
106.92519531250002 21.920117187499983
106.97099609374999 21.923925781250034
107.0064453125002 21.893408203125034
107.01982421874999 21.834863281250023
107.06162109375009 21.794189453125
107.17851562499999 21.717089843750017
107.27207031250003 21.71064453125001
107.3511718750002 21.60888671875
107.43349609374997 21.642285156249955
107.47138671875018 21.598339843749983
107.64101562499997 21.613916015625023
107.75927734375011 21.65502929687497
107.80205078125005 21.645166015624994
107.90839843750001 21.560400390624977
107.97265624999994 21.507958984375023
107.92578125000011 21.498925781249966
107.80908203125011 21.497119140625045
107.70722656250018 21.405859375
107.63671875000011 21.368066406249966
107.5269531250002 21.336230468750045
107.40996093750016 21.284814453124966
107.37617187500001 21.194140625000045
107.37333984375016 21.12846679687499
107.35429687500005 21.05517578124997
107.16474609375001 20.94873046874997
107.11171874999997 20.959570312500034
107.07519531250011 20.99926757812497
107.01923828125007 20.9912109375
106.98144531250011 20.971386718749955
106.93642578124997 20.974072265624983
106.88623046874994 20.95
106.82060546874999 20.95751953124997
106.76025390624994 20.991113281249994
106.7251953125002 20.999902343749994
106.68339843750005 21.00029296874999
106.67548828125001 20.960498046875045
106.73730468750011 20.80615234374997
106.75341796875 20.735058593749955
106.55078125000011 20.52656250000001
106.57285156250009 20.3921875
106.51796874999997 20.288867187500017
106.39550781250011 20.205908203124977
106.16572265625018 19.992041015625006
106.06220703125007 19.987353515625045
105.98408203125001 19.939062499999977
105.81396484375011 19.587451171875017
105.81210937500009 19.466992187499983
105.78535156250001 19.378857421874983
105.79111328125003 19.294189453125057
105.7164062500002 19.127783203124977
105.63906249999997 19.05717773437499
105.62177734375001 18.96630859375003
105.7320312500002 18.77929687500003
105.7442382812502 18.746289062499983
105.80820312500009 18.645849609375034
105.83925781250002 18.574169921874983
105.88828125000003 18.502490234375045
106.065625 18.316357421874955
106.14453125000011 18.259423828124994
106.23955078125005 18.22070312500003
106.41191406250016 18.053173828124983
106.49902343749994 17.946435546874994
106.45937500000014 17.873681640625023
106.47890625000014 17.719580078124977
106.35585937500002 17.765039062499994
106.37050781250014 17.746875
106.51679687500001 17.662792968749955
106.73574218750014 17.36718750000003
106.92617187500002 17.22138671875001
107.11992187500016 17.055517578125034
107.18037109375001 16.89794921875
107.3550781250002 16.79375
107.54931640624994 16.64257812500003
107.54082031249999 16.608642578125057
107.59345703125018 16.568066406249955
107.72412109374994 16.487841796875045
107.803125 16.403076171875
107.83378906249999 16.32246093750001
107.88203125000007 16.309619140625045
107.93632812500005 16.32939453124999
107.99072265625011 16.337109374999983
108.02939453125009 16.33110351562499
108.0879882812502 16.242724609375017
108.16972656250016 16.163671874999977
108.20898437499994 16.09106445312503
108.24082031250003 16.100781249999955
108.26738281250016 16.089794921874955
108.27402343750009 16.029052734375
108.28603515625014 15.989062500000017
108.39531249999999 15.872460937499994
108.44746093750007 15.7626953125
108.57783203125007 15.584716796875
108.67421874999997 15.483593749999983
108.7427734375002 15.42661132812502
108.82128906250011 15.377929687500043
108.89824218750016 15.180517578124977
108.93994140625011 15.00146484375
109.02246093749994 14.802832031250034
109.08486328124997 14.716162109374963
109.08701171875003 14.552587890625034
109.1373046875002 14.384130859375006
109.19140625000011 14.270458984375026
109.20732421875016 14.154296874999986
109.22392578125016 14.096679687499972
109.24462890625011 14.05341796875004
109.30332031250009 13.856445312499972
109.2880859375 13.765039062499994
109.2470703125 13.854736328124972
109.2520507812502 13.590527343749969
109.2880859375 13.45078125
109.271875 13.279345703124989
109.30957031250011 13.219189453124997
109.37675781250005 13.025488281249963
109.42392578125003 12.955957031250009
109.42001953125003 12.719042968749974
109.44492187500003 12.599609374999972
109.3814453125002 12.670751953124991
109.33554687500009 12.751904296875011
109.27402343750003 12.709033203124974
109.21894531250001 12.645800781249974
109.3046875 12.39116210937496
109.20683593750016 12.41538085937502
109.21572265624997 12.072900390624966
109.25625 11.992871093749997
109.25917968750014 11.954541015625011
109.24726562500001 11.90869140625
109.22021484375011 11.958837890624991
109.21455078125001 12.010449218750026
109.19912109374997 11.999023437500014
109.19990234375007 11.972460937500017
109.16728515625016 11.912011718749966
109.15751953125005 11.837109374999983
109.19267578124999 11.773437499999972
109.19863281249997 11.724853515625028
109.17324218750014 11.66474609375004
109.13251953125018 11.601074218750028
109.0396484375002 11.592675781250009
109.01845703125014 11.46835937499999
108.98671875000014 11.336376953125011
108.82080078125011 11.315429687500014
108.70029296875003 11.199267578124974
108.55126953125 11.155957031250026
108.4185546875002 11.040722656249997
108.27167968750007 10.934277343749983
108.17617187500014 10.920166015625043
108.09492187500018 10.897265625
108.00136718750014 10.720361328125023
107.84511718750002 10.70009765624998
107.56445312500011 10.55546875
107.4703125000002 10.485839843750028
107.38447265625001 10.458642578124994
107.26152343750005 10.398388671874969
107.23505859375007 10.419873046874997
107.19414062500016 10.471582031249966
107.08779296874997 10.498339843749989
107.03574218750003 10.556298828124994
107.02070312500018 10.630957031250006
107.00664062500016 10.66054687499999
106.98369140624999 10.618310546875009
106.96611328125016 10.440722656249974
106.94746093750018 10.400341796875011
106.90205078125018 10.3828125
106.81269531250018 10.433300781249983
106.72734374999999 10.535644531250043
106.60585937500014 10.464941406250034
106.64306640625 10.45625
106.69843750000018 10.46206054687498
106.7412109375 10.444384765625017
106.77753906250001 10.376123046874966
106.77626953125014 10.338964843750034
106.7574218750002 10.295800781250037
106.6435546875 10.288916015624963
106.49169921874994 10.304101562500037
106.46406250000001 10.298291015625011
106.60244140625014 10.231738281250031
106.72900390625 10.193310546875026
106.78525390625009 10.15117187499996
106.78525390625009 10.116455078125
106.71416015625016 10.060205078124994
106.6591796875 9.991406250000011
106.65810546875014 9.948730468750028
106.6568359375002 9.901074218749997
106.59560546875002 9.859863281250043
106.55732421875018 9.868066406250023
106.44912109375002 9.93964843750004
106.13642578125007 10.221679687500028
106.18359375 10.142089843749986
106.50742187500003 9.821240234374983
106.56435546875014 9.715625
106.57246093750018 9.641113281249972
106.53916015625003 9.60356445312496
106.48408203125018 9.55942382812502
106.37802734375009 9.556103515624969
106.20400390624997 9.675439453125037
105.92568359375014 9.96171875
105.83095703125002 10.000732421875043
106.11250000000018 9.673583984375014
106.15859375000014 9.59414062499999
106.20615234375003 9.502343750000037
106.19257812500007 9.447802734375017
106.16835937500002 9.396728515625014
105.50097656250011 9.093212890624997
105.40136718749994 8.962402343749986
105.32226562500011 8.801123046874991
105.19121093750016 8.71132812499999
105.1143554687502 8.62919921874996
104.89189453124999 8.583251953125014
104.77041015625014 8.597656250000014
104.89628906249999 8.746630859374989
104.81855468750018 8.801855468749963
104.81464843750018 9.185498046874969
104.84521484375011 9.60615234375004
104.90322265625002 9.816259765625034
104.98710937500005 9.868652343749957
105.09257812500005 9.900976562499977
105.09492187500018 9.945263671875026
105.08447265625 9.995703125
105.02783203125 10.06743164062496
104.96582031249994 10.100585937499957
104.87324218750001 10.114794921875017
104.80195312500018 10.20273437499999
104.7476562500002 10.199121093749966
104.66347656250002 10.169921874999972
104.61269531250014 10.207666015625023
104.59404296875016 10.266894531250003
104.51611328125011 10.33999023437498
104.4263671875002 10.411230468750006
104.46699218750001 10.422363281249972
104.51406250000014 10.463330078124969
104.56425781250016 10.515966796875034
104.68964843750018 10.523242187500003
104.81542968749994 10.520800781249946
104.85058593750011 10.534472656249989
104.90126953125014 10.59023437499998
104.98388671875011 10.661914062500017
105.04638671874994 10.701660156250028
105.0611328125002 10.733789062499994
105.0361328125 10.809375
105.02226562499999 10.886865234375009
105.04570312500016 10.911376953125028
105.15947265625016 10.897558593749963
105.2842773437502 10.861474609374994
105.31464843750018 10.84516601562504
105.38652343750016 10.940087890625023
105.40576171875 10.951611328124969
105.45273437500003 10.951416015625014
105.57656250000014 10.968896484375023
105.69775390624994 10.994042968749994
105.75507812500018 10.989990234374972
105.81074218750007 10.926074218750003
105.85332031250005 10.863574218749974
105.87519531250007 10.858496093750006
105.93818359375018 10.885156250000023
105.99013671875002 10.851806640624972
106.09882812500007 10.797265624999966
106.16396484374997 10.794921875000014
106.13154296875007 10.921972656249963
106.16796875000011 11.012304687499991
106.16093749999999 11.037109374999972
106.09951171875002 11.078662109375003
105.89160156250011 11.244824218750011
105.85605468750003 11.294287109374963
105.86093750000009 11.372412109374991
105.85400390625 11.487060546874986
105.83535156250002 11.559130859375017
105.8384765625002 11.601318359374986
105.85146484375002 11.635009765625014
105.88984375000018 11.648388671874983
105.92656250000005 11.65292968750002
105.95625 11.682470703125006
106.00605468750007 11.758007812500026
106.10292968749997 11.751269531249989
106.23916015625014 11.708349609375034
106.33984375000011 11.681835937499969
106.39921875000016 11.687011718750043
106.4125 11.697802734375017
106.41074218750009 11.73837890625002
106.41777343749999 11.91171875
106.41386718749999 11.948437500000011
106.49960937500009 11.965527343750026
106.6309570312502 11.969189453124969
106.70009765625014 11.979296874999989
106.7646484375 12.052343750000034
106.93066406249994 12.077490234375006
107.05068359374997 12.175878906249977
107.15898437500005 12.277050781249983
107.21210937500018 12.304003906249974
107.27968750000002 12.321582031250003
107.33007812499994 12.319042968750011
107.39335937500016 12.260498046874986
107.44599609375007 12.295703124999974
107.5064453125002 12.36455078124996
107.5380859375 12.43178710937498
107.55546875000016 12.539990234374997
107.5435546875002 12.705908203124963
107.51152343750016 12.835742187500031
107.4815429687502 12.933105468749972
107.47539062499999 13.030371093749977
107.54550781250009 13.22543945312502
107.60546875000011 13.437792968750031
107.59394531250018 13.521679687499983
107.52861328124999 13.65419921874998
107.46230468750002 13.815625
107.38945312500016 13.993017578124991
107.36210937499999 14.019482421874969
107.34257812500005 14.068896484374989
107.33144531249997 14.126611328125023
107.36035156250011 14.307861328125
107.36445312500007 14.36870117187496
107.44843750000018 14.451220703124989
107.4931640625 14.545751953124977
107.5352539062502 14.649951171874974
107.51943359375002 14.705078125000014
107.51376953125009 14.817382812500071
107.52451171875003 14.871826171874972
107.5046875000001 14.915917968750065
107.48037109375014 14.979882812500051
107.49628906250007 15.021435546875068
107.5552734375002 15.057031250000037
107.58964843749999 15.118457031250117
107.63369140625008 15.189843750000094
107.653125 15.255224609375091
107.62167968750015 15.309863281250031
107.56425781250005 15.391601562499986
107.45957031250015 15.4658203125
107.33876953125014 15.560498046875125
107.27939453125015 15.618701171875074
107.23261718750018 15.678076171875091
107.18955078125009 15.747265624999983
107.16591796875002 15.802490234375028
107.18886718750008 15.838623046875114
107.36064453125016 15.921728515624977
107.39199218750008 15.951660156250057
107.41015625000011 15.997851562500045
107.39638671875008 16.043017578125017
107.35009765625006 16.0673828125
107.29648437500015 16.084033203125017
107.21738281250009 16.136328125
107.06972656250014 16.279833984375102
107.00195312500011 16.311816406250045
106.93066406250006 16.353125
106.89277343750013 16.396533203125074
106.85107421875 16.515625
106.83242187500008 16.52626953125005
106.79160156250015 16.490332031250006
106.73955078124999 16.452539062500136
106.69609375000005 16.45898437500003
106.65644531250013 16.49262695312504
106.6375 16.537939453125034
106.59365234375014 16.60009765625
106.54619140625016 16.650732421875006
106.53369140625 16.821044921875057
106.52597656250009 16.876611328125023
106.50224609375005 16.9541015625
106.46533203125011 16.98183593750005
106.42597656250018 17.00253906250009
106.33339843750014 17.14370117187508
106.26953125000011 17.21679687500003
106.00625 17.41528320312497
105.97353515625008 17.44697265625004
105.90273437500008 17.528662109374977
105.77949218750007 17.644433593750108
105.69140625 17.737841796875045
105.62724609375016 17.834423828125097
105.59765625000006 17.918261718750045
105.58847656250015 17.983691406250045
105.51855468750006 18.077441406250045
105.45820312500018 18.154296875000085
105.40000000000015 18.179248046875017
105.33349609375011 18.189648437499983
105.27324218750016 18.235351562500057
105.16328125000007 18.338720703124977
105.11455078125016 18.405273437500057
105.08583984375008 18.450097656250108
105.08701171875015 18.496240234375108
105.11347656250001 18.57304687500013
105.14541015625014 18.616796874999977
105.14648437500011 18.650976562500006
105.11513671875002 18.678857421874994
104.99316406250011 18.728320312500045
104.71650390625007 18.803417968749983
104.61328125000011 18.860644531250102
104.51796875000014 18.934082031250142
104.44580078125006 18.983837890625068
104.10859375000013 19.195556640625114
104.00634765625006 19.23090820312504
103.91835937500008 19.26850585937504
103.89160156249994 19.304980468750017
103.89638671875014 19.33999023437505
103.93203125000014 19.366064453125034
104.02753906250013 19.420458984375102
104.06289062500014 19.48256835937505
104.05156250000016 19.564160156250068
104.0134765625001 19.64648437499997
104.03203125000005 19.675146484375034
104.06279296875005 19.678417968750068
104.12714843750007 19.68085937500004
104.25986328125009 19.685498046875097
104.54628906250014 19.610546875000097
104.58789062500006 19.61875
104.74316406250006 19.754736328124977
104.80175781250011 19.83613281250004
104.81513671875007 19.90400390625001
104.84580078125009 19.947167968750108
104.92792968750007 20.01811523437499
104.92919921874994 20.082812500000045
104.88867187500006 20.169091796875023
104.84785156250018 20.202441406250074
104.81269531250001 20.21684570312499
104.69873046875011 20.205322265625114
104.67695312500018 20.224707031249977
104.66191406250016 20.28901367187504
104.65644531250007 20.32851562499999
104.61884765625007 20.374511718750142
104.49619140625015 20.413671875000034
104.39218750000015 20.424755859375068
104.36777343750015 20.441406250000085
104.40781250000015 20.48574218750005
104.47861328125009 20.529589843750102
104.53271484375011 20.554882812500097
104.57519531249994 20.600244140625108
104.58320312500007 20.646679687499983
104.53037109375009 20.687988281250057
104.46142578125006 20.733740234375034
104.34960937500011 20.82109374999999
104.19531250000011 20.91396484375008
104.10136718750016 20.945507812500097
104.05205078125005 20.94121093750013
103.88203125000013 20.861425781250034
103.79052734375 20.809521484375125
103.7144531250002 20.71694335937508
103.6350585937501 20.69707031250013
103.55468750000006 20.737841796875074
103.46357421875007 20.779833984375102
103.2107421875001 20.840625
103.10449218750011 20.891650390625074
102.8837890625 21.202587890625068
102.8511718750002 21.265917968750017
102.87226562500013 21.3375
102.8875 21.439941406250114
102.90957031250008 21.50634765624997
102.94863281250008 21.569775390625097
102.95917968750018 21.626220703125057
102.94960937500008 21.681347656250097
102.91767578125013 21.712939453125045
102.87617187500007 21.72226562500009
102.84521484375006 21.73476562500005
102.81591796875011 21.807373046875
102.79824218750008 21.797949218750034
102.77109375000015 21.70966796875001
102.73857421875016 21.677929687500097
102.69531249999994 21.662109375000085
102.66201171875014 21.676025390625085
102.64082031250007 21.71142578125
102.63125 21.771337890625034
102.6096679687501 21.851757812499983
102.58251953125006 21.90429687500003
102.48750000000018 21.957763671875085
102.44267578124999 22.027148437500017
102.30136718750009 22.178173828125068
102.18300781250014 22.284033203125034
102.12744140625011 22.37919921874999
102.17597656250001 22.414648437500006
102.23701171875001 22.466015624999983
102.30224609375011 22.545996093750034
102.37578125000016 22.646630859375023
102.40644531250018 22.7080078125
102.42792968750001 22.7328125
102.47089843750018 22.750927734374955
102.5171875000002 22.741015625000074
102.59853515625014 22.700390624999955
102.72099609375016 22.648486328125045
102.830078125 22.58715820312497
102.87421875000018 22.525390625
102.93515625000009 22.466162109375034
102.98193359375011 22.4482421875
103.00537109375 22.452978515625006
103.07587890625007 22.49750976562501
103.1363281250002 22.54223632812497
103.13759765625002 22.59296875000001
103.19335937500011 22.638525390624977
103.26630859375001 22.713525390624966
103.30058593749999 22.76440429687503
103.32666015625 22.76977539062497
103.3560546875002 22.754687500000017
103.47099609375016 22.59741210937503
103.49296875000005 22.587988281249977
103.52539062499994 22.61157226562497
103.57070312500014 22.734423828125045
103.6202148437502 22.78203124999999
103.6373046875002 22.77001953125003
103.91503906250011 22.538232421874966
103.9415039062502 22.54008789062499
103.97138671875007 22.550488281249983
103.9908203125002 22.586132812499955
104.01269531250011 22.666357421875034
104.05390625000018 22.752294921875063
104.14306640624994 22.800146484375034
104.2125 22.809423828124977
104.23828125 22.768505859374983
104.29833984374994 22.712011718750006
104.37177734375018 22.704052734374983
104.52685546875 22.804101562500023
104.57753906250002 22.820019531249983
104.63173828125014 22.818212890624977
104.68730468750016 22.822216796874983
104.74003906250016 22.860498046874966
104.79570312500005 22.9111328125
104.81474609374999 23.010791015625045
104.82656250000002 23.100195312500063
104.86474609375 23.136376953124966
104.91015625 23.16054687499999
104.9957031250002 23.194335937500057
105.18906250000003 23.281054687500045
105.23876953125 23.322119140624977
105.275390625 23.34521484374997
105.35048828125002 23.307666015625045
105.44013671875007 23.23535156249997
105.49453125000014 23.180859374999955
105.53085937500003 23.121972656249966
105.54814453125005 23.072656250000023
105.69121093750016 23.029931640625023
105.78232421875003 22.969335937500034

