-178.10332031249996 -14.324902343749969
-178.15859375000002 -14.311914062499994
-178.19438476562493 -14.255468750000034
-178.17802734375 -14.231640624999983
-178.14223632812497 -14.24257812499998
-178.10502929687496 -14.284179687500028
-178.04365234374995 -14.30322265625
-178.04667968749996 -14.318359374999972

-176.17690429687497 -13.340917968749963
-176.19536132812502 -13.301660156250051
-176.17119140625 -13.242578125
-176.14794921875003 -13.221679687500014
-176.12807617187497 -13.268164062499977
-176.16059570312504 -13.3328125

