-8.68310546875 27.11928710937505
-8.682861328124943 26.92133789062504
-8.682617187499972 26.72314453124997
-8.682324218749926 26.497705078124966
-8.682128906249972 26.27319335937497
-8.682128906249972 26.109472656250006
-8.682226562500006 25.995507812499966
-8.885644531249966 25.995507812499966
-9.071923828124994 25.995507812499966
-9.25820312499999 25.995507812499966
-9.444531249999955 25.995507812499966
-9.630859375 25.995507812499966
-9.817187499999932 25.995458984375063
-10.003515624999977 25.995458984375063
-10.189794921875006 25.995458984375063
-10.376123046874937 25.995458984375063
-10.562451171874983 25.995458984375063
-10.748779296875 25.995458984375063
-10.93510742187496 25.995458984375063
-11.121386718749989 25.995458984375063
-11.30771484374992 25.995410156250045
-11.494042968749966 25.995410156250045
-11.680371093749983 25.995410156250045
-11.866650390624926 25.995410156250045
-12.016308593749955 25.995410156250045
-12.016308593749955 25.876318359375034
-12.016308593749955 25.740136718749994
-12.016308593749955 25.60400390624997
-12.016308593749955 25.467871093750034
-12.016308593749955 25.331689453124994
-12.016308593749955 25.19555664062497
-12.016308593749955 25.059375
-12.016308593749955 24.923242187500023
-12.016308593749955 24.787109375
-12.016308593749955 24.650976562499977
-12.016308593749955 24.514794921875023
-12.016308593749955 24.378662109375
-12.016308593749955 24.242480468750074
-12.016308593749955 24.10634765625005
-12.016308593749955 23.97021484375003
-12.016308593749955 23.83403320312499
-12.016308593749955 23.697900390624966
-12.016308593749955 23.57646484374999
-12.0234375 23.467578125000017
-12.083349609374949 23.435449218749966
-12.226171874999977 23.377490234375045
-12.372900390624949 23.318017578125023
-12.559375 23.29082031249999
-12.620410156249932 23.271337890625006
-12.739599609374949 23.192724609374977
-12.895996093749943 23.08955078125001
-13.031494140625 23.00024414062503
-13.120898437499932 22.88408203124999
-13.153271484374955 22.82050781250001
-13.166503906249972 22.753222656250074
-13.155957031249955 22.689306640625006
-13.107324218749994 22.56074218750001
-13.09433593749992 22.495996093749966
-13.086767578124977 22.38325195312501
-13.078466796874977 22.26044921875004
-13.069580078124943 22.128173828125
-13.060644531250006 21.995751953125023
-13.051220703124955 21.85478515624999
-13.041748046874972 21.713818359374955
-13.032226562499972 21.572070312500045
-13.025097656249955 21.466796875
-13.01621093749992 21.33393554687501
-13.167431640624983 21.33378906249999
-13.396728515625 21.333544921875017
-13.626025390624989 21.33325195312497
-13.855371093749994 21.332958984374983
-14.084667968749983 21.33271484375004
-14.313964843749972 21.332421874999966
-14.543261718749989 21.332128906250006
-14.772607421874994 21.331884765625034
-15.001904296874983 21.33159179687499
-15.231201171874972 21.331298828125
-15.460546874999977 21.331054687500057
-15.689794921874977 21.330761718749983
-15.919140624999983 21.330468750000023
-16.14843749999997 21.330224609374966
-16.37773437499996 21.329931640625006
-16.60703124999995 21.329638671875017
-16.836328124999966 21.329394531250074
-16.964550781249955 21.32924804687505
-17.00590820312496 21.142431640625006
-17.042382812500023 21.008007812499955
-17.06396484374997 20.898828125000023
-17.048046874999926 20.806152343750057
-17.098779296874966 20.856884765624983
-17.009619140625006 21.377099609375023
-17.003076171874994 21.420703125000017
-17.00297851562499 21.420751953125034
-16.951123046874983 21.430273437500006
-16.73095703124997 21.4703125
-16.581005859374983 21.481054687500063
-16.190869140624983 21.481054687500063
-16.04101562500003 21.500585937500034
-15.920849609374955 21.500585937500034
-15.750927734374983 21.490820312500006
-15.610791015624955 21.4703125
-15.460937499999972 21.45078125
-15.290966796874983 21.45078125
-15.150878906249943 21.441015624999977
-14.971142578124926 21.441015624999977
-14.840820312499943 21.45078125
-14.750976562500028 21.500585937500034
-14.670849609374955 21.600195312500006
-14.641113281250028 21.680273437500063
-14.610791015624955 21.750585937499977
-14.621093749999943 21.820898437500006
-14.630859374999972 21.8609375
-14.581005859374926 21.910742187500034
-14.520996093749972 21.990869140624994
-14.460888671874983 22.040625
-14.44091796875 22.080664062500006
-14.380810546874926 22.120703124999977
-14.31103515625 22.191015625
-14.270996093750028 22.240820312500034
-14.22119140625 22.310156250000034
-14.210937499999943 22.370703125000034
-14.190869140624955 22.45078125
-14.190869140624955 22.590429687500034
-14.170898437499972 22.760351562500006
-14.141064453124926 22.870703125
-14.121093749999943 22.960546875000034
-14.101074218749943 23.100195312500063
-14.040966796874955 23.340429687500063
-14.020996093749972 23.410742187499977
-13.980908203124983 23.520117187499977
-13.931103515624955 23.620703125000034
-13.89111328125 23.691015624999977
-13.840771484374955 23.750585937500034
-13.770947265624926 23.790625
-13.661083984374926 23.830664062500006
-13.581054687499972 23.870703125
-13.48095703125 23.910742187499977
-13.39111328125 23.941015625
-13.310986328124926 23.981054687500006
-13.28076171875 24.020117187500063
-13.230957031249972 24.090429687500006
-13.161132812499943 24.220312499999977
-13.121093749999972 24.300390625000034
-13.06103515625 24.400976562500034
-12.991162109374955 24.470312500000034
-12.94785156249992 24.49726562500001
-12.9111328125 24.520117187500034
-12.820751953124983 24.570898437500006
-12.710937499999972 24.630468750000063
-12.630810546875011 24.680273437499977
-12.56103515625 24.731054687500034
-12.500976562500028 24.770117187500006
-12.43115234375 24.830664062499977
-12.400878906249972 24.88046875
-12.360839843749972 24.9703125
-12.310986328124955 25.110937499999977
-12.270947265624955 25.260302734375017
-12.23095703125 25.420507812499977
-12.201123046874955 25.520117187500034
-12.170849609375011 25.640234374999977
-12.130859374999943 25.731054687500006
-12.101025390624983 25.830664062500063
-12.0810546875 25.870703125000034
-12.0810546875 25.920507812499977
-12.060986328125011 25.990820312500006
-12.056787109374937 25.99633789062497
-12.030761718749972 26.030859374999977
-11.960888671874955 26.050390625000063
-11.880859374999972 26.070898437500063
-11.7548828125 26.086523437500034
-11.718212890624983 26.104101562499977
-11.699218750000028 26.162695312500006
-11.684521484374955 26.213476562499977
-11.63720703125 26.295507812499977
-11.583984375 26.3609375
-11.553173828124926 26.400976562499977
-11.511669921875011 26.470312499999977
-11.470703125 26.520117187500006
-11.399902343749972 26.583593750000063
-11.337890624999943 26.633398437499977
-11.316845703124926 26.684179687500034
-11.316845703124926 26.744726562500034
-11.361279296875011 26.793554687500034
-11.392578124999972 26.883398437500034
-11.263623046875011 26.910742187500006
-11.150341796874926 26.941015625000034
-11.046826171874983 26.970312499999977
-10.922802734374926 27.010351562500034
-10.830078124999972 27.010351562500034
-10.757763671874983 27.020117187500006
-10.654248046874926 27.000585937500006
-10.55126953125 26.990820312499977
-10.478955078124926 26.960546875000034
-10.354931640624983 26.900976562500063
-10.251464843749943 26.860937499999977
-10.189453125 26.860937499999977
-10.123046874999972 26.880468750000063
-10.066845703124983 26.908789062500063
-10.032714843749972 26.910742187500006
-9.980908203124983 26.890234375
-9.900341796875011 26.850195312500006
-9.817871093749972 26.850195312500006
-9.735351562499972 26.860937499999977
-9.673339843749943 26.910742187500006
-9.56982421875 26.990820312499977
-9.487304687499972 27.050390625000034
-9.413037109374926 27.088476562499977
-9.352978515624955 27.098242187500006
-9.285595703124983 27.098242187500006
-9.208447265624983 27.100195312500063
-9.084423828124955 27.090429687500034
-9.001904296874926 27.090429687500034
-8.889062499999937 27.104101562500063
-8.794873046874926 27.120703125000063
-8.753857421874926 27.150976562500006
-8.753857421874926 27.191015625
-8.774365234374926 27.250585937500063
-8.796826171874983 27.308203124999977
-8.802685546874926 27.360937499999977
-8.788964843749966 27.416552734375017
-8.774365234374926 27.460546875
-8.784570312499966 27.530859375000034
-8.813916015625011 27.613867187499977
-8.817773437499994 27.655908203125023
-8.817822265624983 27.656445312499955
-8.683349609374943 27.656445312499955
-8.683349609374943 27.49023437500003
-8.683349609374943 27.2859375

