53.824804687500034 12.62480468749996
53.918554687500034 12.659423828125
54.18740234375002 12.66401367187504
54.511132812500136 12.552783203125031
54.45 12.5234375
54.41376953125001 12.483300781249994
54.271289062500045 12.446630859374991
54.129492187500034 12.36064453124996
53.718847656250034 12.318994140625009
53.59833984375018 12.342285156250043
53.49941406250002 12.425341796875003
53.315820312499966 12.533154296875026
53.38847656250016 12.601855468749989
53.40390625000009 12.633349609375017
53.43095703124999 12.663574218750043
53.53496093750016 12.715771484375011
53.63847656249999 12.707373046874991
53.763183593750114 12.636816406250006

42.68974609374999 13.673632812500031
42.73496093750009 13.752978515625031
42.781250000000114 13.769287109374972
42.79414062500007 13.766113281250043
42.755859375 13.704296874999969

42.77421875000016 13.950244140624974
42.75605468750001 13.954882812500031
42.69404296875018 14.007910156250006
42.76210937500002 14.067480468749977
42.798339843750114 14.012255859375003
42.78740234374999 13.971484375000045

42.558691406250034 15.281201171874969
42.54902343750001 15.320068359374986
42.569726562499966 15.407324218749991
42.60234375000016 15.43251953124998
42.62451171874994 15.367968749999974
42.610449218750034 15.332275390624986
42.590234374999966 15.303417968749969

52.96435546874994 16.912060546874955
53.025 16.78022460937501
53.08564453125018 16.648388671874983
52.581445312500136 16.470361328125023
52.44843750000001 16.391259765624994
52.327734375000034 16.293554687499977
52.2373046875 16.171386718750057
52.17402343750018 15.956835937500045
52.22207031250002 15.760595703125034
52.21748046875007 15.655517578125028
52.087304687499966 15.585937499999972
51.965820312500114 15.535693359375045
51.83076171875001 15.459277343750017
51.74863281250009 15.440136718750011
51.68154296875002 15.379101562500026
51.60371093750007 15.336816406250023
51.32246093750007 15.226269531249969
51.01513671874994 15.140771484374966
50.52705078125018 15.03818359375002
50.33857421875007 14.927197265624969
50.166894531249966 14.851025390624997
49.906347656250034 14.828125
49.54863281250016 14.722412109375
49.34990234374999 14.637792968749991
49.102929687500136 14.500048828124989
49.04804687500007 14.456445312499994
49.00468749999999 14.355029296875017
48.9287109375 14.267480468750037
48.77998046875007 14.123876953125006
48.668359374999966 14.050146484374991
48.59375 14.046240234374991
48.44902343750016 14.005908203125045
48.27783203125 13.997656249999963
47.98994140625007 14.048095703125014
47.916015625 14.012841796875037
47.855078125000034 13.956933593750009
47.633398437500034 13.858447265625017
47.407714843750114 13.661621093749972
47.242578125000136 13.609375
46.97568359375009 13.547460937499991
46.78886718750016 13.465576171875
46.663476562499966 13.432714843749977
46.50195312499994 13.415576171875031
46.203125000000114 13.423828125000028
45.91972656249999 13.394287109375043
45.65732421875009 13.338720703125006
45.53398437499999 13.233496093749977
45.393554687500114 13.067041015624994
45.16386718749999 12.998291015625014
45.10976562500002 12.93857421875002
45.03867187500009 12.815869140624983
44.88984375000007 12.784179687500014
44.75527343750002 12.76376953125002
44.617773437500034 12.817236328124991
44.35849609375009 12.669140625000026
44.26035156250009 12.644628906250006
44.11152343750001 12.638671875000028
44.005859375000114 12.607666015625014
43.929785156250034 12.61650390624996
43.835351562499966 12.674414062500034
43.634375 12.744482421875006
43.487597656250045 12.698828125000034
43.47529296875018 12.839013671874994
43.23193359375 13.267089843749986
43.28261718750002 13.639843749999983
43.28242187500007 13.692529296874966
43.23408203125007 13.858935546875031
43.08906250000018 14.010986328125014
43.09335937500009 14.203662109375003
43.044824218750136 14.341552734375028
43.00625 14.483105468749997
43.01875000000018 14.520800781250045
43.021093750000034 14.554882812499969
42.94697265625018 14.773144531250026
42.922167968750045 14.817382812499986
42.91298828125002 14.86308593749996
42.93730468749999 14.898046874999977
42.93642578125002 14.938574218749977
42.897070312500034 15.00556640625004
42.85566406250007 15.132958984374966
42.65781250000009 15.232812499999966
42.69785156250009 15.326318359375009
42.736425781250034 15.293554687500006
42.788476562500136 15.26572265625002
42.79902343750018 15.326269531250006
42.79990234375009 15.371630859375003
42.71718750000002 15.654638671875034
42.83964843749999 16.03203124999999
42.79931640624994 16.37177734375001
42.98632812499994 16.509082031250017
43.033593749999966 16.550390624999977
43.06074218750018 16.58662109375001
43.10478515624999 16.664160156249977
43.165039062500114 16.689404296874983
43.18632812499999 16.77099609375
43.184472656249966 16.811816406250045
43.14560546875009 16.846777343749977
43.11650390624999 16.941992187500006
43.12617187500001 17.062451171874955
43.13593750000007 17.11298828125004
43.15595703125007 17.205029296874955
43.22138671875007 17.2392578125
43.236914062500034 17.266455078125034
43.18632812499999 17.32470703125
43.19091796875 17.359375
43.302148437499966 17.456787109375
43.346093750000136 17.48603515625001
43.41796874999994 17.516259765625023
43.474218750000034 17.515917968750045
43.53925781250007 17.49873046875001
43.59726562500009 17.471435546875057
43.653417968750034 17.421875
43.712988281250034 17.365527343750045
43.804296875000034 17.344140624999966
43.86640625000018 17.349609375
43.916992187500114 17.32470703125
43.95966796875018 17.33833007812501
44.008203125000136 17.367480468750017
44.08593749999994 17.365527343750045
44.15595703125001 17.398535156250034
44.35468750000018 17.414355468750045
44.54648437500009 17.404345703125045
44.74677734375007 17.431689453125045
44.94648437500007 17.429589843749966
45.14804687500009 17.427441406249955
45.192773437500136 17.423388671875017
45.23662109374999 17.406201171874983
45.40654296875016 17.319775390624983
45.53535156250001 17.30205078124999
45.79443359374994 17.278417968749977
46.07080078124994 17.253173828125
46.31035156249999 17.231298828124977
46.51347656250016 17.251660156249955
46.682031250000136 17.26855468750003
46.72763671875009 17.26557617187504
46.77851562500018 17.212109374999983
46.879980468750034 17.079003906250023
46.97568359375009 16.953466796875034
47.143554687500114 16.946679687499994
47.25126953124999 16.993945312500017
47.36962890624994 17.060400390624977
47.44179687500002 17.11186523437499
47.525390625 17.31611328125001
47.579589843750114 17.448339843750063
47.70371093750009 17.596826171875023
47.80781250000018 17.721093750000023
47.94550781250007 17.885839843750006
48.02167968750001 17.97695312499999
48.17216796875016 18.156933593749983
48.31582031250002 18.22705078124997
48.59296875000007 18.362402343750006
48.864843750000034 18.495214843749977
49.04199218749994 18.58178710937503
49.19238281249994 18.621337890625
49.445117187500045 18.655322265625017
49.742089843750136 18.69531249999997
50.038964843750136 18.73525390625005
50.35527343749999 18.77778320312501
50.70820312500007 18.825292968750006
50.95 18.857861328124983
51.258398437500034 18.899365234374983
51.51494140624999 18.933886718750017
51.74296874999999 18.964550781249955
51.977636718750034 18.99614257812499
52.021875 18.89628906249999
52.06621093750016 18.79638671874997
52.11044921875009 18.696484374999955
52.154687500000136 18.596582031250023
52.19902343749999 18.496679687500006
52.243261718750034 18.396826171875006
52.2875 18.29692382812499
52.33173828125007 18.19707031249999
52.376074218750034 18.09716796874997
52.420312499999966 17.99731445312497
52.46455078125001 17.897412109374955
52.50888671875009 17.79750976562505
52.553125000000136 17.697607421875034
52.59736328125018 17.597753906250034
52.641699218750034 17.497851562500017
52.68593750000002 17.39794921875
52.72919921875001 17.300390625
52.80058593749999 17.267919921874977
52.84296875000001 17.175683593750023
52.903710937500136 17.043847656249966

