27.282911219573776 -17.677824382511957
27.28652343750008 -17.6728515625
27.336230468750074 -17.617773437499977
27.352929687500023 -17.60234375000003
27.353717405175985 -17.6020241374421

30.494531250000023 -8.507031249999983
30.54277343749999 -8.503906249999972
30.56767578124999 -8.513867187499955
30.569140625000045 -8.537207031250006
30.559765625000068 -8.556152343749957
30.5341796875 -8.578906249999974
30.554882812500068 -8.579785156249983
30.620312500000068 -8.543652343749983
30.654296875000057 -8.506835937499943
30.671679687500045 -8.502734375
30.68144531249999 -8.5140625
30.71113281250001 -8.53369140625
30.79863281249999 -8.56591796875
30.80605468750008 -8.57832031250004
30.971484375000045 -8.74531250000004
31.022070312500034 -8.786523437499994
31.044921875000057 -8.791308593749989
31.084179687500068 -8.776171875000017
31.11347656250001 -8.753906250000014
31.13310546874999 -8.724609375
31.15048828125009 -8.719531250000031
31.165625 -8.738574218750003
31.17851562499999 -8.741992187499989
31.189062500000034 -8.729882812500009
31.198437500000068 -8.65195312500002
31.186038318103726 -8.609961228977866
31.3505859375 -8.60703125000002
31.449218750000114 -8.653906249999977
31.534863281250068 -8.71328125
31.55625 -8.805468749999946
31.612792968750114 -8.86328125
31.673632812500045 -8.908789062500034
31.7 -8.914355468750017
31.74472656250009 -8.903222656249966
31.818066406250125 -8.902246093750037
31.886132812500136 -8.921972656249963
31.918652343750182 -8.9421875
31.921875000000114 -9.019433593750023
31.942578125000068 -9.05400390624996
32.03535156250007 -9.067382812500014
32.12978515625002 -9.073339843749991
32.220898437500125 -9.125585937499977
32.3193359375 -9.134863281249991
32.43320312500009 -9.15634765625002
32.487109375000045 -9.21269531249996
32.6083984375 -9.270507812500014
32.75664062499999 -9.322265624999986
32.86328125000006 -9.380859375000014
32.91992187499994 -9.407421875000011
32.923339843750114 -9.433984375
32.95107421875008 -9.484179687500017
32.97988281250002 -9.5203125
32.98212890625001 -9.573632812500037
32.99599609375008 -9.622851562500031
33.03779296875018 -9.635058593750031
33.07246093750001 -9.638183593749957
33.1044921875 -9.602636718749991
33.14804687500009 -9.603515625
33.19570312500002 -9.626171875
33.21269531249999 -9.683007812500023
33.25 -9.759570312499989
33.310449218750136 -9.811816406249974
33.350976562500136 -9.862207031250023
33.33710937500001 -9.954003906249994
33.31152343750006 -10.037988281249952
33.3935546875 -10.120898437499974
33.500097656250034 -10.199707031249957
33.528906250000034 -10.234667968749974
33.537597656250114 -10.351562499999986
33.553710937500114 -10.391308593749997
33.62617187500007 -10.488574218750003
33.661523437500136 -10.553125
33.65908203125008 -10.590527343749997
33.46474609375002 -10.783105468749966
33.4031250000001 -10.801757812499943
33.34492187500001 -10.812695312499955
33.292773437500045 -10.852343749999946
33.261328125000034 -10.89335937499996
33.272753906250045 -10.915039062500028
33.2932617187501 -10.981152343749997
33.33867187499999 -11.08515625000004
33.379785156250136 -11.157910156250026
33.345507812500045 -11.249121093749963
33.268359375000045 -11.403906249999963
33.23271484374999 -11.417675781250011
33.226367187500045 -11.534863281249997
33.25 -11.577636718750014
33.28828125000001 -11.611132812499989
33.30390625000001 -11.69082031249998
33.30507812500008 -11.8
33.30097656250007 -11.888183593749943
33.25234375000008 -12.112597656250017
33.340136718750045 -12.308300781250011
33.37001953125008 -12.3296875
33.49140625000001 -12.331054687500028
33.512304687500034 -12.347753906249963
33.48320312500016 -12.40341796875002
33.430664062500114 -12.46044921875
33.397949218750114 -12.489843749999949
33.24345703125016 -12.556542968749952
33.021582031250034 -12.63046875
32.975195312500034 -12.701367187499969
32.945605468750045 -12.804394531249997
32.97050781250016 -12.864746093750043
33.000000000000114 -12.89960937500004
32.99042968750001 -12.98945312500004
32.97109375000008 -13.084277343750003
32.97763671875009 -13.158886718750011
32.967578125000045 -13.225
32.938574218750034 -13.257421875
32.89970703124999 -13.357031249999963
32.851855468750045 -13.45703125
32.814062500000034 -13.502734374999989
32.75839843750009 -13.550292968749986
32.670410156250114 -13.590429687499991
32.67207031250007 -13.610351562499972
32.771777343750045 -13.65654296874996
32.797460937500034 -13.688476562499986
32.80673828125009 -13.710253906249989
32.78535156250018 -13.731445312500043
32.76513671875006 -13.761035156250031
32.81103515625006 -13.791601562500034
32.86718750000006 -13.817382812499957
32.920312500000136 -13.883886718750006
32.967578125000045 -13.976855468750031
32.98125 -14.009375
32.99208984375002 -14.022167968750026
33.00927734375006 -14.023730468749989
33.042382812500136 -14.01005859374996
33.10361328125009 -13.959179687499983
33.14804687500009 -13.940917968749986
33.20175781250009 -14.013378906250011
32.987109375000045 -14.084960937500028
32.87451171875006 -14.122460937500023
32.55322265625006 -14.229589843750006
32.27285156250002 -14.323046875000031
32.19990234375001 -14.340820312500014
32.054492187500045 -14.386523437500003
31.98212890625001 -14.414453125
31.72890625000008 -14.496093750000028
31.623046875 -14.536718749999963
31.537890625000045 -14.577148437500028
31.328515625000023 -14.637695312500014
31.130859375 -14.694628906249974
30.91513671875009 -14.753320312500037
30.673339843750057 -14.819140625000031
30.537695312500034 -14.866503906250003
30.44609374999999 -14.907519531250003
30.23183593750008 -14.990332031250006
30.221777343750034 -15.010546875000031
30.225 -15.066894531249972
30.25214843750001 -15.183203125000034
30.3056640625 -15.288867187499974
30.3505859375 -15.349707031250034
30.3798828125 -15.505859374999957
30.396093750000034 -15.643066406250014
30.25068359375001 -15.643457031250009
29.994921875000045 -15.644042968749957
29.729589843750034 -15.644628906249977
29.4873046875 -15.696777343750043
29.287890625000045 -15.77646484375002
29.050585937500017 -15.901171875000017
28.973046875000023 -15.950097656250037
28.91308593749997 -15.98779296875
28.875585937500063 -16.036132812499986
28.856738281250045 -16.142285156250026
28.856738281250045 -16.306152343750014
28.83271484375004 -16.424121093749974
28.760546875000074 -16.53212890625005
28.760644531249994 -16.53193359375001
28.760305576118043 -16.532056516585385
28.681445312500045 -16.508398437500006
28.623242187499983 -16.494921875000017
28.578613281250057 -16.50556640624997
28.559667968750006 -16.521484375000014
28.551562500000045 -16.53642578125003
28.52998046875001 -16.54550781250002
28.496972656250023 -16.54013671874999
28.44140624999997 -16.558105468750014
28.39296875000005 -16.585546875
28.37265625 -16.573339843750006
28.350390625000017 -16.559863281250017
28.314257812500017 -16.54931640625
28.290039062500057 -16.54296875000003
28.29804687500001 -16.567675781250003
28.283496093750045 -16.600585937499957
28.245703125 -16.62988281249997
28.205859375000045 -16.646875
28.174511718750068 -16.65517578124998
28.179492187500017 -16.67861328125005
28.167968750000057 -16.70732421875003
28.13623046874997 -16.735839843749986
28.10625 -16.755078125
28.073437500000068 -16.790039062500014
28.041992187500057 -16.817578125000026
28.008886718750063 -16.824121093750023
27.97480468750004 -16.818847656250014
27.94179687500008 -16.797070312500026
27.917285156250045 -16.782031249999974
27.898925781250057 -16.76943359374998
27.876953125 -16.772949218749986
27.858105468749983 -16.793164062500026
27.825781250000063 -16.81074218749997
27.793554687499977 -16.81904296874997
27.789355468750017 -16.836132812499983
27.817480468750063 -16.868945312500003
27.83125 -16.901464843749977
27.8 -16.917480468750043
27.75332031250005 -16.923242187499966
27.71816406250008 -16.928125
27.70546875000008 -16.93984375
27.71679687499997 -16.95898437499997
27.704003906250023 -16.998046875000014
27.68593750000008 -17.041699218750026
27.68818359375001 -17.06621093749996
27.669238281250045 -17.075
27.641406250000074 -17.068164062500003
27.608984375000034 -17.072851562499977
27.549804687500057 -17.152246093749994
27.471972656250017 -17.24658203125003
27.430859374999983 -17.29980468750003
27.37148437500005 -17.38886718749997
27.34394531250004 -17.45996093749997
27.37246093750008 -17.479199218749983
27.37099609375005 -17.504101562499997
27.354003906250057 -17.528515625
27.337890625000057 -17.55048828125004
27.318457031250006 -17.56367187499997
27.292187500000068 -17.58125
27.255468750000063 -17.609863281249957
27.171679687500045 -17.689257812499974
27.10664062500001 -17.77119140624997
27.09560546875008 -17.80732421875004
27.09443359375001 -17.84775390625002
27.064648437499983 -17.87421875
27.03984374999999 -17.904003906250026
27.018359375000074 -17.927148437500037
27.020800781250017 -17.95839843750001
26.779882812500063 -18.04150390624997
26.57753906250005 -18.02255859375002
26.33339843750005 -17.92929687500002
26.13955078125008 -17.91171875
25.995898437500045 -17.96982421875002
25.86328125000003 -17.951953125000017
25.741601562500023 -17.858203125000017
25.63964843750003 -17.82412109375001
25.55712890625 -17.849511718750023
25.451757812500034 -17.845117187500023
25.258789062500057 -17.79355468749999
25.09218750000005 -17.634375
25.001757812500017 -17.568554687499983
24.932421875000017 -17.54345703125003
24.73291015625003 -17.517773437500026
24.27490234375 -17.481054687500006
24.227148437500034 -17.48955078124996
24.03691406249999 -17.52089843750005
23.79921875000008 -17.560156249999963
23.59492187500001 -17.59941406249996
23.380664062500074 -17.640625
23.18164062500003 -17.47441406249999
22.955859375000017 -17.285742187500006
22.721972656250074 -17.075292968750034
22.545996093750006 -16.91025390624999
22.459472656250057 -16.81513671874997
22.30507812500005 -16.689550781249963
22.193945312500063 -16.628125
22.150683593750045 -16.59716796874997
22.04023437500001 -16.262792968749977
21.979785156250045 -15.95556640625
21.979785156250045 -15.724121093750014
21.97968750000001 -15.403222656250009
21.979589843750006 -15.082324218750003
21.979492187500057 -14.761425781249997
21.97939453125005 -14.440527343749991
21.979296875000017 -14.119628906249986
21.979101562499977 -13.79873046874998
21.979101562499977 -13.47773437500004
21.979003906250057 -13.156835937500034
21.978906250000023 -13.000976562499986
22.209570312500034 -13.000976562499986
22.470996093750017 -13.000976562499986
22.74433593750001 -13.000976562499986
23.041503906250057 -13.000976562499986
23.338671875000045 -13.000976562499986
23.635839843750006 -13.000976562499986
23.84316406250005 -13.000976562499986
23.8974609375 -12.998242187499969
23.962988281250034 -12.988476562500026
23.968066406250017 -12.956933593749994
23.882421875000063 -12.799023437499969
23.88652343749999 -12.743261718749977
23.909375 -12.636132812500009
23.94472656250005 -12.54375
23.991308593750034 -12.422167968750017
23.996484375000023 -12.35068359375002
23.958886718749994 -12.117773437500006
23.96230468750008 -11.987890625
23.973437500000045 -11.852929687499966
23.98388671875003 -11.725
23.970996093750074 -11.635839843749963
23.98681640625 -11.587207031250003
24.0146484375 -11.517675781249963
24.029296875000057 -11.43916015625004
24.046679687500045 -11.405371093749991
24.041406250000023 -11.37412109375002
24.02558593750001 -11.315625
24.010058593750045 -11.184765625
23.98828125000003 -11.002832031249966
23.96650390625004 -10.871777343749997
24.002734375000045 -10.879101562499983
24.078417968750017 -10.891503906250023
24.115136718750023 -10.955664062499949
24.136523437500045 -11.025976562499977
24.187207031250068 -11.029980468749997
24.319921875 -11.071777343749986
24.36572265625003 -11.1298828125
24.396289062500017 -11.255175781249946
24.37792968750003 -11.319335937499972
24.33515625000001 -11.371289062499983
24.37792968750003 -11.417089843749991
24.466601562500045 -11.44765625
24.51855468749997 -11.438476562499986
24.668261718750017 -11.352929687499966
24.728125 -11.337792968749994
24.806347656249983 -11.321191406249994
24.87685546875005 -11.299121093750017
25.075976562500017 -11.260058593749974
25.184863281250017 -11.242968749999946
25.245996093750023 -11.212402343750028
25.28876953125004 -11.212402343750028
25.319335937500057 -11.236914062499963
25.291796875000045 -11.325488281249974
25.282617187500023 -11.404980468750011
25.32070312500005 -11.553515624999974
25.349414062500045 -11.623046875000028
25.413378906250017 -11.673535156250011
25.4599609375 -11.699804687500034
25.51191406250001 -11.753417968750028
25.61884765625004 -11.744140625
25.85488281250008 -11.820117187500031
25.926562500000045 -11.855273437499989
26.025976562500034 -11.890136718749986
26.096386718749983 -11.903222656249994
26.339648437500074 -11.929882812500011
26.42968750000003 -11.94785156250002
26.596386718750068 -11.97207031249998
26.72968750000004 -11.97597656249998
26.82402343749999 -11.965234375
26.890429687500017 -11.94355468750004
26.93085937500001 -11.919335937499994
26.94960937499999 -11.89882812499998
26.976855468750045 -11.824609374999966
27.026660156250074 -11.663769531249969
27.04609375000004 -11.615917968749997
27.09541015625004 -11.59375
27.159179687500057 -11.579199218749977
27.196386718750006 -11.605078125
27.238085937500074 -11.783496093750031
27.423632812500017 -11.944531249999969
27.487011718750068 -12.079687499999977
27.53339843750001 -12.195312499999986
27.573828124999977 -12.227050781249972
27.644335937500045 -12.266796874999983
27.756835937500057 -12.280859375
27.85742187500003 -12.284863281250026
28.06884765625003 -12.368164062499943
28.237304687500057 -12.434570312499972
28.357714843750074 -12.482031249999963
28.412890625000045 -12.518066406250014
28.451464843750074 -12.577441406250031
28.474414062500045 -12.623339843749974
28.51123046875 -12.742187500000028
28.550878906250006 -12.836132812499983
28.61542968750001 -12.854101562500006
28.672949218750006 -12.861328124999957
28.730078125 -12.925488281249983
28.773144531250068 -12.981933593750014
28.858789062500023 -13.11943359374996
28.921679687500045 -13.214648437500003
28.94228515625005 -13.307128906250014
29.014257812499977 -13.368847656249969
29.111621093750017 -13.395117187499991
29.20185546875001 -13.398339843750037
29.25371093749999 -13.370800781250011
29.3818359375 -13.32285156250002
29.481445312500057 -13.267968750000023
29.554199218750057 -13.248925781249966
29.59716796875 -13.260546875000031
29.63027343750008 -13.29853515625004
29.647656250000068 -13.372949218750009
29.651757812500023 -13.414355468750003
29.722656250000057 -13.453808593749969
29.775195312500045 -13.438085937499963
29.795312500000023 -13.392773437499969
29.79648437500009 -13.369726562499977
29.79628906250008 -13.167480468749986
29.79609375000001 -12.992089843750051
29.795800781250023 -12.827050781249994
29.79560546875001 -12.625878906250051
29.79550781250009 -12.450585937500037
29.795312500000023 -12.306152343750014
29.79511718750001 -12.155468749999955
29.749609375000034 -12.164062500000014
29.691992187500034 -12.198339843749991
29.55976562500001 -12.202441406250017
29.50820312500008 -12.22822265625004
29.49199218749999 -12.266894531250003
29.50224609374999 -12.317578125000026
29.5048828125 -12.386132812499966
29.485546875000068 -12.418457031249972
29.42753906249999 -12.43125
29.34375 -12.404785156249943
29.191210937500074 -12.370214843750006
29.06435546875005 -12.348828125
28.973437500000017 -12.257812500000028
28.85 -12.120507812500023
28.769433593750023 -12.051269531249957
28.574609375000023 -11.908105468750009
28.541601562500063 -11.879199218749989
28.482519531250006 -11.81210937499999
28.431835937499983 -11.698339843749991
28.40703124999999 -11.622851562499989
28.383398437500063 -11.566699218750003
28.357226562500074 -11.483007812500006
28.40419921875005 -11.354394531250009
28.4703125 -11.10957031250004
28.51796875000005 -10.93320312499999
28.544238281250074 -10.802343749999977
28.638867187500068 -10.669238281249946
28.6455078125 -10.550195312500037
28.607421875000057 -10.39736328124998
28.6171875 -10.312988281250028
28.623535156250057 -10.098828125000011
28.62890625 -9.91875
28.63007812500004 -9.83125
28.60419921875001 -9.678808593749963
28.54052734375003 -9.51005859374996
28.400195312500017 -9.275
28.400683593750045 -9.224804687500026
28.484277343750023 -9.169433593750028
28.616503906250045 -9.072265624999943
28.68125 -9.014648437500014
28.75878906249997 -8.9326171875
28.793554687500063 -8.891015624999966
28.86953125000008 -8.78583984375004
28.917773437500045 -8.70058593749998
28.93447265625008 -8.59023437499998
28.89814453125004 -8.485449218750034
28.972265625000034 -8.464941406250034
29.215625 -8.42783203125002
29.48378906250008 -8.386914062500026
29.766210937500034 -8.34375
30.05136718750009 -8.300292968749972
30.327539062500023 -8.258203125
30.577132508448415 -8.220141097946225
30.57343750000001 -8.262304687499963
30.549121093750045 -8.312597656249991
30.507714843750023 -8.331738281249983
30.478125 -8.354980468750014
30.460546875000034 -8.382324218749986
30.44765625000008 -8.449121093750009
30.464453125000034 -8.498144531249949

